Linux 6.6.23 (eternity5) 	2025년 05월 29일 	_x86_64_	(40 CPU)

14시 40분 44초 kbmemfree   kbavail kbmemused  %memused kbbuffers  kbcached  kbcommit   %commit  kbactive   kbinact   kbdirty
14시 40분 45초  64294376  64038708   1314300      2.00       244    214712   1008012      1.51     70788    185468      5640
14시 40분 46초  64294268  64038600   1314408      2.00       244    214708   1008012      1.51     70768    184008      5696
14시 40분 47초  64294120  64038452   1314556      2.00       244    214712   1008012      1.51     70768    184008      5700
14시 40분 48초  64294400  64038732   1314276      2.00       244    214720   1008012      1.51     70768    184008      5708
14시 40분 49초  64294400  64038732   1314276      2.00       244    214724   1008012      1.51     70768    184008      5712
14시 40분 50초  64294432  64038764   1314244      2.00       244    214732   1008012      1.51     70768    184008      5704
14시 40분 51초  64294192  64038524   1314484      2.00       244    214736   1008012      1.51     70768    184008      5708
14시 40분 52초  64294136  64038468   1314540      2.00       244    214736   1008012      1.51     70768    184008      5708
14시 40분 53초  64294196  64038528   1314480      2.00       244    214744   1008012      1.51     70768    184008      5716
14시 40분 54초  64294196  64038528   1314480      2.00       244    214748   1008012      1.51     70768    184008      5720
14시 40분 55초  64293988  64038320   1314688      2.00       244    214756   1008012      1.51     70768    184008      5728
14시 40분 56초  64293988  64038320   1314688      2.00       244    214760   1008012      1.51     70768    184008      5732
14시 40분 57초  64293988  64038320   1314688      2.00       244    214764   1008012      1.51     70768    184008      5736
14시 40분 58초  64287424  64031780   1321252      2.01       244    214784   1015548      1.52     70796    189828      5888
14시 40분 59초  64291620  64036052   1317056      2.01       244    214908   1008012      1.51     70836    184168      6012
14시 41분 00초  64291620  64036052   1317056      2.01       244    214912   1008012      1.51     70836    184168      6016
14시 41분 01초  64291620  64036052   1317056      2.01       244    214912   1008012      1.51     70836    184168      6016
14시 41분 02초  64291740  64036156   1316936      2.01       244    214924   1008012      1.51     70836    184168      6028
14시 41분 03초  64292628  64037044   1316048      2.01       244    214928   1008012      1.51     70832    184288      6032
14시 41분 04초  64292540  64036948   1316136      2.01       244    214936   1008012      1.51     70836    184120      6368
14시 41분 05초  64292580  64036988   1316096      2.01       244    214940   1008012      1.51     70836    184120      6372
14시 41분 06초  64292916  64037324   1315760      2.01       244    214944   1008012      1.51     70836    184120      6376
14시 41분 07초  64292916  64037324   1315760      2.01       244    214948   1008012      1.51     70836    184120      6380
14시 41분 08초  64292680  64037088   1315996      2.01       244    214960   1008012      1.51     70836    184120      6392
14시 41분 09초  64292680  64037088   1315996      2.01       244    214960   1008012      1.51     70836    184120      6392
14시 41분 10초  64292932  64037340   1315744      2.01       244    214964   1008012      1.51     70836    184120       136
14시 41분 11초  64292932  64037340   1315744      2.01       244    214968   1008012      1.51     70836    184120       140
14시 41분 12초  64292932  64037340   1315744      2.01       244    214980   1008012      1.51     70836    184120       156
14시 41분 13초  64292932  64037340   1315744      2.01       244    214984   1008012      1.51     70836    184120       160
14시 41분 14초  64292932  64037356   1315744      2.01       244    214988   1008012      1.51     70836    184152       164
14시 41분 15초  64292932  64037356   1315744      2.01       244    214992   1008012      1.51     70836    184152       168
14시 41분 16초  64293184  64037612   1315492      2.01       244    215004   1008012      1.51     70836    184160        48
14시 41분 17초  64293184  64037612   1315492      2.01       244    215012   1008012      1.51     70836    184160        56
14시 41분 18초  64293184  64037612   1315492      2.01       244    215012   1008012      1.51     70836    184160        56
14시 41분 19초  64293184  64037612   1315492      2.01       244    215016   1008012      1.51     70836    184160        60
14시 41분 20초  64293184  64037612   1315492      2.01       244    215016   1008012      1.51     70836    184160        60
14시 41분 21초  64293184  64037612   1315492      2.01       244    215028   1008012      1.51     70836    184160        72
14시 41분 22초  64292932  64037360   1315744      2.01       244    215036   1008012      1.51     70836    184160        80
14시 41분 23초  64293136  64037564   1315540      2.01       244    215040   1008012      1.51     70836    184160        84
14시 41분 24초  64293136  64037564   1315540      2.01       244    215044   1008012      1.51     70836    184160        88
14시 41분 25초  64293136  64037564   1315540      2.01       244    215048   1008012      1.51     70836    184160        92
14시 41분 26초  64293136  64037564   1315540      2.01       244    215052   1008012      1.51     70836    184160        96
14시 41분 27초  64293136  64037564   1315540      2.01       244    215056   1008012      1.51     70836    184160       100
14시 41분 28초  64293136  64037564   1315540      2.01       244    215064   1008012      1.51     70836    184160       108
14시 41분 29초  64293136  64037564   1315540      2.01       244    215068   1008012      1.51     70836    184160       112
14시 41분 30초  64293136  64037564   1315540      2.01       244    215072   1008012      1.51     70836    184160       116
14시 41분 31초  64293136  64037564   1315540      2.01       244    215080   1008012      1.51     70836    184160       108
14시 41분 32초  64293136  64037564   1315540      2.01       244    215084   1008012      1.51     70836    184180       128
14시 41분 33초  64293136  64037564   1315540      2.01       244    215088   1008012      1.51     70836    184180       132
14시 41분 34초  64292884  64037312   1315792      2.01       244    215096   1008012      1.51     70836    184180       140
14시 41분 35초  64292884  64037312   1315792      2.01       244    215100   1008012      1.51     70836    184180       144
14시 41분 36초  64292884  64037312   1315792      2.01       244    215104   1008012      1.51     70836    184180       148
14시 41분 37초  64293136  64037588   1315540      2.01       244    215108   1008012      1.51     70836    184228       152
14시 41분 38초  64293136  64037588   1315540      2.01       244    215112   1008012      1.51     70836    184228       156
14시 41분 39초  64293136  64037588   1315540      2.01       244    215116   1008012      1.51     70836    184228       160
14시 41분 40초  64293136  64037588   1315540      2.01       244    215128   1008012      1.51     70836    184228       172
14시 41분 41초  64293136  64037588   1315540      2.01       244    215132   1008012      1.51     70836    184228       176
14시 41분 42초  64293136  64037588   1315540      2.01       244    215136   1008012      1.51     70836    184228       180
14시 41분 43초  64293136  64037588   1315540      2.01       244    215136   1008012      1.51     70836    184228       180
14시 41분 44초  64293136  64037588   1315540      2.01       244    215140   1008012      1.51     70836    184228       184
14시 41분 45초  64293156  64037608   1315520      2.01       244    215152   1008012      1.51     70836    184228       196
14시 41분 46초  64293156  64037608   1315520      2.01       244    215156   1008012      1.51     70836    184228        16
14시 41분 47초  64293156  64037608   1315520      2.01       244    215160   1008012      1.51     70836    184228        32
14시 41분 48초  64293156  64037608   1315520      2.01       244    215160   1008012      1.51     70836    184228        32
14시 41분 49초  64293156  64037608   1315520      2.01       244    215176   1008012      1.51     70836    184228        52
14시 41분 50초  64293156  64037608   1315520      2.01       244    215184   1008012      1.51     70836    184228        60
14시 41분 51초  64292904  64037356   1315772      2.01       244    215184   1008012      1.51     70836    184228        60
14시 41분 52초  64292904  64037356   1315772      2.01       244    215184   1008012      1.51     70836    184228        60
14시 41분 53초  64292904  64037356   1315772      2.01       244    215184   1008012      1.51     70836    184228        60
14시 41분 54초  64292904  64037388   1315772      2.01       244    215200   1008012      1.51     70836    184288        76
14시 41분 55초  64292904  64037388   1315772      2.01       244    215208   1008012      1.51     70836    184288        84
14시 41분 56초  64292904  64037388   1315772      2.01       244    215208   1008012      1.51     70836    184288        84
14시 41분 57초  64292904  64037388   1315772      2.01       244    215208   1008012      1.51     70836    184288        84
14시 41분 58초  64292904  64037388   1315772      2.01       244    215220   1008012      1.51     70836    184288        96
14시 41분 59초  64292904  64037388   1315772      2.01       244    215228   1008012      1.51     70836    184288       104
14시 42분 00초  64292904  64037388   1315772      2.01       244    215232   1008012      1.51     70836    184288       108
14시 42분 01초  64292904  64037388   1315772      2.01       244    215232   1008012      1.51     70836    184288       108
14시 42분 02초  64292936  64037420   1315740      2.01       244    215232   1008012      1.51     70836    184288       108
14시 42분 03초  64292936  64037428   1315740      2.01       244    215244   1008012      1.51     70836    184308       104
14시 42분 04초  64292684  64037176   1315992      2.01       244    215252   1008012      1.51     70836    184308       112
14시 42분 05초  64292684  64037176   1315992      2.01       244    215252   1008012      1.51     70836    184308       112
14시 42분 06초  64292684  64037176   1315992      2.01       244    215264   1008012      1.51     70836    184308       124
14시 42분 07초  64292684  64037176   1315992      2.01       244    215268   1008012      1.51     70836    184308       128
14시 42분 08초  64292684  64037148   1315992      2.01       244    215268   1008012      1.51     70836    184308       128
14시 42분 09초  64292684  64037148   1315992      2.01       244    215276   1008012      1.51     70836    184308       136
14시 42분 10초  64292684  64037148   1315992      2.01       244    215280   1008012      1.51     70836    184308       140
14시 42분 11초  64292684  64037180   1315992      2.01       244    215288   1008012      1.51     70836    184368       148
14시 42분 12초  64292684  64037180   1315992      2.01       244    215288   1008012      1.51     70836    184368       148
14시 42분 13초  64292684  64037180   1315992      2.01       244    215300   1008012      1.51     70836    184368       160
14시 42분 14초  64292684  64037180   1315992      2.01       244    215304   1008012      1.51     70836    184368       164
14시 42분 15초  64292684  64037180   1315992      2.01       244    215308   1008012      1.51     70836    184368       168
14시 42분 16초  64292684  64037180   1315992      2.01       244    215308   1008012      1.51     70836    184368       168
14시 42분 17초  64292684  64037184   1315992      2.01       244    215316   1008012      1.51     70836    184380        28
14시 42분 18초  64292684  64037184   1315992      2.01       244    215324   1008012      1.51     70836    184380        48
14시 42분 19초  64292684  64037184   1315992      2.01       244    215324   1008012      1.51     70836    184380        48
14시 42분 20초  64292684  64037184   1315992      2.01       244    215324   1008012      1.51     70836    184380        48
14시 42분 21초  64292684  64037184   1315992      2.01       244    215340   1008012      1.51     70836    184380        64
14시 42분 22초  64292684  64037184   1315992      2.01       244    215348   1008012      1.51     70836    184380        44
14시 42분 23초  64292684  64037184   1315992      2.01       244    215356   1008012      1.51     70836    184380        52
14시 42분 24초  64292684  64037184   1315992      2.01       244    215360   1008012      1.51     70836    184380        56
14시 42분 25초  64292684  64037184   1315992      2.01       244    215360   1008012      1.51     70836    184380        56
14시 42분 26초  64292432  64036932   1316244      2.01       244    215364   1008012      1.51     70836    184380        60
14시 42분 27초  64292432  64036932   1316244      2.01       244    215376   1008012      1.51     70836    184380        72
14시 42분 28초  64292432  64036932   1316244      2.01       244    215376   1008012      1.51     70836    184380        72
14시 42분 29초  64292432  64036932   1316244      2.01       244    215376   1008012      1.51     70836    184380        72
14시 42분 30초  64292196  64036728   1316480      2.01       244    215388   1008012      1.51     70836    184440        84
14시 42분 31초  64292196  64036728   1316480      2.01       244    215392   1008012      1.51     70836    184440        88
14시 42분 32초  64292196  64036728   1316480      2.01       244    215404   1008012      1.51     70836    184440       100
14시 42분 33초  64292196  64036728   1316480      2.01       244    215408   1008012      1.51     70836    184440       104
14시 42분 34초  64292196  64036712   1316480      2.01       244    215408   1008012      1.51     70836    184764       988
14시 42분 35초  64292196  64036724   1316480      2.01       244    215412   1008012      1.51     70836    184508      1164
14시 42분 36초  64292196  64036724   1316480      2.01       244    215416   1008012      1.51     70836    184508      1168
14시 42분 37초  64292196  64036724   1316480      2.01       244    215416   1008012      1.51     70836    184508      1168
14시 42분 38초  64292196  64036724   1316480      2.01       244    215432   1008012      1.51     70836    184508      1184
14시 42분 39초  64292196  64036724   1316480      2.01       244    215436   1008012      1.51     70836    184508      1188
14시 42분 40초  64292196  64036724   1316480      2.01       244    215440   1008012      1.51     70836    184508      1192
14시 42분 41초  64292196  64036724   1316480      2.01       244    215444   1008012      1.51     70836    184508      1196
14시 42분 42초  64292196  64036724   1316480      2.01       244    215444   1008012      1.51     70836    184508      1196
14시 42분 43초  64292196  64036724   1316480      2.01       244    215444   1008012      1.51     70836    184508      1196
14시 42분 44초  64268508  64013072   1340168      2.04       244    215464   1032816      1.55     70840    207424      1656
14시 42분 45초  64294140  64038780   1314536      2.00       244    215464   1008012      1.51     70836    184780      2664
14시 42분 46초  64294140  64038780   1314536      2.00       244    215472   1008012      1.51     70836    184780      2672
14시 42분 47초  64294140  64038780   1314536      2.00       244    215476   1008012      1.51     70836    184780      2676
14시 42분 48초  64294140  64038780   1314536      2.00       244    215480   1008012      1.51     70836    184780      2680
14시 42분 49초  64294396  64039036   1314280      2.00       244    215488   1008012      1.51     70836    184780      2688
14시 42분 50초  64294396  64039036   1314280      2.00       244    215492   1008012      1.51     70836    184780      2692
14시 42분 51초  64294396  64039036   1314280      2.00       244    215492   1008012      1.51     70836    184780      2692
14시 42분 52초  64270192  64014848   1338484      2.04       244    215512   1033508      1.55     70848    208184      2704
