Linux 6.6.23 (eternity8) 	2025년 05월 29일 	_x86_64_	(40 CPU)

14시 40분 55초 kbmemfree   kbavail kbmemused  %memused kbbuffers  kbcached  kbcommit   %commit  kbactive   kbinact   kbdirty
14시 40분 56초  64061588  63809052   1539124      2.35       372    176376   3278716      4.92    123016    447500      7636
14시 40분 57초  64061844  63809316   1538868      2.35       372    176380   3278716      4.92    123020    447560      7640
14시 40분 58초  64062132  63809604   1538580      2.35       372    176392   3278716      4.92    123020    447492      7652
14시 40분 59초  64062168  63809640   1538544      2.35       372    176396   3278716      4.92    123020    447492      7656
14시 41분 00초  64062312  63809784   1538400      2.35       372    176408   3278716      4.92    123020    447492      7668
14시 41분 01초  64063136  63810684   1537576      2.34       372    176548   3278716      4.92    123152    449340      5332
14시 41분 02초  64063572  63811120   1537140      2.34       372    176556   3278716      4.92    123152    449340      5340
14시 41분 03초  64063516  63811072   1537196      2.34       372    176568   3278716      4.92    123132    447552      5368
14시 41분 04초  64063776  63811332   1536936      2.34       372    176580   3278716      4.92    123132    447552      5380
14시 41분 05초  64063796  63811352   1536916      2.34       372    176596   3278716      4.92    123132    447552      5396
14시 41분 06초  64064048  63811604   1536664      2.34       372    176604   3278716      4.92    123132    447552      5404
14시 41분 07초  64064048  63811628   1536664      2.34       372    176608   3278716      4.92    123132    447604      5408
14시 41분 08초  64064048  63811636   1536664      2.34       372    176624   3278716      4.92    123132    447616      5424
14시 41분 09초  64064048  63811636   1536664      2.34       372    176632   3278716      4.92    123132    447616      5432
14시 41분 10초  64064048  63811636   1536664      2.34       372    176644   3278716      4.92    123132    447616      5444
14시 41분 11초  64064048  63811636   1536664      2.34       372    176656   3278716      4.92    123132    447616      1328
14시 41분 12초  64063796  63811384   1536916      2.34       372    176668   3278716      4.92    123132    447616      1340
14시 41분 13초  64063796  63811384   1536916      2.34       372    176672   3278716      4.92    123132    447616      1344
14시 41분 14초  64063796  63811384   1536916      2.34       372    176684   3278716      4.92    123132    447616      1356
14시 41분 15초  64063796  63811384   1536916      2.34       372    176696   3278716      4.92    123132    447616      1368
14시 41분 16초  64063796  63811384   1536916      2.34       372    176700   3278716      4.92    123132    447616      1348
14시 41분 17초  64064256  63811888   1536456      2.34       372    176712   3278716      4.92    123132    447708      1364
14시 41분 18초  64064272  63811908   1536440      2.34       372    176724   3278716      4.92    123132    447712      1376
14시 41분 19초  64064272  63811908   1536440      2.34       372    176736   3278716      4.92    123132    447712      1388
14시 41분 20초  64063768  63811404   1536944      2.34       372    176748   3278716      4.92    123132    447712      1400
14시 41분 21초  64064020  63811656   1536692      2.34       372    176756   3278716      4.92    123132    447712      1412
14시 41분 22초  64064272  63811908   1536440      2.34       372    176768   3278716      4.92    123132    447712      1276
14시 41분 23초  64064272  63811908   1536440      2.34       372    176776   3278716      4.92    123132    447712      1284
14시 41분 24초  64064524  63812160   1536188      2.34       372    176784   3278716      4.92    123132    447712      1292
14시 41분 25초  64064524  63812160   1536188      2.34       372    176796   3278716      4.92    123132    447712      1304
14시 41분 26초  64063768  63811404   1536944      2.34       372    176808   3278716      4.92    123132    447712      1140
14시 41분 27초  64064020  63811712   1536692      2.34       372    176820   3278716      4.92    123132    447828      1160
14시 41분 28초  64064028  63811724   1536684      2.34       372    176836   3278716      4.92    123132    447832      1180
14시 41분 29초  64064028  63811724   1536684      2.34       372    176840   3278716      4.92    123132    447832      1184
14시 41분 30초  64064028  63811724   1536684      2.34       372    176852   3278716      4.92    123132    447832      1196
14시 41분 31초  64064028  63811724   1536684      2.34       372    176860   3278716      4.92    123132    447832      1204
14시 41분 32초  64063776  63811472   1536936      2.34       372    176872   3278716      4.92    123132    447832      1200
14시 41분 33초  64064280  63811976   1536432      2.34       372    176880   3278716      4.92    123132    447832      1208
14시 41분 34초  64064032  63811728   1536680      2.34       372    176896   3278716      4.92    123132    447832      1224
14시 41분 35초  64064032  63811728   1536680      2.34       372    176904   3278716      4.92    123132    447832      1232
14시 41분 36초  64064032  63811728   1536680      2.34       372    176916   3278716      4.92    123132    447832       188
14시 41분 37초  64064032  63811728   1536680      2.34       372    176920   3278716      4.92    123132    447832       192
14시 41분 38초  64064284  63812020   1536428      2.34       372    176928   3278716      4.92    123132    447916       200
14시 41분 39초  64064284  63812028   1536428      2.34       372    176940   3278716      4.92    123132    447932       212
14시 41분 40초  64064284  63812028   1536428      2.34       372    176952   3278716      4.92    123132    447932       224
14시 41분 41초  64064032  63811776   1536680      2.34       372    176960   3278716      4.92    123132    447932       232
14시 41분 42초  64064032  63811776   1536680      2.34       372    176972   3278716      4.92    123132    447932       244
14시 41분 43초  64064032  63811776   1536680      2.34       372    176984   3278716      4.92    123132    447932       256
14시 41분 44초  64064032  63811776   1536680      2.34       372    176992   3278716      4.92    123132    447932       264
14시 41분 45초  64064032  63811776   1536680      2.34       372    177004   3278716      4.92    123132    447932       276
14시 41분 46초  64064032  63811776   1536680      2.34       372    177012   3278716      4.92    123132    447932       284
14시 41분 47초  64064032  63811776   1536680      2.34       372    177020   3278716      4.92    123132    447932       296
14시 41분 48초  64064052  63811836   1536660      2.34       372    177032   3278716      4.92    123132    448012       312
14시 41분 49초  64063548  63811340   1537164      2.34       372    177048   3278716      4.92    123132    448028       300
14시 41분 50초  64063548  63811340   1537164      2.34       372    177056   3278716      4.92    123132    448028       308
14시 41분 51초  64063548  63811340   1537164      2.34       372    177064   3278716      4.92    123132    448028       316
14시 41분 52초  64063984  63811776   1536728      2.34       372    177076   3278716      4.92    123132    448028       220
14시 41분 53초  64064100  63811892   1536612      2.34       372    177088   3278716      4.92    123132    448028       232
14시 41분 54초  64063596  63811388   1537116      2.34       372    177096   3278716      4.92    123132    448028       240
14시 41분 55초  64063596  63811388   1537116      2.34       372    177104   3278716      4.92    123132    448028       248
14시 41분 56초  64063596  63811388   1537116      2.34       372    177116   3278716      4.92    123132    448028       260
14시 41분 57초  64063596  63811388   1537116      2.34       372    177132   3278716      4.92    123132    448028        96
14시 41분 58초  64063596  63811444   1537116      2.34       372    177136   3278716      4.92    123132    448140       108
14시 41분 59초  64063848  63811696   1536864      2.34       372    177152   3278716      4.92    123132    448140       124
14시 42분 00초  64063848  63811696   1536864      2.34       372    177160   3278716      4.92    123132    448140       132
14시 42분 01초  64063848  63811696   1536864      2.34       372    177168   3278716      4.92    123132    448140       140
14시 42분 02초  64063848  63811696   1536864      2.34       372    177176   3278716      4.92    123132    448140       128
14시 42분 03초  64063596  63811444   1537116      2.34       372    177184   3278716      4.92    123132    448140       136
14시 42분 04초  64063596  63811444   1537116      2.34       372    177200   3278716      4.92    123132    448140       152
14시 42분 05초  64063596  63811444   1537116      2.34       372    177212   3278716      4.92    123132    448140       164
14시 42분 06초  64063596  63811444   1537116      2.34       372    177224   3278716      4.92    123132    448140       176
14시 42분 07초  64063596  63811444   1537116      2.34       372    177228   3278716      4.92    123132    448140       180
14시 42분 08초  64063092  63810956   1537620      2.34       372    177232   3278716      4.92    123132    448168       184
14시 42분 09초  64063092  63810956   1537620      2.34       372    177232   3278716      4.92    123132    448168       184
14시 42분 10초  64063092  63810996   1537620      2.34       372    177264   3278716      4.92    123132    448248       216
14시 42분 11초  64063344  63811248   1537368      2.34       372    177268   3278716      4.92    123132    448248       220
14시 42분 12초  64063344  63811248   1537368      2.34       372    177284   3278716      4.92    123132    448248       236
14시 42분 13초  64063344  63811248   1537368      2.34       372    177292   3278716      4.92    123132    448248       244
14시 42분 14초  64063344  63811248   1537368      2.34       372    177304   3278716      4.92    123132    448248       256
14시 42분 15초  64063344  63811248   1537368      2.34       372    177308   3278716      4.92    123132    448248       260
14시 42분 16초  64063292  63811196   1537420      2.34       372    177320   3278716      4.92    123132    448248       272
14시 42분 17초  64063292  63811196   1537420      2.34       372    177324   3278716      4.92    123132    448248       276
14시 42분 18초  64063292  63811196   1537420      2.34       372    177340   3278716      4.92    123132    448248       276
14시 42분 19초  64063292  63811240   1537420      2.34       372    177348   3278716      4.92    123132    448340       284
14시 42분 20초  64063544  63811492   1537168      2.34       372    177360   3278716      4.92    123132    448340       296
14시 42분 21초  64063544  63811496   1537168      2.34       372    177372   3278716      4.92    123132    448348       308
14시 42분 22초  64063544  63811496   1537168      2.34       372    177376   3278716      4.92    123132    448348       312
14시 42분 23초  64063292  63811244   1537420      2.34       372    177388   3278716      4.92    123132    448348       208
14시 42분 24초  64063796  63811748   1536916      2.34       372    177392   3278716      4.92    123132    448348       212
14시 42분 25초  64063544  63811496   1537168      2.34       372    177416   3278716      4.92    123132    448348       236
14시 42분 26초  64063544  63811496   1537168      2.34       372    177424   3278716      4.92    123132    448348       244
14시 42분 27초  64063544  63811496   1537168      2.34       372    177432   3278716      4.92    123132    448348       252
14시 42분 28초  64063544  63811496   1537168      2.34       372    177436   3278716      4.92    123132    448348       256
14시 42분 29초  64063292  63811300   1537420      2.34       372    177456   3278716      4.92    123132    448456       128
14시 42분 30초  64063544  63811552   1537168      2.34       372    177464   3278716      4.92    123132    448456       136
14시 42분 31초  64063292  63811300   1537420      2.34       372    177480   3278716      4.92    123132    448456       152
14시 42분 32초  64063292  63811300   1537420      2.34       372    177484   3278716      4.92    123132    448456       156
14시 42분 33초  64063040  63811048   1537672      2.34       372    177500   3278716      4.92    123132    448456       120
14시 42분 34초  64063040  63811048   1537672      2.34       372    177508   3278716      4.92    123132    448456       128
14시 42분 35초  64063292  63811300   1537420      2.34       372    177520   3278716      4.92    123132    448456       140
14시 42분 36초  64063040  63811048   1537672      2.34       372    177532   3278716      4.92    123132    448456       152
14시 42분 37초  64063040  63811048   1537672      2.34       372    177540   3278716      4.92    123132    448456       160
14시 42분 38초  64063040  63811048   1537672      2.34       372    177548   3278716      4.92    123132    448456       168
14시 42분 39초  64063292  63811344   1537420      2.34       372    177556   3278716      4.92    123132    448544       176
14시 42분 40초  64063292  63811348   1537420      2.34       372    177560   3278716      4.92    123132    448556       180
14시 42분 41초  64063292  63811348   1537420      2.34       372    177580   3278716      4.92    123132    448556       200
14시 42분 42초  64063292  63811348   1537420      2.34       372    177592   3278716      4.92    123132    448556       212
14시 42분 43초  64063040  63811096   1537672      2.34       372    177596   3278716      4.92    123132    448556       216
14시 42분 44초  64063040  63811096   1537672      2.34       372    177604   3278716      4.92    123132    448556       224
14시 42분 45초  64063040  63811096   1537672      2.34       372    177620   3278716      4.92    123132    448556       240
14시 42분 46초  64063040  63811096   1537672      2.34       372    177628   3278716      4.92    123132    448556       248
14시 42분 47초  64062964  63811048   1537748      2.34       372    177632   3278716      4.92    123140    451520      3796
14시 42분 48초  64063384  63811484   1537328      2.34       372    177652   3278716      4.92    123132    448644      3816
14시 42분 49초  64063384  63811496   1537328      2.34       372    177656   3278716      4.92    123132    448672      3820
14시 42분 50초  64063384  63811496   1537328      2.34       372    177672   3278716      4.92    123132    448676      3836
14시 42분 51초  64063384  63811496   1537328      2.34       372    177680   3278716      4.92    123132    448676      3844
14시 42분 52초  64063384  63811496   1537328      2.34       372    177692   3278716      4.92    123132    448676      3856
14시 42분 53초  64063384  63811496   1537328      2.34       372    177696   3278716      4.92    123132    448676      3864
14시 42분 54초  64063132  63811244   1537580      2.34       372    177708   3278716      4.92    123132    448676      3848
