Linux 6.6.23 (eternity1) 	2025년 05월 29일 	_x86_64_	(40 CPU)

14시 39분 38초 kbmemfree   kbavail kbmemused  %memused kbbuffers  kbcached  kbcommit   %commit  kbactive   kbinact   kbdirty
14시 39분 39초  63654596  63474776   1954276      2.98         0    363760   3021432      4.54     63432    676696      2188
14시 39분 40초  63655312  63475484   1953560      2.98         0    363764   3021432      4.54     63408    675884      2320
14시 39분 41초  63655312  63475484   1953560      2.98         0    363764   3021432      4.54     63408    675884       104
14시 39분 42초  63655396  63475568   1953476      2.98         0    363772   3021432      4.54     63408    675884        20
14시 39분 43초  63655396  63475568   1953476      2.98         0    363780   3021432      4.54     63408    675884        28
14시 39분 44초  63655648  63475820   1953224      2.98         0    363788   3021432      4.54     63408    675884        36
14시 39분 45초  63655900  63476072   1952972      2.98         0    363788   3021432      4.54     63408    675884        52
14시 39분 46초  63655900  63476072   1952972      2.98         0    363792   3021432      4.54     63408    675884        56
14시 39분 47초  63657084  63477260   1951788      2.97         0    363796   3021432      4.54     63412    675776        60
14시 39분 48초  63657876  63478056   1950996      2.97         0    363804   3021432      4.54     63412    675832        68
14시 39분 49초  63658240  63478424   1950632      2.97         0    363808   3021432      4.54     63412    675836        72
14시 39분 50초  63658804  63478996   1950068      2.97         0    363816   3021432      4.54     63412    675808        80
14시 39분 51초  63659000  63479192   1949872      2.97         0    363820   3021432      4.54     63412    675836        84
14시 39분 52초  63659448  63479640   1949424      2.97         0    363824   3021432      4.54     63412    675812         4
14시 39분 53초  63659448  63479640   1949424      2.97         0    363824   3021432      4.54     63412    675812         8
14시 39분 54초  63660672  63480932   1948200      2.97         0    363840   3021432      4.54     63416    675960        32
14시 39분 55초  63661052  63481316   1947820      2.97         0    363840   3021432      4.54     63416    675924        32
14시 39분 56초  63661052  63481320   1947820      2.97         0    363844   3021432      4.54     63416    675928        36
14시 39분 57초  63661052  63481320   1947820      2.97         0    363852   3021432      4.54     63416    675928        44
14시 39분 58초  63661052  63481324   1947820      2.97         0    363860   3021432      4.54     63416    675932        16
14시 39분 59초  63661052  63481324   1947820      2.97         0    363864   3021432      4.54     63416    675932        28
14시 40분 00초  63661052  63481324   1947820      2.97         0    363868   3021432      4.54     63416    675932        48
14시 40분 01초  63659804  63480076   1949068      2.97         0    363868   3022732      4.54     63416    676316        48
14시 40분 02초  63658712  63480372   1950160      2.97         0    365272   3021432      4.54     63908    676668       952
14시 40분 03초  63658960  63480648   1949912      2.97         0    365276   3021432      4.54     63912    676964         8
14시 40분 04초  63659356  63481048   1949516      2.97         0    365280   3021432      4.54     63912    676944        24
14시 40분 05초  63659472  63481164   1949400      2.97         0    365280   3021432      4.54     63912    676924        24
14시 40분 06초  63659472  63481164   1949400      2.97         0    365288   3021432      4.54     63912    676924        32
14시 40분 07초  63659600  63481292   1949272      2.97         0    365296   3021432      4.54     63912    676896        40
14시 40분 08초  63660360  63482076   1948512      2.97         0    365304   3019120      4.53     63900    675560       324
14시 40분 09초  63660360  63482080   1948512      2.97         0    365308   3019120      4.53     63900    675564       288
14시 40분 10초  63650204  63471936   1958668      2.99         0    365320   3031840      4.55     63892    685920       428
14시 40분 11초  63646148  63468140   1962724      2.99         0    365584   3031584      4.55     64028    685448      1528
14시 40분 12초  63652812  63474812   1956060      2.98         0    365576   3020588      4.53     64040    676764      1796
14시 40분 13초  63652844  63474844   1956028      2.98         0    365584   3020588      4.53     64040    676756      1804
14시 40분 14초  63653336  63475336   1955536      2.98         0    365588   3020588      4.53     64040    676740         4
14시 40분 15초  63654000  63476000   1954872      2.98         0    365592   3020588      4.53     64040    676764        20
14시 40분 16초  63654252  63476252   1954620      2.98         0    365600   3020460      4.53     64040    676400        28
14시 40분 17초  63654252  63476252   1954620      2.98         0    365604   3020588      4.53     64040    676824        32
14시 40분 18초  63653484  63475484   1955388      2.98         0    365612   3020588      4.53     64040    676740        40
14시 40분 19초  63653636  63475636   1955236      2.98         0    365616   3020588      4.53     64040    676716        44
14시 40분 20초  63652504  63474504   1956368      2.98         0    365616   3020588      4.53     64040    676776        44
14시 40분 21초  63652520  63474520   1956352      2.98         0    365616   3020588      4.53     64040    676776        44
14시 40분 22초  63652524  63474524   1956348      2.98         0    365632   3020588      4.53     64040    676776        60
14시 40분 23초  63652556  63474556   1956316      2.98         0    365636   3020588      4.53     64040    676776        64
14시 40분 24초  63652556  63474556   1956316      2.98         0    365640   3020588      4.53     64040    676776        68
14시 40분 25초  63652556  63474556   1956316      2.98         0    365640   3020588      4.53     64040    676412        68
14시 40분 26초  63638480  63460544   1970392      3.00         0    365664   3036108      4.56     64040    690584       888
14시 40분 27초  63640504  63462724   1968368      3.00         0    365808   3036500      4.56     64048    690648      1656
14시 40분 28초  63632844  63455096   1976028      3.01         0    365840   3036500      4.56     64044    691064      1952
14시 40분 29초  63637768  63460000   1971104      3.00         0    365840   3038336      4.56     64040    693424      2268
14시 40분 30초  63630152  63452420   1978720      3.02         0    365856   3038768      4.56     64048    693884      2820
14시 40분 31초  63634260  63456536   1974612      3.01         0    365860   3039744      4.56     64052    694484      1172
14시 40분 32초  63645008  63467288   1963864      2.99         0    365876   3020588      4.53     64032    677072      1328
14시 40분 33초  63645872  63468160   1963000      2.99         0    365880   3020588      4.53     64036    677040      1332
14시 40분 34초  63645872  63468160   1963000      2.99         0    365884   3020588      4.53     64036    677104      1336
14시 40분 35초  63645880  63468168   1962992      2.99         0    365892   3020588      4.53     64036    677092      1344
14시 40분 36초  63645880  63468168   1962992      2.99         0    365900   3020588      4.53     64036    677044      1352
14시 40분 37초  63645760  63468048   1963112      2.99         0    365900   3020588      4.53     64036    677060      1352
14시 40분 38초  63645928  63468216   1962944      2.99         0    365904   3020588      4.53     64036    677104      1356
14시 40분 39초  63645840  63468128   1963032      2.99         0    365908   3020588      4.53     64036    677056      1360
14시 40분 40초  63645476  63467764   1963396      2.99         0    365916   3020588      4.53     64036    677100      1368
14시 40분 41초  63644496  63466784   1964376      2.99         0    365924   3020588      4.53     64032    676892      1376
14시 40분 42초  63644552  63466844   1964320      2.99         0    365932   3020588      4.53     64036    677060      1384
14시 40분 43초  63644420  63466712   1964452      2.99         0    365936   3020588      4.53     64036    677052      1388
14시 40분 44초  63644544  63466892   1964328      2.99         0    365940   3020588      4.53     64036    677192      1392
14시 40분 45초  63645276  63467624   1963596      2.99         0    365944   3020588      4.53     64036    677416      1396
14시 40분 46초  63644924  63467300   1963948      2.99         0    365952   3020588      4.53     64036    677192      1404
14시 40분 47초  63645068  63467452   1963804      2.99         0    365956   3020588      4.53     64036    677216      1408
14시 40분 48초  63645100  63467484   1963772      2.99         0    365960   3020588      4.53     64036    677136      1412
14시 40분 49초  63645224  63467608   1963648      2.99         0    365964   3020588      4.53     64036    677144      1416
14시 40분 50초  63645120  63467508   1963752      2.99         0    365976   3020588      4.53     64036    677232      1428
14시 40분 51초  63645000  63467388   1963872      2.99         0    365980   3020588      4.53     64036    677192      1432
14시 40분 52초  63645276  63467664   1963596      2.99         0    365984   3020588      4.53     64036    677184      1436
14시 40분 53초  63645168  63467556   1963704      2.99         0    365988   3020588      4.53     64036    677164      1440
14시 40분 54초  63645192  63467580   1963680      2.99         0    365992   3020588      4.53     64036    677192      1444
14시 40분 55초  63645100  63467488   1963772      2.99         0    366000   3020588      4.53     64036    677188      1452
14시 40분 56초  63622016  63444404   1986856      3.03         0    366020   3046152      4.57     64056    700940      1696
14시 40분 57초  63642084  63464684   1966788      3.00         0    366232   3020588      4.53     64124    677268      1884
14시 40분 58초  63649980  63472600   1958892      2.99         0    366240   3020588      4.53     64124    677296      1892
14시 40분 59초  63649856  63472532   1959016      2.99         0    366248   3020588      4.53     64124    677336      1900
14시 41분 00초  63651464  63474144   1957408      2.98         0    366256   3020588      4.53     64124    677404      1908
14시 41분 01초  63632308  63454996   1976564      3.01         0    366260   3046624      4.57     64124    701760       428
14시 41분 02초  63654136  63476860   1954736      2.98         0    366296   3020172      4.53     64484    676484      1580
14시 41분 03초  63655384  63478108   1953488      2.98         0    366300   3020172      4.53     64484    676484      1584
14시 41분 04초  63655524  63478248   1953348      2.98         0    366308   3020172      4.53     64484    676484      1592
14시 41분 05초  63655528  63478252   1953344      2.98         0    366316   3020172      4.53     64484    676484      1600
14시 41분 06초  63655528  63478252   1953344      2.98         0    366320   3020172      4.53     64484    676484      1604
14시 41분 07초  63655528  63478252   1953344      2.98         0    366324   3020172      4.53     64484    676484      1540
14시 41분 08초  63655528  63478252   1953344      2.98         0    366332   3020172      4.53     64484    676484      1552
14시 41분 09초  63655528  63478252   1953344      2.98         0    366340   3020172      4.53     64484    676484      1560
14시 41분 10초  63655528  63478252   1953344      2.98         0    366344   3020172      4.53     64484    676484      1564
14시 41분 11초  63655528  63478252   1953344      2.98         0    366344   3020172      4.53     64484    676484      1564
14시 41분 12초  63655544  63478268   1953328      2.98         0    366348   3020172      4.53     64484    676484      1568
14시 41분 13초  63655544  63478268   1953328      2.98         0    366352   3020172      4.53     64484    676484      1572
14시 41분 14초  63655292  63478016   1953580      2.98         0    366368   3020172      4.53     64484    676484      1588
14시 41분 15초  63655292  63478076   1953580      2.98         0    366372   3020172      4.53     64484    676544      1592
14시 41분 16초  63655292  63478076   1953580      2.98         0    366376   3020172      4.53     64484    676544      1596
14시 41분 17초  63655292  63478076   1953580      2.98         0    366376   3020172      4.53     64484    676544      1596
14시 41분 18초  63655292  63478076   1953580      2.98         0    366388   3020172      4.53     64484    676544      1608
14시 41분 19초  63655292  63478076   1953580      2.98         0    366392   3020172      4.53     64484    676544      1612
14시 41분 20초  63655292  63478076   1953580      2.98         0    366396   3020172      4.53     64484    676544      1616
14시 41분 21초  63655292  63478076   1953580      2.98         0    366396   3020172      4.53     64484    676544      1616
14시 41분 22초  63655296  63478084   1953576      2.98         0    366408   3020172      4.53     64484    676548         4
14시 41분 23초  63655296  63478084   1953576      2.98         0    366412   3020172      4.53     64484    676548        20
14시 41분 24초  63655296  63478084   1953576      2.98         0    366420   3020172      4.53     64484    676548        28
14시 41분 25초  63655296  63478084   1953576      2.98         0    366424   3020172      4.53     64484    676548        32
14시 41분 26초  63655044  63477832   1953828      2.98         0    366428   3020172      4.53     64484    676548        36
14시 41분 27초  63655044  63477832   1953828      2.98         0    366436   3020172      4.53     64484    676548        44
14시 41분 28초  63655044  63477832   1953828      2.98         0    366440   3020172      4.53     64484    676548        32
14시 41분 29초  63655044  63477832   1953828      2.98         0    366440   3020172      4.53     64484    676548        36
14시 41분 30초  63655044  63477892   1953828      2.98         0    366448   3020172      4.53     64484    676608        44
14시 41분 31초  63655044  63477892   1953828      2.98         0    366452   3020172      4.53     64484    676608        48
14시 41분 32초  63654912  63477848   1953960      2.98         0    366508   3020172      4.53     64516    676752        56
14시 41분 33초  63654912  63477848   1953960      2.98         0    366512   3020172      4.53     64516    676752         8
14시 41분 34초  63654912  63477848   1953960      2.98         0    366520   3020172      4.53     64516    676752        28
14시 41분 35초  63654912  63477848   1953960      2.98         0    366524   3020172      4.53     64516    676752        32
14시 41분 36초  63654912  63477848   1953960      2.98         0    366524   3020172      4.53     64516    676752        32
14시 41분 37초  63654912  63477848   1953960      2.98         0    366524   3020172      4.53     64516    676752        32
14시 41분 38초  63654912  63477848   1953960      2.98         0    366540   3020172      4.53     64516    676756         8
14시 41분 39초  63654660  63477596   1954212      2.98         0    366544   3020172      4.53     64516    676756        24
14시 41분 40초  63654660  63477596   1954212      2.98         0    366548   3020172      4.53     64516    676756        28
14시 41분 41초  63654660  63477596   1954212      2.98         0    366548   3020172      4.53     64516    676756        28
14시 41분 42초  63654672  63477676   1954200      2.98         0    366628   3020172      4.53     64536    676728        40
14시 41분 43초  63654900  63477952   1953972      2.98         0    366636   3020172      4.53     64536    676788        48
14시 41분 44초  63654900  63477952   1953972      2.98         0    366640   3020172      4.53     64536    676788        12
14시 41분 45초  63654900  63477952   1953972      2.98         0    366640   3020172      4.53     64536    676788        20
14시 41분 46초  63654900  63477952   1953972      2.98         0    366652   3020172      4.53     64536    676788        32
14시 41분 47초  63654900  63477952   1953972      2.98         0    366660   3020172      4.53     64536    676788        40
14시 41분 48초  63654900  63477952   1953972      2.98         0    366664   3020172      4.53     64536    676788        44
14시 41분 49초  63654900  63477952   1953972      2.98         0    366664   3020172      4.53     64536    676788        44
14시 41분 50초  63654900  63477952   1953972      2.98         0    366672   3020172      4.53     64536    676788        20
14시 41분 51초  63654900  63477952   1953972      2.98         0    366680   3020172      4.53     64536    676788        28
14시 41분 52초  63654900  63477952   1953972      2.98         0    366688   3020172      4.53     64536    676788        36
14시 41분 53초  63654900  63477952   1953972      2.98         0    366688   3020172      4.53     64536    676788        36
14시 41분 54초  63654900  63477952   1953972      2.98         0    366692   3020172      4.53     64536    676788        40
14시 41분 55초  63654900  63477972   1953972      2.98         0    366696   3020172      4.53     64536    676816        12
14시 41분 56초  63654900  63477972   1953972      2.98         0    366704   3020172      4.53     64536    676816        28
14시 41분 57초  63654900  63477972   1953972      2.98         0    366704   3020172      4.53     64536    676816        28
14시 41분 58초  63655568  63478688   1953304      2.98         0    366724   3017364      4.53     64528    675776       652
14시 41분 59초  63654976  63478216   1953896      2.98         0    366840   3015240      4.53     64524    674024       908
14시 42분 00초  63654724  63477964   1954148      2.98         0    366848   3015240      4.53     64524    674024        20
14시 42분 01초  63654724  63477964   1954148      2.98         0    366856   3015240      4.53     64524    674024        40
14시 42분 02초  63653936  63477224   1954936      2.98         0    366896   3015240      4.53     64524    674076       804
14시 42분 03초  63653684  63476972   1955188      2.98         0    366900   3015240      4.53     64524    674076       808
14시 42분 04초  63653684  63476972   1955188      2.98         0    366904   3015240      4.53     64524    674076       812
14시 42분 05초  63653736  63477024   1955136      2.98         0    366908   3015240      4.53     64524    674076       816
14시 42분 06초  63653736  63477024   1955136      2.98         0    366920   3015240      4.53     64524    674076       828
14시 42분 07초  63653736  63477024   1955136      2.98         0    366924   3015240      4.53     64524    674076       832
14시 42분 08초  63653736  63477024   1955136      2.98         0    366928   3015240      4.53     64524    674076       836
14시 42분 09초  63653736  63477024   1955136      2.98         0    366932   3015240      4.53     64524    674076       840
14시 42분 10초  63653736  63477024   1955136      2.98         0    366936   3015240      4.53     64524    674076       844
14시 42분 11초  63653736  63477024   1955136      2.98         0    366944   3015240      4.53     64524    674076       852
14시 42분 12초  63653736  63477024   1955136      2.98         0    366948   3015240      4.53     64524    674076       856
14시 42분 13초  63653736  63477024   1955136      2.98         0    366948   3015240      4.53     64524    674076       856
14시 42분 14초  63653976  63477268   1954896      2.98         0    366956   3015240      4.53     64524    674080       864
14시 42분 15초  63653984  63477276   1954888      2.98         0    366964   3015240      4.53     64524    674080       872
14시 42분 16초  63653732  63477024   1955140      2.98         0    366972   3015240      4.53     64524    674080       880
14시 42분 17초  63653732  63477024   1955140      2.98         0    366972   3015240      4.53     64524    674080       880
14시 42분 18초  63653732  63477024   1955140      2.98         0    366984   3015240      4.53     64524    674080       892
14시 42분 19초  63653732  63477024   1955140      2.98         0    366988   3015240      4.53     64524    674080       896
14시 42분 20초  63653748  63477040   1955124      2.98         0    366996   3015240      4.53     64524    674080       904
14시 42분 21초  63653748  63477040   1955124      2.98         0    367000   3015240      4.53     64524    674080       908
14시 42분 22초  63653544  63476836   1955328      2.98         0    367004   3015240      4.53     64524    674080       912
14시 42분 23초  63653544  63476836   1955328      2.98         0    367008   3015240      4.53     64524    674080       916
14시 42분 24초  63653544  63476836   1955328      2.98         0    367016   3015240      4.53     64524    674080       924
14시 42분 25초  63653544  63476836   1955328      2.98         0    367020   3015240      4.53     64524    674080       928
14시 42분 26초  63653544  63476836   1955328      2.98         0    367028   3015240      4.53     64524    674080       936
14시 42분 27초  63653544  63476836   1955328      2.98         0    367028   3015240      4.53     64524    674080       936
14시 42분 28초  63653544  63476836   1955328      2.98         0    367032   3015240      4.53     64524    674080       940
14시 42분 29초  63653544  63476836   1955328      2.98         0    367036   3015240      4.53     64524    674080       944
14시 42분 30초  63653544  63476896   1955328      2.98         0    367048   3015240      4.53     64524    674140       956
14시 42분 31초  63653544  63476920   1955328      2.98         0    367052   3015240      4.53     64524    674164       768
14시 42분 32초  63653544  63476920   1955328      2.98         0    367056   3015240      4.53     64524    674164       784
14시 42분 33초  63653544  63476920   1955328      2.98         0    367060   3015240      4.53     64524    674164       788
14시 42분 34초  63653544  63476920   1955328      2.98         0    367068   3015240      4.53     64524    674164       796
14시 42분 35초  63653544  63476920   1955328      2.98         0    367076   3015240      4.53     64524    674164       804
14시 42분 36초  63653544  63476928   1955328      2.98         0    367076   3015240      4.53     64524    674172        40
14시 42분 37초  63653544  63476964   1955328      2.98         0    367116   3015240      4.53     64540    674192        40
14시 42분 38초  63653796  63477216   1955076      2.98         0    367132   3015240      4.53     64540    674192        52
14시 42분 39초  63653796  63477216   1955076      2.98         0    367140   3015240      4.53     64540    674192        60
14시 42분 40초  63653796  63477216   1955076      2.98         0    367152   3015240      4.53     64540    674192        64
14시 42분 41초  63653796  63477216   1955076      2.98         0    367152   3015240      4.53     64540    674192        64
14시 42분 42초  63632620  63456064   1976252      3.01         0    367176   3038132      4.56     64552    695340      1052
14시 42분 43초  63653756  63477468   1955116      2.98         0    367300   3015788      4.53     64540    675116      1524
14시 42분 44초  63654460  63478172   1954412      2.98         0    367304   3015788      4.53     64540    675000      1528
14시 42분 45초  63655092  63478808   1953780      2.98         0    367308   3015788      4.53     64540    675004      1532
14시 42분 46초  63655552  63479268   1953320      2.98         0    367312   3015788      4.53     64540    675060      1536
14시 42분 47초  63638372  63462092   1970500      3.00         0    367332   3040096      4.56     64596    697544      1704
14시 42분 48초  63644648  63468408   1964224      2.99         0    367376   3040260      4.56     64592    697512      2196
14시 42분 49초  63641764  63465684   1967108      3.00         0    367528   3040260      4.56     64672    697908      2448
14시 42분 50초  63644444  63468536   1964428      2.99         0    367704   3040988      4.57     64736    698312      2804
