Linux 6.6.23 (eternity6) 	2025년 05월 29일 	_x86_64_	(40 CPU)

14시 40분 50초 kbmemfree   kbavail kbmemused  %memused kbbuffers  kbcached  kbcommit   %commit  kbactive   kbinact   kbdirty
14시 40분 51초  64096020  63835084   1504848      2.29         0    210148   2807712      4.22     55216    250344      3000
14시 40분 52초  64095160  63834224   1505708      2.30         0    210156   2805304      4.21     55200    248120      3156
14시 40분 53초  64095640  63834704   1505228      2.29         0    210164   2805304      4.21     55200    248120      3164
14시 40분 54초  64095892  63834956   1504976      2.29         0    210168   2805304      4.21     55200    248128      3152
14시 40분 55초  64096144  63835208   1504724      2.29         0    210176   2805304      4.21     55200    248128      3160
14시 40분 56초  64096144  63835208   1504724      2.29         0    210188   2805304      4.21     55200    248128      3172
14시 40분 57초  64096268  63835332   1504600      2.29         0    210200   2805304      4.21     55200    248128      3184
14시 40분 58초  64096536  63835600   1504332      2.29         0    210212   2804920      4.21     55200    248128      3196
14시 40분 59초  64070692  63809760   1530176      2.33         0    210232   2830812      4.25     55208    271028      3996
14시 41분 00초  64095324  63834472   1505544      2.30         0    210436   2805304      4.21     55268    248436      4196
14시 41분 01초  64095324  63834472   1505544      2.30         0    210444   2805304      4.21     55268    248436      4204
14시 41분 02초  64095000  63834152   1505868      2.30         0    210452   2805304      4.21     55268    248432      4428
14시 41분 03초  64095504  63834656   1505364      2.29         0    210460   2805304      4.21     55268    248432      4436
14시 41분 04초  64095756  63834908   1505112      2.29         0    210468   2805304      4.21     55268    248432      4444
14시 41분 05초  64096008  63835160   1504860      2.29         0    210476   2805304      4.21     55268    248432      4452
14시 41분 06초  64096260  63835412   1504608      2.29         0    210488   2805304      4.21     55268    248432      4464
14시 41분 07초  64096432  63835584   1504436      2.29         0    210496   2805304      4.21     55268    248432      4472
14시 41분 08초  64096432  63835584   1504436      2.29         0    210512   2805304      4.21     55268    248432      4488
14시 41분 09초  64096684  63835836   1504184      2.29         0    210520   2805304      4.21     55268    248432      4496
14시 41분 10초  64096944  63836096   1503924      2.29         0    210528   2805304      4.21     55268    248432      4504
14시 41분 11초  64097196  63836348   1503672      2.29         0    210532   2805304      4.21     55268    248432      4508
14시 41분 12초  64097448  63836600   1503420      2.29         0    210548   2805304      4.21     55268    248432      4524
14시 41분 13초  64097448  63836628   1503420      2.29         0    210560   2805304      4.21     55268    248492      4536
14시 41분 14초  64097448  63836628   1503420      2.29         0    210564   2805304      4.21     55268    248492      4540
14시 41분 15초  64097448  63836628   1503420      2.29         0    210580   2805304      4.21     55268    248492      4424
14시 41분 16초  64097952  63837132   1502916      2.29         0    210588   2805304      4.21     55268    248492      4432
14시 41분 17초  64098204  63837416   1502664      2.29         0    210596   2805304      4.21     55268    248552      4440
14시 41분 18초  64097952  63837164   1502916      2.29         0    210612   2805304      4.21     55268    248552      4456
14시 41분 19초  64097952  63837164   1502916      2.29         0    210616   2805304      4.21     55268    248552       124
14시 41분 20초  64097952  63837164   1502916      2.29         0    210624   2805304      4.21     55268    248552       136
14시 41분 21초  64097952  63837164   1502916      2.29         0    210636   2805304      4.21     55268    248552       148
14시 41분 22초  64098096  63837308   1502772      2.29         0    210640   2805304      4.21     55268    248552       152
14시 41분 23초  64098348  63837560   1502520      2.29         0    210664   2805304      4.21     55268    248552       176
14시 41분 24초  64098348  63837560   1502520      2.29         0    210672   2805304      4.21     55268    248552       188
14시 41분 25초  64098600  63837812   1502268      2.29         0    210680   2805304      4.21     55268    248552       128
14시 41분 26초  64098600  63837812   1502268      2.29         0    210688   2805304      4.21     55268    248552       136
14시 41분 27초  64098600  63837812   1502268      2.29         0    210696   2805304      4.21     55268    248552       144
14시 41분 28초  64098600  63837812   1502268      2.29         0    210708   2805304      4.21     55268    248552       156
14시 41분 29초  64098600  63837816   1502268      2.29         0    210720   2805304      4.21     55268    248612       168
14시 41분 30초  64098096  63837312   1502772      2.29         0    210732   2805304      4.21     55268    248612       180
14시 41분 31초  64098348  63837564   1502520      2.29         0    210740   2805304      4.21     55268    248612       188
14시 41분 32초  64098348  63837564   1502520      2.29         0    210744   2805304      4.21     55268    248612       192
14시 41분 33초  64098348  63837592   1502520      2.29         0    210752   2805304      4.21     55268    248672       200
14시 41분 34초  64098348  63837624   1502520      2.29         0    210764   2805304      4.21     55268    248732       212
14시 41분 35초  64098348  63837624   1502520      2.29         0    210776   2805304      4.21     55268    248732       208
14시 41분 36초  64098348  63837624   1502520      2.29         0    210784   2805304      4.21     55268    248732       216
14시 41분 37초  64098388  63837664   1502480      2.29         0    210792   2805304      4.21     55268    248732       240
14시 41분 38초  64098136  63837412   1502732      2.29         0    210804   2805304      4.21     55268    248732       252
14시 41분 39초  64098136  63837412   1502732      2.29         0    210816   2805304      4.21     55268    248732       264
14시 41분 40초  64098136  63837412   1502732      2.29         0    210828   2805304      4.21     55268    248736       276
14시 41분 41초  64098136  63837412   1502732      2.29         0    210832   2805304      4.21     55268    248736       280
14시 41분 42초  64098388  63837664   1502480      2.29         0    210840   2805304      4.21     55268    248736       288
14시 41분 43초  64098388  63837664   1502480      2.29         0    210848   2805304      4.21     55268    248736       296
14시 41분 44초  64098388  63837664   1502480      2.29         0    210864   2805304      4.21     55268    248736       312
14시 41분 45초  64098388  63837664   1502480      2.29         0    210876   2805304      4.21     55268    248736       180
14시 41분 46초  64098388  63837664   1502480      2.29         0    210888   2805304      4.21     55268    248736       200
14시 41분 47초  64098388  63837664   1502480      2.29         0    210896   2805304      4.21     55268    248736       208
14시 41분 48초  64098388  63837664   1502480      2.29         0    210904   2805304      4.21     55268    248736       216
14시 41분 49초  64098388  63837664   1502480      2.29         0    210908   2805304      4.21     55268    248736       220
14시 41분 50초  64098388  63837664   1502480      2.29         0    210920   2805304      4.21     55268    248736       120
14시 41분 51초  64098388  63837692   1502480      2.29         0    210936   2805304      4.21     55268    248796       140
14시 41분 52초  64098136  63837472   1502732      2.29         0    210944   2805304      4.21     55268    248856       148
14시 41분 53초  64098136  63837472   1502732      2.29         0    210952   2805304      4.21     55268    248856       156
14시 41분 54초  64098388  63837724   1502480      2.29         0    210964   2805304      4.21     55268    248856       168
14시 41분 55초  64098640  63837976   1502228      2.29         0    210976   2805304      4.21     55268    248856       108
14시 41분 56초  64098640  63837976   1502228      2.29         0    210988   2805304      4.21     55268    248856       132
14시 41분 57초  64098892  63838228   1501976      2.29         0    210988   2805304      4.21     55268    248856       132
14시 41분 58초  64098892  63838228   1501976      2.29         0    211004   2805304      4.21     55268    248856       148
14시 41분 59초  64099144  63838480   1501724      2.29         0    211012   2805304      4.21     55268    248856       156
14시 42분 00초  64099144  63838480   1501724      2.29         0    211020   2805304      4.21     55268    248856       164
14시 42분 01초  64098892  63838256   1501976      2.29         0    211036   2805304      4.21     55268    248916       180
14시 42분 02초  64098976  63838384   1501892      2.29         0    211108   2805412      4.21     55268    249012       768
14시 42분 03초  64098976  63838384   1501892      2.29         0    211116   2805412      4.21     55268    249012       776
14시 42분 04초  64099068  63838476   1501800      2.29         0    211120   2805412      4.21     55268    249012       780
14시 42분 05초  64099320  63838728   1501548      2.29         0    211128   2805412      4.21     55268    249012       160
14시 42분 06초  64099068  63838476   1501800      2.29         0    211148   2805412      4.21     55268    249012        56
14시 42분 07초  64099068  63838476   1501800      2.29         0    211152   2805412      4.21     55268    249012        60
14시 42분 08초  64099320  63838760   1501548      2.29         0    211168   2805412      4.21     55268    249072        76
14시 42분 09초  64099320  63838760   1501548      2.29         0    211176   2805412      4.21     55268    249072        84
14시 42분 10초  64099320  63838760   1501548      2.29         0    211180   2805412      4.21     55268    249072        88
14시 42분 11초  64099320  63838760   1501548      2.29         0    211192   2805412      4.21     55268    249072       100
14시 42분 12초  64099320  63838760   1501548      2.29         0    211204   2805412      4.21     55268    249072       112
14시 42분 13초  64099320  63838760   1501548      2.29         0    211212   2805412      4.21     55268    249072       120
14시 42분 14초  64099320  63838760   1501548      2.29         0    211216   2805412      4.21     55268    249072       124
14시 42분 15초  64099080  63838548   1501788      2.29         0    211228   2805412      4.21     55268    249132       136
14시 42분 16초  64099496  63838964   1501372      2.29         0    211240   2805412      4.21     55268    249132       148
14시 42분 17초  64099748  63839216   1501120      2.29         0    211252   2805412      4.21     55268    249132       160
14시 42분 18초  64099748  63839216   1501120      2.29         0    211264   2805412      4.21     55268    249132       172
14시 42분 19초  64099748  63839216   1501120      2.29         0    211272   2805412      4.21     55268    249132       180
14시 42분 20초  64099748  63839216   1501120      2.29         0    211280   2805412      4.21     55268    249132       188
14시 42분 21초  64099748  63839216   1501120      2.29         0    211292   2805412      4.21     55268    249132       200
14시 42분 22초  64099748  63839216   1501120      2.29         0    211304   2805412      4.21     55268    249132       212
14시 42분 23초  64100000  63839468   1500868      2.29         0    211316   2805412      4.21     55268    249132       224
14시 42분 24초  64100000  63839468   1500868      2.29         0    211324   2805412      4.21     55268    249132       232
14시 42분 25초  64100252  63839720   1500616      2.29         0    211332   2805412      4.21     55268    249132       240
14시 42분 26초  64100252  63839720   1500616      2.29         0    211340   2805412      4.21     55268    249132       248
14시 42분 27초  64100000  63839468   1500868      2.29         0    211348   2805412      4.21     55268    249132       256
14시 42분 28초  64100000  63839468   1500868      2.29         0    211364   2805412      4.21     55268    249132       272
14시 42분 29초  64103448  63842928   1497420      2.28         0    211368   2805412      4.21     55268    249208      1188
14시 42분 30초  64103448  63842956   1497420      2.28         0    211384   2805412      4.21     55264    249144      1300
14시 42분 31초  64103196  63842712   1497672      2.28         0    211396   2805412      4.21     55268    249156        36
14시 42분 32초  64103196  63842712   1497672      2.28         0    211404   2805412      4.21     55268    249156        60
14시 42분 33초  64103196  63842712   1497672      2.28         0    211416   2805412      4.21     55268    249156        76
14시 42분 34초  64103196  63842712   1497672      2.28         0    211428   2805412      4.21     55268    249156        88
14시 42분 35초  64103196  63842712   1497672      2.28         0    211432   2805412      4.21     55268    249156        92
14시 42분 36초  64103196  63842712   1497672      2.28         0    211444   2805412      4.21     55268    249156       104
14시 42분 37초  64103448  63842964   1497420      2.28         0    211452   2805412      4.21     55268    249156       128
14시 42분 38초  64103700  63843276   1497168      2.28         0    211468   2805412      4.21     55268    249276       144
14시 42분 39초  64103700  63843276   1497168      2.28         0    211472   2805412      4.21     55268    249276       148
14시 42분 40초  64103448  63843024   1497420      2.28         0    211484   2805412      4.21     55268    249276       160
14시 42분 41초  64103448  63843024   1497420      2.28         0    211492   2805412      4.21     55268    249276       168
14시 42분 42초  64103448  63843024   1497420      2.28         0    211500   2805412      4.21     55268    249276       176
14시 42분 43초  64103448  63843024   1497420      2.28         0    211512   2805412      4.21     55268    249276       188
14시 42분 44초  64103448  63843024   1497420      2.28         0    211520   2805412      4.21     55268    249276       196
14시 42분 45초  64087996  63827596   1512872      2.31         0    211524   2824276      4.24     55268    265904      1076
14시 42분 46초  64102368  63842032   1498500      2.28         0    211544   2805412      4.21     55272    249536      1672
14시 42분 47초  64102624  63842288   1498244      2.28         0    211552   2805412      4.21     55272    249536      1680
14시 42분 48초  64103128  63842792   1497740      2.28         0    211556   2805412      4.21     55272    249536      1684
14시 42분 49초  64103380  63843044   1497488      2.28         0    211564   2805412      4.21     55272    249536      1692
14시 42분 50초  64103380  63843044   1497488      2.28         0    211580   2805412      4.21     55272    249536      1708
14시 42분 51초  64103612  63843276   1497256      2.28         0    211596   2805412      4.21     55272    249536      1724
14시 42분 52초  64103612  63843276   1497256      2.28         0    211600   2805412      4.21     55272    249536      1728
14시 42분 53초  64084472  63824176   1516396      2.31         0    211616   2827700      4.25     55276    269268      1736
