Linux 6.6.23 (eternity4) 	2025년 05월 29일 	_x86_64_	(40 CPU)

14시 39분 54초 kbmemfree   kbavail kbmemused  %memused kbbuffers  kbcached  kbcommit   %commit  kbactive   kbinact   kbdirty
14시 39분 55초  64582808  64276564   1025872      1.56         0     99060    756224      1.14     48760     76100      3048
14시 39분 56초  64601600  64296844   1007080      1.53         0    101776    731140      1.10     51360     53108       904
14시 39분 57초  64601684  64296928   1006996      1.53         0    101780    731140      1.10     51360     53108       912
14시 39분 58초  64601684  64296928   1006996      1.53         0    101784    731140      1.10     51360     53108       916
14시 39분 59초  64601824  64297068   1006856      1.53         0    101788    731140      1.10     51360     53108       920
14시 40분 00초  64601828  64297072   1006852      1.53         0    101792    731140      1.10     51360     53108       924
14시 40분 01초  64601828  64297072   1006852      1.53         0    101796    731140      1.10     51360     53108       928
14시 40분 02초  64601844  64297088   1006836      1.53         0    101804    731140      1.10     51360     53108       936
14시 40분 03초  64601844  64297088   1006836      1.53         0    101804    731140      1.10     51360     53108       936
14시 40분 04초  64601844  64297088   1006836      1.53         0    101808    731140      1.10     51360     53108       940
14시 40분 05초  64601844  64297088   1006836      1.53         0    101812    731140      1.10     51360     53108       944
14시 40분 06초  64601844  64297088   1006836      1.53         0    101816    731140      1.10     51360     53108        12
14시 40분 07초  64601844  64297088   1006836      1.53         0    101820    731140      1.10     51360     53108        20
14시 40분 08초  64601844  64297088   1006836      1.53         0    101828    731140      1.10     51360     53108        32
14시 40분 09초  64601844  64297088   1006836      1.53         0    101828    731140      1.10     51360     53108        32
14시 40분 10초  64601844  64297116   1006836      1.53         0    101836    731140      1.10     51360     53168        40
14시 40분 11초  64602096  64297368   1006584      1.53         0    101844    731140      1.10     51360     53168         4
14시 40분 12초  64602096  64297368   1006584      1.53         0    101844    731140      1.10     51360     53168         4
14시 40분 13초  64602096  64297368   1006584      1.53         0    101848    731140      1.10     51360     53168        20
14시 40분 14초  64599284  64294776   1009396      1.54         0    102296    754088      1.13     51360     55180      1412
14시 40분 15초  64599372  64296604   1009308      1.54         0    105524    731140      1.10     53576     55548      3204
14시 40분 16초  64599628  64296968   1009052      1.54         0    105764    731140      1.10     53620     54840       424
14시 40분 17초  64599860  64297200   1008820      1.54         0    105772    731140      1.10     53620     54840        16
14시 40분 18초  64600364  64297704   1008316      1.54         0    105784    731140      1.10     53624     54840        36
14시 40분 19초  64600364  64297704   1008316      1.54         0    105792    731140      1.10     53624     54840        48
14시 40분 20초  64600364  64297704   1008316      1.54         0    105792    731140      1.10     53624     54840        48
14시 40분 21초  64600384  64297724   1008296      1.54         0    105800    731140      1.10     53624     54840        56
14시 40분 22초  64600384  64297724   1008296      1.54         0    105800    731140      1.10     53624     54840        56
14시 40분 23초  64600384  64297724   1008296      1.54         0    105808    731140      1.10     53624     54840        64
14시 40분 24초  64600384  64297724   1008296      1.54         0    105812    731140      1.10     53624     54840        68
14시 40분 25초  64600132  64297472   1008548      1.54         0    105820    731140      1.10     53624     54840        76
14시 40분 26초  64600132  64297504   1008548      1.54         0    105828    731140      1.10     53624     54900        84
14시 40분 27초  64600132  64297508   1008548      1.54         0    105832    731140      1.10     53624     54908        12
14시 40분 28초  64600132  64297508   1008548      1.54         0    105836    731140      1.10     53624     54908        24
14시 40분 29초  64600132  64297508   1008548      1.54         0    105836    731140      1.10     53624     54908        24
14시 40분 30초  64600132  64297508   1008548      1.54         0    105840    731140      1.10     53624     54908        28
14시 40분 31초  64600132  64297508   1008548      1.54         0    105844    731140      1.10     53624     54908        32
14시 40분 32초  64600132  64297508   1008548      1.54         0    105852    731140      1.10     53624     54908         8
14시 40분 33초  64600132  64297508   1008548      1.54         0    105860    731140      1.10     53624     54908        28
14시 40분 34초  64600132  64297508   1008548      1.54         0    105864    731140      1.10     53624     54908        32
14시 40분 35초  64600132  64297508   1008548      1.54         0    105868    731140      1.10     53624     54908        36
14시 40분 36초  64600148  64297524   1008532      1.54         0    105872    731140      1.10     53624     54908        40
14시 40분 37초  64600148  64297524   1008532      1.54         0    105872    731140      1.10     53624     54908        40
14시 40분 38초  64597576  64295120   1011104      1.54         0    106224    758012      1.14     53636     57716      3940
14시 40분 39초  64599032  64296604   1009648      1.54         0    106288    755904      1.13     53636     58088      5720
14시 40분 40초  64599860  64297520   1008820      1.54         0    106416    731204      1.10     53632     55516      5980
14시 40분 41초  64599860  64297520   1008820      1.54         0    106420    731204      1.10     53632     55516      5984
14시 40분 42초  64599860  64297520   1008820      1.54         0    106424    731204      1.10     53632     55516      5988
14시 40분 43초  64599860  64297552   1008820      1.54         0    106428    731204      1.10     53632     55576         8
14시 40분 44초  64599860  64297552   1008820      1.54         0    106432    731204      1.10     53632     55576        16
14시 40분 45초  64599860  64297552   1008820      1.54         0    106436    731204      1.10     53632     55576        28
14시 40분 46초  64599864  64297556   1008816      1.54         0    106440    731204      1.10     53632     55576        32
14시 40분 47초  64599864  64297556   1008816      1.54         0    106448    731204      1.10     53632     55576        40
14시 40분 48초  64599864  64297556   1008816      1.54         0    106452    731204      1.10     53632     55576        44
14시 40분 49초  64599864  64297556   1008816      1.54         0    106456    731204      1.10     53632     55576        48
14시 40분 50초  64599864  64297556   1008816      1.54         0    106460    731204      1.10     53632     55576        52
14시 40분 51초  64599864  64297556   1008816      1.54         0    106464    731204      1.10     53632     55576        56
14시 40분 52초  64599864  64297556   1008816      1.54         0    106468    731204      1.10     53632     55576        60
14시 40분 53초  64599864  64297556   1008816      1.54         0    106472    731204      1.10     53632     55576        64
14시 40분 54초  64599864  64297556   1008816      1.54         0    106472    731204      1.10     53632     55580        16
14시 40분 55초  64600116  64297808   1008564      1.54         0    106480    731204      1.10     53632     55580        24
14시 40분 56초  64600304  64297996   1008376      1.54         0    106484    731204      1.10     53632     55580        28
14시 40분 57초  64600304  64297996   1008376      1.54         0    106488    731204      1.10     53632     55580        32
14시 40분 58초  64597112  64294808   1011568      1.54         0    106496    731204      1.10     53624     56888      2996
14시 40분 59초  64596800  64294744   1011880      1.54         0    106644    731204      1.10     53704     55652         4
14시 41분 00초  64596800  64294744   1011880      1.54         0    106644    731204      1.10     53704     55652         4
14시 41분 01초  64596800  64294772   1011880      1.54         0    106656    731204      1.10     53704     55712        28
14시 41분 02초  64596800  64294772   1011880      1.54         0    106656    731204      1.10     53704     55712        28
14시 41분 03초  64596800  64294772   1011880      1.54         0    106660    731204      1.10     53704     55712        32
14시 41분 04초  64596800  64294772   1011880      1.54         0    106664    731204      1.10     53704     55712        36
14시 41분 05초  64596800  64294772   1011880      1.54         0    106672    731204      1.10     53704     55712        44
14시 41분 06초  64596800  64294772   1011880      1.54         0    106676    731204      1.10     53704     55712        48
14시 41분 07초  64596816  64294788   1011864      1.54         0    106680    731204      1.10     53704     55712        52
14시 41분 08초  64596816  64294788   1011864      1.54         0    106684    731204      1.10     53704     55712        56
14시 41분 09초  64596816  64294788   1011864      1.54         0    106688    731204      1.10     53704     55712        12
14시 41분 10초  64596816  64294788   1011864      1.54         0    106696    731204      1.10     53704     55712        24
14시 41분 11초  64596600  64294572   1012080      1.54         0    106700    731204      1.10     53704     55712        32
14시 41분 12초  64596600  64294572   1012080      1.54         0    106704    731204      1.10     53704     55712        36
14시 41분 13초  64597156  64295128   1011524      1.54         0    106708    731204      1.10     53704     55712        40
14시 41분 14초  64597156  64295128   1011524      1.54         0    106712    731204      1.10     53704     55712        44
14시 41분 15초  64597156  64295128   1011524      1.54         0    106716    731204      1.10     53704     55712        20
14시 41분 16초  64597156  64295128   1011524      1.54         0    106716    731204      1.10     53704     55712        20
14시 41분 17초  64597156  64295128   1011524      1.54         0    106724    731204      1.10     53704     55712        28
14시 41분 18초  64597156  64295160   1011524      1.54         0    106728    731204      1.10     53704     55772        32
14시 41분 19초  64597156  64295160   1011524      1.54         0    106732    731204      1.10     53704     55772        36
14시 41분 20초  64597156  64295160   1011524      1.54         0    106732    731204      1.10     53704     55772        36
14시 41분 21초  64597156  64295160   1011524      1.54         0    106740    731204      1.10     53704     55772        24
14시 41분 22초  64597156  64295160   1011524      1.54         0    106744    731204      1.10     53704     55772        28
14시 41분 23초  64597156  64295160   1011524      1.54         0    106748    731204      1.10     53704     55772        32
14시 41분 24초  64597156  64295160   1011524      1.54         0    106756    731204      1.10     53704     55772        40
14시 41분 25초  64597156  64295160   1011524      1.54         0    106760    731204      1.10     53704     55772        48
14시 41분 26초  64597408  64295412   1011272      1.54         0    106768    731204      1.10     53704     55772        28
14시 41분 27초  64597660  64295664   1011020      1.54         0    106772    731204      1.10     53704     55772        32
14시 41분 28초  64597660  64295664   1011020      1.54         0    106772    731204      1.10     53704     55772        32
14시 41분 29초  64597660  64295664   1011020      1.54         0    106776    731204      1.10     53704     55772        36
14시 41분 30초  64597660  64295664   1011020      1.54         0    106784    731204      1.10     53704     55772         0
14시 41분 31초  64597660  64295664   1011020      1.54         0    106788    731204      1.10     53704     55772        16
14시 41분 32초  64597660  64295664   1011020      1.54         0    106792    731204      1.10     53704     55772        24
14시 41분 33초  64597904  64295908   1010776      1.54         0    106800    731204      1.10     53704     55772        32
14시 41분 34초  64597904  64295936   1010776      1.54         0    106804    731204      1.10     53704     55832        36
14시 41분 35초  64597904  64295936   1010776      1.54         0    106808    731204      1.10     53704     55832        40
14시 41분 36초  64597652  64295684   1011028      1.54         0    106812    731204      1.10     53704     55832        16
14시 41분 37초  64597652  64295684   1011028      1.54         0    106816    731204      1.10     53704     55832        24
14시 41분 38초  64597904  64295936   1010776      1.54         0    106820    731204      1.10     53704     55832        28
14시 41분 39초  64597904  64295936   1010776      1.54         0    106824    731204      1.10     53704     55832        32
14시 41분 40초  64597904  64295936   1010776      1.54         0    106828    731204      1.10     53704     55832        36
14시 41분 41초  64597980  64296012   1010700      1.54         0    106836    731204      1.10     53704     55832        12
14시 41분 42초  64597980  64296012   1010700      1.54         0    106840    731204      1.10     53704     55832        24
14시 41분 43초  64597816  64295848   1010864      1.54         0    106844    731204      1.10     53704     55832        28
14시 41분 44초  64597816  64295848   1010864      1.54         0    106848    731204      1.10     53704     55832        32
14시 41분 45초  64597816  64295848   1010864      1.54         0    106848    731204      1.10     53704     55832        32
14시 41분 46초  64597816  64295848   1010864      1.54         0    106852    731204      1.10     53704     55832        36
14시 41분 47초  64597816  64295848   1010864      1.54         0    106856    731204      1.10     53704     55832        20
14시 41분 48초  64597816  64295848   1010864      1.54         0    106864    731204      1.10     53704     55832        28
14시 41분 49초  64598068  64296100   1010612      1.54         0    106872    731204      1.10     53704     55832        36
14시 41분 50초  64598068  64296100   1010612      1.54         0    106876    731204      1.10     53704     55832        40
14시 41분 51초  64598068  64296132   1010612      1.54         0    106880    731204      1.10     53704     55892        44
14시 41분 52초  64598068  64296132   1010612      1.54         0    106884    731204      1.10     53704     55892        16
14시 41분 53초  64598068  64296132   1010612      1.54         0    106884    731204      1.10     53704     55892        20
14시 41분 54초  64598320  64296384   1010360      1.54         0    106888    731204      1.10     53704     55892        24
14시 41분 55초  64598320  64296384   1010360      1.54         0    106892    731204      1.10     53704     55892        28
14시 41분 56초  64598320  64296384   1010360      1.54         0    106896    731204      1.10     53704     55892        32
14시 41분 57초  64598320  64296384   1010360      1.54         0    106904    731204      1.10     53704     55892        48
14시 41분 58초  64598320  64296384   1010360      1.54         0    106908    731204      1.10     53704     55892        20
14시 41분 59초  64598320  64296384   1010360      1.54         0    106912    731204      1.10     53704     55892        28
14시 42분 00초  64598320  64296384   1010360      1.54         0    106916    731204      1.10     53704     55892        32
14시 42분 01초  64598068  64296132   1010612      1.54         0    106924    731204      1.10     53704     55892        40
14시 42분 02초  64598068  64296132   1010612      1.54         0    106928    731204      1.10     53704     55892         0
14시 42분 03초  64598068  64296132   1010612      1.54         0    106936    731204      1.10     53704     55892        24
14시 42분 04초  64598348  64296412   1010332      1.54         0    106940    731204      1.10     53704     55892        28
14시 42분 05초  64598348  64296412   1010332      1.54         0    106944    731204      1.10     53704     55892        32
14시 42분 06초  64598348  64296412   1010332      1.54         0    106948    731204      1.10     53704     55892        36
14시 42분 07초  64598348  64296412   1010332      1.54         0    106948    731204      1.10     53704     55892        36
14시 42분 08초  64598348  64296412   1010332      1.54         0    106956    731204      1.10     53704     55892        48
14시 42분 09초  64598096  64296160   1010584      1.54         0    106960    731204      1.10     53704     55892        24
14시 42분 10초  64598096  64296160   1010584      1.54         0    106960    731204      1.10     53704     55892        24
14시 42분 11초  64598096  64296160   1010584      1.54         0    106968    731204      1.10     53704     55892        32
14시 42분 12초  64598096  64296188   1010584      1.54         0    106972    731204      1.10     53704     55952        36
14시 42분 13초  64598096  64296188   1010584      1.54         0    106976    731204      1.10     53704     55952        12
14시 42분 14초  64597844  64295936   1010836      1.54         0    106984    731204      1.10     53704     55952        28
14시 42분 15초  64597844  64295936   1010836      1.54         0    106988    731204      1.10     53704     55952        32
14시 42분 16초  64597844  64295936   1010836      1.54         0    106992    731204      1.10     53704     55952        36
14시 42분 17초  64597844  64295936   1010836      1.54         0    106996    731204      1.10     53704     55952        40
14시 42분 18초  64597844  64295936   1010836      1.54         0    107000    731204      1.10     53704     55952        44
14시 42분 19초  64597844  64295936   1010836      1.54         0    107004    731204      1.10     53704     55952         8
14시 42분 20초  64597844  64295936   1010836      1.54         0    107004    731204      1.10     53704     55952        16
14시 42분 21초  64597844  64295936   1010836      1.54         0    107012    731204      1.10     53704     55952        24
14시 42분 22초  64597844  64295936   1010836      1.54         0    107016    731204      1.10     53704     55952        28
14시 42분 23초  64597608  64295700   1011072      1.54         0    107020    731204      1.10     53704     55952        32
14시 42분 24초  64597860  64295952   1010820      1.54         0    107024    731204      1.10     53704     55952        16
14시 42분 25초  64597860  64295952   1010820      1.54         0    107028    731204      1.10     53704     55952        24
14시 42분 26초  64597860  64295952   1010820      1.54         0    107032    731204      1.10     53704     55952        28
14시 42분 27초  64597860  64295952   1010820      1.54         0    107040    731204      1.10     53704     55952        36
14시 42분 28초  64598112  64296204   1010568      1.54         0    107044    731204      1.10     53704     55952        40
14시 42분 29초  64598112  64296204   1010568      1.54         0    107048    731204      1.10     53704     55952        48
14시 42분 30초  64598112  64296204   1010568      1.54         0    107048    731204      1.10     53704     55952        48
14시 42분 31초  64598112  64296204   1010568      1.54         0    107056    731204      1.10     53704     55952        28
14시 42분 32초  64598256  64296380   1010424      1.54         0    107060    731204      1.10     53704     56012        32
14시 42분 33초  64598256  64296380   1010424      1.54         0    107068    731204      1.10     53704     56012        40
14시 42분 34초  64598256  64296380   1010424      1.54         0    107076    731204      1.10     53704     56012         0
14시 42분 35초  64598256  64296380   1010424      1.54         0    107080    731204      1.10     53704     56012        20
14시 42분 36초  64598256  64296380   1010424      1.54         0    107080    731204      1.10     53704     56012        20
14시 42분 37초  64598004  64296128   1010676      1.54         0    107084    731204      1.10     53704     56012        24
14시 42분 38초  64598004  64296128   1010676      1.54         0    107088    731204      1.10     53704     56012        28
14시 42분 39초  64598004  64296128   1010676      1.54         0    107096    731204      1.10     53704     56012        36
14시 42분 40초  64598004  64296128   1010676      1.54         0    107100    731204      1.10     53704     56012        16
14시 42분 41초  64598004  64296128   1010676      1.54         0    107108    731204      1.10     53704     56012        28
14시 42분 42초  64598004  64296128   1010676      1.54         0    107112    731204      1.10     53704     56012        32
14시 42분 43초  64598004  64296128   1010676      1.54         0    107116    731204      1.10     53704     56012        36
14시 42분 44초  64594380  64292576   1014300      1.55         0    107132    731204      1.10     53712     56140      3044
14시 42분 45초  64594632  64292828   1014048      1.55         0    107136    731204      1.10     53708     56136        12
14시 42분 46초  64594664  64292860   1014016      1.55         0    107140    731204      1.10     53708     56136        24
14시 42분 47초  64594664  64292860   1014016      1.55         0    107144    731204      1.10     53708     56136        28
14시 42분 48초  64594916  64293112   1013764      1.55         0    107148    731204      1.10     53708     56136        32
14시 42분 49초  64594916  64293112   1013764      1.55         0    107156    731204      1.10     53708     56136        40
14시 42분 50초  64594916  64293140   1013764      1.55         0    107160    731204      1.10     53708     56196        44
14시 42분 51초  64594916  64293140   1013764      1.55         0    107164    731204      1.10     53708     56196        48
