Linux 6.6.23 (eternity2) 	2025년 05월 29일 	_x86_64_	(40 CPU)

14시 39분 51초 kbmemfree   kbavail kbmemused  %memused kbbuffers  kbcached  kbcommit   %commit  kbactive   kbinact   kbdirty
14시 39분 52초  64213072  63960728   1395868      2.13       244    222288   2170848      3.26     54616    283128      2588
14시 39분 53초  64213624  63961280   1395316      2.13       244    222292   2170848      3.26     54600    282152      3064
14시 39분 54초  64213384  63961040   1395556      2.13       244    222296   2170848      3.26     54600    282152      3068
14시 39분 55초  64213384  63961040   1395556      2.13       244    222300   2170848      3.26     54600    282152      3072
14시 39분 56초  64213384  63961040   1395556      2.13       244    222304   2170848      3.26     54600    282152      3076
14시 39분 57초  64213384  63961040   1395556      2.13       244    222308   2170848      3.26     54600    282152      3080
14시 39분 58초  64213384  63961040   1395556      2.13       244    222320   2170848      3.26     54600    282152      2452
14시 39분 59초  64213384  63961040   1395556      2.13       244    222320   2170848      3.26     54600    282152      2452
14시 40분 00초  64213384  63961040   1395556      2.13       244    222324   2170848      3.26     54600    282152      2456
14시 40분 01초  64213132  63960788   1395808      2.13       244    222332   2170848      3.26     54600    282152      2464
14시 40분 02초  64210372  63958724   1398568      2.13       244    223712   2170848      3.26     55092    282524      2488
14시 40분 03초  64210328  63958684   1398612      2.13       244    223736   2170848      3.26     55096    283104      2052
14시 40분 04초  64210328  63958684   1398612      2.13       244    223744   2170848      3.26     55096    283104      2060
14시 40분 05초  64210580  63958936   1398360      2.13       244    223748   2170848      3.26     55096    283104      2064
14시 40분 06초  64210580  63958936   1398360      2.13       244    223756   2170848      3.26     55096    283104      2072
14시 40분 07초  64210832  63959188   1398108      2.13       244    223760   2170848      3.26     55096    283104         8
14시 40분 08초  64210832  63959188   1398108      2.13       244    223760   2170848      3.26     55096    283104        20
14시 40분 09초  64210880  63959268   1398060      2.13       244    223768   2170848      3.26     55096    283164        28
14시 40분 10초  64210880  63959268   1398060      2.13       244    223776   2170848      3.26     55096    283164        36
14시 40분 11초  64210880  63959268   1398060      2.13       244    223780   2170848      3.26     55096    283164        40
14시 40분 12초  64210880  63959268   1398060      2.13       244    223784   2170848      3.26     55096    283164        44
14시 40분 13초  64206964  63955380   1401976      2.14       244    223804   2180124      3.27     55128    290612      1916
14시 40분 14초  64205440  63953904   1403500      2.14       244    223884   2173752      3.26     55140    285752      3548
14시 40분 15초  64208592  63957120   1400348      2.13       244    224008   2170848      3.26     55112    283856      3908
14시 40분 16초  64208296  63956824   1400644      2.13       244    224016   2170848      3.26     55120    283400      3916
14시 40분 17초  64208672  63957200   1400268      2.13       244    224020   2170848      3.26     55120    283396        16
14시 40분 18초  64208672  63957200   1400268      2.13       244    224024   2170848      3.26     55120    283396        24
14시 40분 19초  64208672  63957200   1400268      2.13       244    224032   2170848      3.26     55120    283396        44
14시 40분 20초  64208944  63957472   1399996      2.13       244    224040   2170848      3.26     55120    283396        52
14시 40분 21초  64208944  63957472   1399996      2.13       244    224044   2170848      3.26     55120    283396        56
14시 40분 22초  64208944  63957472   1399996      2.13       244    224048   2170848      3.26     55120    283396        60
14시 40분 23초  64208944  63957472   1399996      2.13       244    224056   2170848      3.26     55120    283396        68
14시 40분 24초  64208944  63957472   1399996      2.13       244    224060   2170848      3.26     55120    283396        72
14시 40분 25초  64208944  63957472   1399996      2.13       244    224064   2170848      3.26     55120    283396        76
14시 40분 26초  64208944  63957472   1399996      2.13       244    224072   2170848      3.26     55120    283396        84
14시 40분 27초  64208944  63957472   1399996      2.13       244    224076   2170848      3.26     55120    283396        88
14시 40분 28초  64208944  63957472   1399996      2.13       244    224080   2170848      3.26     55120    283396       100
14시 40분 29초  64208944  63957472   1399996      2.13       244    224084   2170848      3.26     55120    283396       104
14시 40분 30초  64208716  63957272   1400224      2.13       244    224096   2170848      3.26     55120    283456        36
14시 40분 31초  64208716  63957272   1400224      2.13       244    224100   2170848      3.26     55120    283456        40
14시 40분 32초  64208716  63957272   1400224      2.13       244    224104   2170848      3.26     55120    283456        44
14시 40분 33초  64209000  63957560   1399940      2.13       244    224116   2172596      3.26     55140    285776       524
14시 40분 34초  64215560  63964188   1393380      2.12       244    224248   2172256      3.26     55128    284684      3244
14시 40분 35초  64210972  63959640   1397968      2.13       244    224328   2176992      3.27     55140    288320      4184
14시 40분 36초  64205984  63954660   1402956      2.14       244    224332   2180168      3.27     55124    291060      4608
14시 40분 37초  64203768  63952448   1405172      2.14       244    224348   2183644      3.28     55124    294400      4884
14시 40분 38초  64214492  63963196   1394448      2.13       244    224388   2170848      3.26     55132    284644      5252
14시 40분 39초  64214056  63962760   1394884      2.13       244    224388   2170848      3.26     55124    283776       288
14시 40분 40초  64214932  63963636   1394008      2.12       244    224392   2170848      3.26     55124    283776       296
14시 40분 41초  64215184  63963888   1393756      2.12       244    224400   2170848      3.26     55124    283776       304
14시 40분 42초  64215184  63963888   1393756      2.12       244    224400   2170848      3.26     55124    283776       304
14시 40분 43초  64215184  63963888   1393756      2.12       244    224408   2170848      3.26     55124    283776       312
14시 40분 44초  64215184  63963888   1393756      2.12       244    224412   2170848      3.26     55124    283776         8
14시 40분 45초  64215448  63964152   1393492      2.12       244    224416   2170848      3.26     55124    283776        24
14시 40분 46초  64215448  63964152   1393492      2.12       244    224420   2170848      3.26     55124    283776        28
14시 40분 47초  64215448  63964152   1393492      2.12       244    224428   2170848      3.26     55124    283776        36
14시 40분 48초  64215448  63964152   1393492      2.12       244    224436   2170848      3.26     55124    283776        44
14시 40분 49초  64215448  63964152   1393492      2.12       244    224440   2170848      3.26     55124    283776        48
14시 40분 50초  64215448  63964152   1393492      2.12       244    224440   2170848      3.26     55124    283776        48
14시 40분 51초  64215460  63964164   1393480      2.12       244    224444   2170848      3.26     55124    283776        52
14시 40분 52초  64215460  63964164   1393480      2.12       244    224452   2170848      3.26     55124    283776        60
14시 40분 53초  64215464  63964168   1393476      2.12       244    224460   2170848      3.26     55124    283776        68
14시 40분 54초  64215464  63964168   1393476      2.12       244    224464   2170848      3.26     55124    283776        76
14시 40분 55초  64215464  63964168   1393476      2.12       244    224472   2170848      3.26     55124    283776        24
14시 40분 56초  64215212  63963916   1393728      2.12       244    224476   2170848      3.26     55124    283776        28
14시 40분 57초  64209924  63958628   1399016      2.13       244    224484   2181832      3.28     55124    292496      1548
14시 40분 58초  64213948  63962672   1394992      2.13       244    224488   2170848      3.26     55120    284436      2428
14시 40분 59초  64213760  63962588   1395180      2.13       244    224696   2170848      3.26     55204    283952      2432
14시 41분 00초  64213760  63962588   1395180      2.13       244    224700   2170848      3.26     55204    283956         8
14시 41분 01초  64214192  63963020   1394748      2.13       244    224704   2170848      3.26     55204    283956        12
14시 41분 02초  64213864  63962696   1395076      2.13       244    224716   2170848      3.26     55544    283992      1100
14시 41분 03초  64213708  63962536   1395232      2.13       244    224720   2170848      3.26     55544    283616      1940
14시 41분 04초  64213708  63962536   1395232      2.13       244    224724   2170848      3.26     55544    283616      1944
14시 41분 05초  64213724  63962552   1395216      2.13       244    224728   2170848      3.26     55544    283616      1948
14시 41분 06초  64213484  63962312   1395456      2.13       244    224732   2170848      3.26     55544    283616      1952
14시 41분 07초  64213808  63962636   1395132      2.13       244    224736   2170848      3.26     55544    283616      1956
14시 41분 08초  64213808  63962636   1395132      2.13       244    224744   2170848      3.26     55544    283616      1964
14시 41분 09초  64213808  63962636   1395132      2.13       244    224748   2170848      3.26     55544    283616      1968
14시 41분 10초  64213808  63962636   1395132      2.13       244    224748   2170848      3.26     55544    283616       496
14시 41분 11초  64214060  63962888   1394880      2.13       244    224756   2170848      3.26     55544    283616        20
14시 41분 12초  64214060  63962888   1394880      2.13       244    224764   2170848      3.26     55544    283616        28
14시 41분 13초  64214060  63962888   1394880      2.13       244    224764   2170848      3.26     55544    283616        28
14시 41분 14초  64214060  63962888   1394880      2.13       244    224768   2170848      3.26     55544    283616        32
14시 41분 15초  64214060  63962920   1394880      2.13       244    224776   2170848      3.26     55544    283676        40
14시 41분 16초  64214060  63962920   1394880      2.13       244    224780   2170848      3.26     55544    283676        44
14시 41분 17초  64214060  63962920   1394880      2.13       244    224788   2170848      3.26     55544    283676        52
14시 41분 18초  64214060  63962920   1394880      2.13       244    224792   2170848      3.26     55544    283676        56
14시 41분 19초  64214060  63962920   1394880      2.13       244    224792   2170848      3.26     55544    283676        56
14시 41분 20초  64214060  63962920   1394880      2.13       244    224804   2170848      3.26     55544    283676        68
14시 41분 21초  64214060  63962932   1394880      2.13       244    224812   2170848      3.26     55544    283704        12
14시 41분 22초  64214060  63962932   1394880      2.13       244    224816   2170848      3.26     55544    283704        24
14시 41분 23초  64214312  63963184   1394628      2.13       244    224820   2170848      3.26     55544    283704        28
14시 41분 24초  64214312  63963184   1394628      2.13       244    224824   2170848      3.26     55544    283704        32
14시 41분 25초  64214312  63963184   1394628      2.13       244    224828   2170848      3.26     55544    283704        36
14시 41분 26초  64214312  63963184   1394628      2.13       244    224836   2170848      3.26     55544    283704         0
14시 41분 27초  64214312  63963216   1394628      2.13       244    224844   2170848      3.26     55544    283764        24
14시 41분 28초  64214312  63963216   1394628      2.13       244    224848   2170848      3.26     55544    283764        28
14시 41분 29초  64214312  63963216   1394628      2.13       244    224852   2170848      3.26     55544    283764        32
14시 41분 30초  64214312  63963216   1394628      2.13       244    224856   2170848      3.26     55544    283764        36
14시 41분 31초  64214312  63963216   1394628      2.13       244    224868   2170848      3.26     55544    283764        48
14시 41분 32초  64214312  63963228   1394628      2.13       244    224868   2170848      3.26     55544    283792        20
14시 41분 33초  64214312  63963228   1394628      2.13       244    224872   2170848      3.26     55544    283792        20
14시 41분 34초  64214312  63963228   1394628      2.13       244    224876   2170848      3.26     55544    283792        24
14시 41분 35초  64214312  63963228   1394628      2.13       244    224884   2170848      3.26     55544    283792        32
14시 41분 36초  64214312  63963228   1394628      2.13       244    224884   2170848      3.26     55544    283792        32
14시 41분 37초  64214312  63963228   1394628      2.13       244    224896   2170848      3.26     55544    283792         4
14시 41분 38초  64214312  63963228   1394628      2.13       244    224900   2170848      3.26     55544    283792        20
14시 41분 39초  64214564  63963480   1394376      2.13       244    224904   2170848      3.26     55544    283792        24
14시 41분 40초  64214564  63963480   1394376      2.13       244    224912   2170848      3.26     55544    283792        32
14시 41분 41초  64214564  63963480   1394376      2.13       244    224912   2170848      3.26     55544    283792        32
14시 41분 42초  64214312  63963260   1394628      2.13       244    224920   2170848      3.26     55544    283852        40
14시 41분 43초  64214312  63963260   1394628      2.13       244    224924   2170848      3.26     55544    283852         8
14시 41분 44초  64214060  63963008   1394880      2.13       244    224928   2170848      3.26     55544    283852        24
14시 41분 45초  64214312  63963260   1394628      2.13       244    224936   2170848      3.26     55544    283852        32
14시 41분 46초  64214564  63963512   1394376      2.13       244    224940   2170848      3.26     55544    283852        36
14시 41분 47초  64214564  63963512   1394376      2.13       244    224948   2170848      3.26     55544    283852        44
14시 41분 48초  64214564  63963512   1394376      2.13       244    224952   2170848      3.26     55544    283852         4
14시 41분 49초  64214564  63963512   1394376      2.13       244    224952   2170848      3.26     55544    283852        16
14시 41분 50초  64214776  63963724   1394164      2.12       244    224960   2170848      3.26     55544    283852        24
14시 41분 51초  64214776  63963724   1394164      2.12       244    224960   2170848      3.26     55544    283852        24
14시 41분 52초  64214776  63963724   1394164      2.12       244    224972   2170848      3.26     55544    283852        36
14시 41분 53초  64214776  63963724   1394164      2.12       244    224976   2170848      3.26     55544    283852        40
14시 41분 54초  64214776  63963724   1394164      2.12       244    224984   2170848      3.26     55544    283852        52
14시 41분 55초  64214776  63963732   1394164      2.12       244    224988   2170848      3.26     55544    283868        24
14시 41분 56초  64214776  63963760   1394164      2.12       244    224992   2170848      3.26     55544    283928        28
14시 41분 57초  64214776  63963760   1394164      2.12       244    224996   2170848      3.26     55544    283928        32
14시 41분 58초  64214776  63963760   1394164      2.12       244    225000   2170848      3.26     55544    283928        36
14시 41분 59초  64214776  63963764   1394164      2.12       244    225004   2170848      3.26     55544    283936         0
14시 42분 00초  64214776  63963764   1394164      2.12       244    225004   2170848      3.26     55544    283936         0
14시 42분 01초  64214776  63963764   1394164      2.12       244    225020   2170848      3.26     55544    283936        24
14시 42분 02초  64214272  63963260   1394668      2.13       244    225028   2170848      3.26     55544    284372      1628
14시 42분 03초  64214640  63963628   1394300      2.13       244    225036   2170848      3.26     55544    283940      2192
14시 42분 04초  64214640  63963628   1394300      2.13       244    225044   2170848      3.26     55544    283940      2200
14시 42분 05초  64214640  63963628   1394300      2.13       244    225048   2170848      3.26     55544    283940       668
14시 42분 06초  64214656  63963644   1394284      2.13       244    225048   2170848      3.26     55544    283940        20
14시 42분 07초  64214908  63963896   1394032      2.12       244    225052   2170848      3.26     55544    283940        24
14시 42분 08초  64214908  63963896   1394032      2.12       244    225060   2170848      3.26     55544    283940        32
14시 42분 09초  64214908  63963896   1394032      2.12       244    225064   2170848      3.26     55544    283940        36
14시 42분 10초  64214708  63963696   1394232      2.13       244    225072   2170848      3.26     55544    283940        44
14시 42분 11초  64214460  63963448   1394480      2.13       244    225076   2170848      3.26     55544    283940        48
14시 42분 12초  64214460  63963448   1394480      2.13       244    225080   2170848      3.26     55544    283940        52
14시 42분 13초  64214712  63963700   1394228      2.13       244    225084   2170848      3.26     55544    283940        56
14시 42분 14초  64214712  63963700   1394228      2.13       244    225096   2170848      3.26     55544    283940        68
14시 42분 15초  64214712  63963700   1394228      2.13       244    225096   2170848      3.26     55544    283940        68
14시 42분 16초  64214712  63963700   1394228      2.13       244    225100   2170848      3.26     55544    283940        72
14시 42분 17초  64214712  63963700   1394228      2.13       244    225100   2170848      3.26     55544    283940        72
14시 42분 18초  64214712  63963732   1394228      2.13       244    225112   2170848      3.26     55544    284000        84
14시 42분 19초  64214712  63963732   1394228      2.13       244    225116   2170848      3.26     55544    284000        88
14시 42분 20초  64214712  63963732   1394228      2.13       244    225124   2170848      3.26     55544    284000        96
14시 42분 21초  64214712  63963732   1394228      2.13       244    225128   2170848      3.26     55544    284000       100
14시 42분 22초  64214712  63963732   1394228      2.13       244    225132   2170848      3.26     55544    284000       104
14시 42분 23초  64214712  63963732   1394228      2.13       244    225136   2170848      3.26     55544    284000       108
14시 42분 24초  64214712  63963732   1394228      2.13       244    225144   2170848      3.26     55544    284000       116
14시 42분 25초  64214712  63963740   1394228      2.13       244    225148   2170848      3.26     55544    284016         4
14시 42분 26초  64214712  63963768   1394228      2.13       244    225152   2170848      3.26     55544    284076        20
14시 42분 27초  64214712  63963768   1394228      2.13       244    225156   2170848      3.26     55544    284076        24
14시 42분 28초  64214712  63963768   1394228      2.13       244    225156   2170848      3.26     55544    284076        24
14시 42분 29초  64214712  63963768   1394228      2.13       244    225172   2170848      3.26     55544    284076        40
14시 42분 30초  64214712  63963772   1394228      2.13       244    225176   2170848      3.26     55544    284080         0
14시 42분 31초  64214460  63963520   1394480      2.13       244    225180   2170848      3.26     55544    284080        12
14시 42분 32초  64214460  63963520   1394480      2.13       244    225180   2170848      3.26     55544    284080        12
14시 42분 33초  64214460  63963520   1394480      2.13       244    225192   2170848      3.26     55544    284080        32
14시 42분 34초  64214460  63963520   1394480      2.13       244    225196   2170848      3.26     55544    284080        36
14시 42분 35초  64214460  63963520   1394480      2.13       244    225204   2170848      3.26     55544    284080        44
14시 42분 36초  64214460  63963520   1394480      2.13       244    225208   2170848      3.26     55544    284080        52
14시 42분 37초  64214460  63963520   1394480      2.13       244    225208   2170848      3.26     55544    284080        52
14시 42분 38초  64214460  63963536   1394480      2.13       244    225220   2170848      3.26     55544    284112        32
14시 42분 39초  64214460  63963536   1394480      2.13       244    225224   2170848      3.26     55544    284112        36
14시 42분 40초  64214460  63963536   1394480      2.13       244    225228   2170848      3.26     55544    284112        40
14시 42분 41초  64214700  63963776   1394240      2.13       244    225228   2170848      3.26     55544    284112        44
14시 42분 42초  64214196  63963280   1394744      2.13       244    225240   2170848      3.26     55544    284132        24
14시 42분 43초  64214196  63963280   1394744      2.13       244    225244   2170848      3.26     55544    284132        28
14시 42분 44초  64214700  63963796   1394240      2.13       244    225256   2170848      3.26     55556    285048      2356
14시 42분 45초  64214708  63963808   1394232      2.13       244    225260   2170848      3.26     55548    284168      2464
14시 42분 46초  64214728  63963828   1394212      2.13       244    225272   2170848      3.26     55548    284168      2476
14시 42분 47초  64214728  63963828   1394212      2.13       244    225276   2170848      3.26     55548    284168        12
14시 42분 48초  64214980  63964080   1393960      2.12       244    225280   2170848      3.26     55548    284168        24
14시 42분 49초  64215232  63964332   1393708      2.12       244    225280   2170848      3.26     55548    284168        24
14시 42분 50초  64215232  63964332   1393708      2.12       244    225284   2170848      3.26     55548    284168        28
14시 42분 51초  64215232  63964332   1393708      2.12       244    225292   2170848      3.26     55548    284168        36
