Linux 6.6.23 (eternity2) 	05/24/25 	_x86_64_	(40 CPU)

01:59:37    kbmemfree   kbavail kbmemused  %memused kbbuffers  kbcached  kbcommit   %commit  kbactive   kbinact   kbdirty
01:59:38     64259080  64011496   1349872      2.06       244    237952   2079860      3.12     52248    282832      4540
01:59:39     64260028  64012448   1348924      2.06       244    237960   2079860      3.12     52240    281796       424
01:59:40     64260028  64012448   1348924      2.06       244    237960   2079860      3.12     52240    281796       428
01:59:41     64260028  64012448   1348924      2.06       244    237960   2079860      3.12     52240    281796       428
01:59:42     64260060  64012480   1348892      2.06       244    237960   2079860      3.12     52240    281796       428
01:59:43     64260060  64012480   1348892      2.06       244    237960   2079860      3.12     52240    281796       428
01:59:44     64260060  64012480   1348892      2.06       244    237960   2079860      3.12     52240    281796       428
01:59:45     64260060  64012480   1348892      2.06       244    237960   2079860      3.12     52240    281796       428
01:59:46     64260060  64012480   1348892      2.06       244    237960   2079860      3.12     52240    281796       428
01:59:47     64260060  64012480   1348892      2.06       244    237960   2079860      3.12     52240    281796       428
01:59:48     64260060  64012480   1348892      2.06       244    237960   2079860      3.12     52240    281796       428
01:59:49     64260060  64012480   1348892      2.06       244    237960   2079860      3.12     52240    281796       428
01:59:50     64256260  64008696   1352692      2.06       244    238008   2091580      3.14     52264    284672        68
01:59:51     64249940  64002416   1359012      2.07       244    238140   2091740      3.14     52284    295140      2004
01:59:52     64260956  64013464   1347996      2.05       244    238148   2079860      3.12     52244    286108      2480
01:59:53     64260956  64013464   1347996      2.05       244    238148   2079860      3.12     52244    286108      2480
01:59:54     64260956  64013464   1347996      2.05       244    238148   2079860      3.12     52244    286108       276
01:59:55     64260956  64013464   1347996      2.05       244    238148   2079860      3.12     52244    286108       276
01:59:56     64260956  64013464   1347996      2.05       244    238148   2079860      3.12     52244    286108       276
01:59:57     64260956  64013464   1347996      2.05       244    238148   2079860      3.12     52244    286108       276
01:59:58     64260956  64013464   1347996      2.05       244    238148   2079860      3.12     52244    286108       276
01:59:59     64260956  64013464   1347996      2.05       244    238148   2079860      3.12     52244    286108       276
02:00:00     64259948  64012456   1349004      2.06       244    238148   2082204      3.13     52244    286544       276
02:00:01     64257700  64010244   1351252      2.06       244    238232   2079860      3.12     52304    283576       468
02:00:02     64261644  64014268   1347308      2.05       244    238392   2081136      3.12     52356    281852      1632
02:00:03     64259656  64012976   1349296      2.06       244    239760   2081312      3.12     52848    283072      1900
