Linux 6.6.23 (eternity1) 	05/24/25 	_x86_64_	(40 CPU)

01:59:24    kbmemfree   kbavail kbmemused  %memused kbbuffers  kbcached  kbcommit   %commit  kbactive   kbinact   kbdirty
01:59:25     63805748  63642196   1803120      2.75         0    398044   2966224      4.45     60292    680900      6048
01:59:26     63806324  63642760   1802544      2.75         0    398048   2966224      4.45     60296    680012      6056
01:59:27     63806340  63642776   1802528      2.75         0    398052   2966224      4.45     60296    680012      6060
01:59:28     63806100  63642540   1802768      2.75         0    398056   2966224      4.45     60296    680064      1860
01:59:29     63806224  63642664   1802644      2.75         0    398060   2966224      4.45     60296    680064      1880
01:59:30     63806224  63642664   1802644      2.75         0    398064   2966224      4.45     60296    680064      1884
01:59:31     63806224  63642664   1802644      2.75         0    398068   2966224      4.45     60296    680064      1888
01:59:32     63806224  63642664   1802644      2.75         0    398072   2966224      4.45     60296    680064      1892
01:59:33     63805520  63641988   1803348      2.75         0    398080   2966224      4.45     60296    680184        40
01:59:34     63805520  63641992   1803348      2.75         0    398084   2966224      4.45     60296    680244        44
01:59:35     63805632  63642116   1803236      2.75         0    398088   2966224      4.45     60296    680124        48
01:59:36     63805536  63642024   1803332      2.75         0    398092   2966224      4.45     60296    680152        52
01:59:37     63805284  63641776   1803584      2.75         0    398096   2966224      4.45     60296    679824        56
01:59:38     63787192  63623688   1821676      2.78         0    398108   2991684      4.49     60296    703316      1876
01:59:39     63779308  63615988   1829560      2.79         0    398260   2991576      4.49     60388    703588      3416
01:59:40     63800664  63637464   1808204      2.76         0    398368   2965776      4.45     60408    680724      3684
01:59:41     63801572  63638372   1807296      2.75         0    398364   2965776      4.45     60396    679824      3688
01:59:42     63801332  63638132   1807536      2.76         0    398368   2965776      4.45     60396    679824      3692
01:59:43     63801332  63638132   1807536      2.76         0    398372   2965776      4.45     60396    679824       680
01:59:44     63801684  63638484   1807184      2.75         0    398380   2965776      4.45     60396    679824        24
01:59:45     63801684  63638484   1807184      2.75         0    398384   2965776      4.45     60396    679824        28
01:59:46     63801684  63638484   1807184      2.75         0    398384   2965776      4.45     60396    679824        28
01:59:47     63801684  63638484   1807184      2.75         0    398388   2965776      4.45     60396    679824        32
01:59:48     63801696  63638496   1807172      2.75         0    398396   2965776      4.45     60396    679824        40
01:59:49     63801696  63638528   1807172      2.75         0    398404   2965776      4.45     60396    679884        48
01:59:50     63803020  63639856   1805848      2.75         0    398408   2970176      4.46     60400    682528        52
01:59:51     63802792  63639676   1806076      2.75         0    398456   2965776      4.45     60428    680100        52
01:59:52     63803556  63640440   1805312      2.75         0    398460   2965776      4.45     60424    679908        56
01:59:53     63803556  63640440   1805312      2.75         0    398472   2965776      4.45     60424    679908        64
01:59:54     63803556  63640440   1805312      2.75         0    398480   2965776      4.45     60424    679900        12
01:59:55     63803556  63640440   1805312      2.75         0    398484   2965776      4.45     60424    679900        24
01:59:56     63806424  63643308   1802444      2.75         0    398488   2965776      4.45     60424    679900        28
01:59:57     63806488  63643372   1802380      2.75         0    398488   2965776      4.45     60424    679900        28
01:59:58     63806248  63643132   1802620      2.75         0    398496   2965776      4.45     60424    679900        36
01:59:59     63806248  63643160   1802620      2.75         0    398508   2965776      4.45     60424    679928         8
02:00:00     63805704  63642616   1803164      2.75         0    398508   2966324      4.45     60428    680448        16
02:00:01     63783672  63620584   1825196      2.78         0    398520   2990432      4.49     60424    701748      2396
02:00:02     63784552  63623320   1824316      2.78         0    399964   2990844      4.49     60976    704968      4920
