Linux 6.6.23 (eternity2) 	05/24/25 	_x86_64_	(40 CPU)

01:59:35        CPU     %user     %nice   %system   %iowait    %steal     %idle
01:59:36        all      2.13      0.00      0.60      0.70      0.00     96.57
01:59:36          0      1.98      0.00      1.98      0.00      0.00     96.04
01:59:36          1      1.00      0.00      0.00      0.00      0.00     99.00
01:59:36          2      0.00      0.00      0.00      0.00      0.00    100.00
01:59:36          3      8.16      0.00      2.04      0.00      0.00     89.80
01:59:36          4      3.03      0.00      0.00      0.00      0.00     96.97
01:59:36          5      1.98      0.00      0.99      0.00      0.00     97.03
01:59:36          6     49.49      0.00      5.05      0.00      0.00     45.45
01:59:36          7      0.00      0.00      0.00      0.00      0.00    100.00
01:59:36          8      0.00      0.00      0.00      0.00      0.00    100.00
01:59:36          9      0.00      0.00      0.00      0.00      0.00    100.00
01:59:36         10      0.00      0.00      0.99      1.98      0.00     97.03
01:59:36         11      0.99      0.00      0.99      0.00      0.00     98.02
01:59:36         12      1.98      0.00      0.99      0.00      0.00     97.03
01:59:36         13      0.00      0.00      0.00      0.00      0.00    100.00
01:59:36         14      0.00      0.00      1.02      5.10      0.00     93.88
01:59:36         15      0.00      0.00      1.00      2.00      0.00     97.00
01:59:36         16      0.00      0.00      0.00      0.00      0.00    100.00
01:59:36         17      5.10      0.00      2.04     12.24      0.00     80.61
01:59:36         18      2.02      0.00      3.03      7.07      0.00     87.88
01:59:36         19      0.00      0.00      1.00      0.00      0.00     99.00
01:59:36         20      0.00      0.00      0.00      0.00      0.00    100.00
01:59:36         21      0.00      0.00      0.00      0.00      0.00    100.00
01:59:36         22      0.00      0.00      0.00      0.00      0.00    100.00
01:59:36         23      0.00      0.00      0.00      0.00      0.00    100.00
01:59:36         24      4.95      0.00      0.99      0.00      0.00     94.06
01:59:36         25      0.00      0.00      0.00      0.00      0.00    100.00
01:59:36         26      2.00      0.00      1.00      0.00      0.00     97.00
01:59:36         27      0.99      0.00      0.99      0.00      0.00     98.02
01:59:36         28      0.00      0.00      0.00      0.00      0.00    100.00
01:59:36         29      0.00      0.00      0.00      0.00      0.00    100.00
01:59:36         30      0.00      0.00      0.00      0.00      0.00    100.00
01:59:36         31      0.00      0.00      0.00      0.00      0.00    100.00
01:59:36         32      0.00      0.00      0.00      0.00      0.00    100.00
01:59:36         33      0.00      0.00      0.00      0.00      0.00    100.00
01:59:36         34      0.00      0.00      0.00      0.00      0.00    100.00
01:59:36         35      0.00      0.00      0.00      0.00      0.00    100.00
01:59:36         36      0.99      0.00      0.00      0.00      0.00     99.01
01:59:36         37      0.00      0.00      0.00      0.00      0.00    100.00
01:59:36         38      0.00      0.00      0.00      0.00      0.00    100.00
01:59:36         39      0.00      0.00      0.00      0.00      0.00    100.00

01:59:36        CPU     %user     %nice   %system   %iowait    %steal     %idle
01:59:37        all      1.98      0.00      0.28      0.00      0.00     97.75
01:59:37          0     10.00      0.00      0.00      0.00      0.00     90.00
01:59:37          1      0.00      0.00      1.02      0.00      0.00     98.98
01:59:37          2      1.98      0.00      0.99      0.00      0.00     97.03
01:59:37          3     46.00      0.00      3.00      0.00      0.00     51.00
01:59:37          4      0.00      0.00      0.00      0.00      0.00    100.00
01:59:37          5      1.00      0.00      1.00      0.00      0.00     98.00
01:59:37          6      0.00      0.00      0.00      0.00      0.00    100.00
01:59:37          7      0.00      0.00      0.00      0.00      0.00    100.00
01:59:37          8      0.00      0.00      0.00      0.00      0.00    100.00
01:59:37          9      1.00      0.00      0.00      0.00      0.00     99.00
01:59:37         10      0.00      0.00      0.00      0.00      0.00    100.00
01:59:37         11      2.00      0.00      0.00      0.00      0.00     98.00
01:59:37         12      0.00      0.00      0.00      0.00      0.00    100.00
01:59:37         13      0.00      0.00      0.00      0.00      0.00    100.00
01:59:37         14      0.99      0.00      0.00      0.00      0.00     99.01
01:59:37         15      0.00      0.00      1.01      0.00      0.00     98.99
01:59:37         16      0.00      0.00      1.00      0.00      0.00     99.00
01:59:37         17      0.00      0.00      0.00      0.00      0.00    100.00
01:59:37         18      0.00      0.00      0.00      0.00      0.00    100.00
01:59:37         19      0.00      0.00      0.00      0.00      0.00    100.00
01:59:37         20      8.00      0.00      1.00      0.00      0.00     91.00
01:59:37         21      0.00      0.00      0.00      0.00      0.00    100.00
01:59:37         22      0.00      0.00      0.00      0.00      0.00    100.00
01:59:37         23      0.00      0.00      0.00      0.00      0.00    100.00
01:59:37         24      1.01      0.00      1.01      0.00      0.00     97.98
01:59:37         25      0.99      0.00      0.00      0.00      0.00     99.01
01:59:37         26      6.93      0.00      1.98      0.00      0.00     91.09
01:59:37         27      0.00      0.00      0.00      0.00      0.00    100.00
01:59:37         28      1.00      0.00      1.00      0.00      0.00     98.00
01:59:37         29      0.00      0.00      0.00      0.00      0.00    100.00
01:59:37         30      0.00      0.00      0.00      0.00      0.00    100.00
01:59:37         31      0.00      0.00      0.00      0.00      0.00    100.00
01:59:37         32      0.00      0.00      0.00      0.00      0.00    100.00
01:59:37         33      0.00      0.00      0.00      0.00      0.00    100.00
01:59:37         34      0.00      0.00      0.00      0.00      0.00    100.00
01:59:37         35      0.00      0.00      0.00      0.00      0.00    100.00
01:59:37         36      0.00      0.00      0.00      0.00      0.00    100.00
01:59:37         37      0.00      0.00      0.00      0.00      0.00    100.00
01:59:37         38      0.00      0.00      0.00      0.00      0.00    100.00
01:59:37         39      0.00      0.00      0.00      0.00      0.00    100.00

01:59:37        CPU     %user     %nice   %system   %iowait    %steal     %idle
01:59:38        all      1.13      0.00      0.35      0.10      0.00     98.42
01:59:38          0      6.00      0.00      3.00      0.00      0.00     91.00
01:59:38          1     33.33      0.00      5.05      0.00      0.00     61.62
01:59:38          2      0.00      0.00      0.00      1.00      0.00     99.00
01:59:38          3      0.00      0.00      0.00      0.00      0.00    100.00
01:59:38          4      0.00      0.00      0.00      0.00      0.00    100.00
01:59:38          5      1.00      0.00      0.00      0.00      0.00     99.00
01:59:38          6      0.00      0.00      0.99      0.00      0.00     99.01
01:59:38          7      0.99      0.00      0.99      0.00      0.00     98.02
01:59:38          8      0.00      0.00      0.00      0.00      0.00    100.00
01:59:38          9      0.00      0.00      0.00      0.00      0.00    100.00
01:59:38         10      0.00      0.00      0.00      0.00      0.00    100.00
01:59:38         11      0.00      0.00      0.00      0.00      0.00    100.00
01:59:38         12      0.00      0.00      0.00      0.00      0.00    100.00
01:59:38         13      0.00      0.00      0.00      0.00      0.00    100.00
01:59:38         14      0.00      0.00      0.00      0.00      0.00    100.00
01:59:38         15      0.00      0.00      0.00      0.00      0.00    100.00
01:59:38         16      0.00      0.00      0.00      0.00      0.00    100.00
01:59:38         17      0.00      0.00      0.00      0.00      0.00    100.00
01:59:38         18      0.99      0.00      0.99      0.00      0.00     98.02
01:59:38         19      0.00      0.00      0.00      0.00      0.00    100.00
01:59:38         20      0.00      0.00      0.00      0.00      0.00    100.00
01:59:38         21      2.00      0.00      1.00      0.00      0.00     97.00
01:59:38         22      0.00      0.00      0.00      0.00      0.00    100.00
01:59:38         23      0.99      0.00      0.99      0.00      0.00     98.02
01:59:38         24      0.00      0.00      0.00      3.00      0.00     97.00
01:59:38         25      0.00      0.00      0.00      0.00      0.00    100.00
01:59:38         26      0.00      0.00      1.00      0.00      0.00     99.00
01:59:38         27      0.00      0.00      0.00      0.00      0.00    100.00
01:59:38         28      0.00      0.00      0.00      0.00      0.00    100.00
01:59:38         29      0.00      0.00      0.00      0.00      0.00    100.00
01:59:38         30      0.00      0.00      0.00      0.00      0.00    100.00
01:59:38         31      0.00      0.00      0.00      0.00      0.00    100.00
01:59:38         32      0.00      0.00      0.00      0.00      0.00    100.00
01:59:38         33      0.00      0.00      0.00      0.00      0.00    100.00
01:59:38         34      0.00      0.00      0.00      0.00      0.00    100.00
01:59:38         35      0.00      0.00      0.00      0.00      0.00    100.00
01:59:38         36      0.00      0.00      0.00      0.00      0.00    100.00
01:59:38         37      0.00      0.00      0.00      0.00      0.00    100.00
01:59:38         38      0.00      0.00      0.00      0.00      0.00    100.00
01:59:38         39      0.00      0.00      0.00      0.00      0.00    100.00

01:59:38        CPU     %user     %nice   %system   %iowait    %steal     %idle
01:59:39        all      0.00      0.00      0.00      0.00      0.00    100.00
01:59:39          0      0.00      0.00      0.00      0.00      0.00    100.00
01:59:39          1      0.00      0.00      0.00      0.00      0.00    100.00
01:59:39          2      0.00      0.00      0.00      0.00      0.00    100.00
01:59:39          3      0.00      0.00      0.00      0.00      0.00    100.00
01:59:39          4      0.00      0.00      0.00      0.00      0.00    100.00
01:59:39          5      0.00      0.00      0.00      0.00      0.00    100.00
01:59:39          6      0.00      0.00      0.00      0.00      0.00    100.00
01:59:39          7      0.00      0.00      0.00      0.00      0.00    100.00
01:59:39          8      0.00      0.00      0.00      0.00      0.00    100.00
01:59:39          9      0.00      0.00      0.00      0.00      0.00    100.00
01:59:39         10      0.00      0.00      0.00      0.00      0.00    100.00
01:59:39         11      0.00      0.00      0.00      0.00      0.00    100.00
01:59:39         12      0.00      0.00      0.00      0.00      0.00    100.00
01:59:39         13      0.00      0.00      0.00      0.00      0.00    100.00
01:59:39         14      0.00      0.00      0.00      0.00      0.00    100.00
01:59:39         15      0.00      0.00      0.00      0.00      0.00    100.00
01:59:39         16      0.00      0.00      0.00      0.00      0.00    100.00
01:59:39         17      0.00      0.00      0.00      0.00      0.00    100.00
01:59:39         18      0.00      0.00      0.00      0.00      0.00    100.00
01:59:39         19      0.00      0.00      0.00      0.00      0.00    100.00
01:59:39         20      0.00      0.00      0.00      0.00      0.00    100.00
01:59:39         21      0.00      0.00      0.00      0.00      0.00    100.00
01:59:39         22      0.00      0.00      0.00      0.00      0.00    100.00
01:59:39         23      0.00      0.00      0.00      0.00      0.00    100.00
01:59:39         24      0.00      0.00      0.00      0.00      0.00    100.00
01:59:39         25      0.00      0.00      0.00      0.00      0.00    100.00
01:59:39         26      0.00      0.00      0.00      0.00      0.00    100.00
01:59:39         27      0.00      0.00      0.00      0.00      0.00    100.00
01:59:39         28      0.00      0.00      0.00      0.00      0.00    100.00
01:59:39         29      0.00      0.00      0.00      0.00      0.00    100.00
01:59:39         30      0.00      0.00      0.00      0.00      0.00    100.00
01:59:39         31      0.00      0.00      0.00      0.00      0.00    100.00
01:59:39         32      0.00      0.00      0.00      0.00      0.00    100.00
01:59:39         33      0.00      0.00      0.00      0.00      0.00    100.00
01:59:39         34      0.00      0.00      0.00      0.00      0.00    100.00
01:59:39         35      0.00      0.00      0.00      0.00      0.00    100.00
01:59:39         36      0.00      0.00      0.00      0.00      0.00    100.00
01:59:39         37      0.00      0.00      0.00      0.00      0.00    100.00
01:59:39         38      0.00      0.00      0.00      0.00      0.00    100.00
01:59:39         39      0.00      0.00      0.00      0.00      0.00    100.00

01:59:39        CPU     %user     %nice   %system   %iowait    %steal     %idle
01:59:40        all      0.00      0.00      0.00      0.00      0.00    100.00
01:59:40          0      0.00      0.00      0.00      0.00      0.00    100.00
01:59:40          1      0.00      0.00      0.00      0.00      0.00    100.00
01:59:40          2      0.00      0.00      0.00      0.00      0.00    100.00
01:59:40          3      0.00      0.00      0.00      0.00      0.00    100.00
01:59:40          4      0.00      0.00      0.00      0.00      0.00    100.00
01:59:40          5      0.00      0.00      0.00      0.00      0.00    100.00
01:59:40          6      0.00      0.00      0.00      0.00      0.00    100.00
01:59:40          7      0.00      0.00      0.00      0.00      0.00    100.00
01:59:40          8      0.00      0.00      0.00      0.00      0.00    100.00
01:59:40          9      0.00      0.00      0.00      0.00      0.00    100.00
01:59:40         10      0.00      0.00      0.00      0.00      0.00    100.00
01:59:40         11      0.00      0.00      0.00      0.00      0.00    100.00
01:59:40         12      0.00      0.00      0.00      0.00      0.00    100.00
01:59:40         13      0.00      0.00      0.99      0.00      0.00     99.01
01:59:40         14      0.00      0.00      0.00      0.00      0.00    100.00
01:59:40         15      0.00      0.00      0.00      0.00      0.00    100.00
01:59:40         16      0.00      0.00      0.00      0.00      0.00    100.00
01:59:40         17      0.00      0.00      0.00      0.00      0.00    100.00
01:59:40         18      0.00      0.00      0.00      0.00      0.00    100.00
01:59:40         19      0.00      0.00      0.00      0.00      0.00    100.00
01:59:40         20      0.00      0.00      0.00      0.00      0.00    100.00
01:59:40         21      0.00      0.00      0.00      0.00      0.00    100.00
01:59:40         22      0.99      0.00      0.00      0.00      0.00     99.01
01:59:40         23      0.00      0.00      0.00      0.00      0.00    100.00
01:59:40         24      0.00      0.00      0.00      0.00      0.00    100.00
01:59:40         25      0.00      0.00      0.00      0.00      0.00    100.00
01:59:40         26      0.00      0.00      0.00      0.00      0.00    100.00
01:59:40         27      0.00      0.00      0.00      0.00      0.00    100.00
01:59:40         28      0.00      0.00      0.00      0.00      0.00    100.00
01:59:40         29      0.00      0.00      0.00      0.00      0.00    100.00
01:59:40         30      0.00      0.00      0.00      0.00      0.00    100.00
01:59:40         31      0.00      0.00      0.00      0.00      0.00    100.00
01:59:40         32      0.00      0.00      0.00      0.00      0.00    100.00
01:59:40         33      0.00      0.00      0.00      0.00      0.00    100.00
01:59:40         34      0.00      0.00      0.00      0.00      0.00    100.00
01:59:40         35      0.00      0.00      0.00      0.00      0.00    100.00
01:59:40         36      0.00      0.00      0.00      0.00      0.00    100.00
01:59:40         37      0.00      0.00      0.00      0.00      0.00    100.00
01:59:40         38      0.00      0.00      0.00      0.00      0.00    100.00
01:59:40         39      0.00      0.00      0.00      0.00      0.00    100.00

01:59:40        CPU     %user     %nice   %system   %iowait    %steal     %idle
01:59:41        all      0.02      0.00      0.02      0.00      0.00     99.95
01:59:41          0      0.00      0.00      0.00      0.00      0.00    100.00
01:59:41          1      0.00      0.00      0.00      0.00      0.00    100.00
01:59:41          2      0.00      0.00      0.00      0.00      0.00    100.00
01:59:41          3      0.00      0.00      0.00      0.00      0.00    100.00
01:59:41          4      0.00      0.00      0.00      0.00      0.00    100.00
01:59:41          5      0.00      0.00      0.00      0.00      0.00    100.00
01:59:41          6      0.00      0.00      0.00      0.00      0.00    100.00
01:59:41          7      0.00      0.00      0.00      0.00      0.00    100.00
01:59:41          8      0.00      0.00      0.00      0.00      0.00    100.00
01:59:41          9      0.00      0.00      0.00      0.00      0.00    100.00
01:59:41         10      0.00      0.00      0.00      0.00      0.00    100.00
01:59:41         11      0.00      0.00      0.00      0.00      0.00    100.00
01:59:41         12      0.00      0.00      0.00      0.00      0.00    100.00
01:59:41         13      0.00      0.00      0.00      0.00      0.00    100.00
01:59:41         14      0.00      0.00      0.00      0.00      0.00    100.00
01:59:41         15      0.00      0.00      0.00      0.00      0.00    100.00
01:59:41         16      0.00      0.00      0.00      0.00      0.00    100.00
01:59:41         17      0.99      0.00      0.00      0.00      0.00     99.01
01:59:41         18      0.00      0.00      0.99      0.00      0.00     99.01
01:59:41         19      0.00      0.00      0.00      0.00      0.00    100.00
01:59:41         20      0.00      0.00      0.00      0.00      0.00    100.00
01:59:41         21      0.00      0.00      0.00      0.00      0.00    100.00
01:59:41         22      0.00      0.00      0.00      0.00      0.00    100.00
01:59:41         23      0.00      0.00      0.00      0.00      0.00    100.00
01:59:41         24      0.00      0.00      0.00      0.00      0.00    100.00
01:59:41         25      0.00      0.00      0.00      0.00      0.00    100.00
01:59:41         26      0.00      0.00      0.00      0.00      0.00    100.00
01:59:41         27      0.00      0.00      0.00      0.00      0.00    100.00
01:59:41         28      0.00      0.00      0.00      0.00      0.00    100.00
01:59:41         29      0.00      0.00      0.00      0.00      0.00    100.00
01:59:41         30      0.00      0.00      0.00      0.00      0.00    100.00
01:59:41         31      0.00      0.00      0.00      0.00      0.00    100.00
01:59:41         32      0.00      0.00      0.00      0.00      0.00    100.00
01:59:41         33      0.00      0.00      0.00      0.00      0.00    100.00
01:59:41         34      0.00      0.00      0.00      0.00      0.00    100.00
01:59:41         35      0.00      0.00      0.00      0.00      0.00    100.00
01:59:41         36      0.00      0.00      0.00      0.00      0.00    100.00
01:59:41         37      0.00      0.00      0.00      0.00      0.00    100.00
01:59:41         38      0.00      0.00      0.00      0.00      0.00    100.00
01:59:41         39      0.00      0.00      0.00      0.00      0.00    100.00

01:59:41        CPU     %user     %nice   %system   %iowait    %steal     %idle
01:59:42        all      0.00      0.00      0.00      0.00      0.00    100.00
01:59:42          0      0.00      0.00      0.00      0.00      0.00    100.00
01:59:42          1      0.00      0.00      0.00      0.00      0.00    100.00
01:59:42          2      0.00      0.00      0.00      0.00      0.00    100.00
01:59:42          3      0.00      0.00      0.00      0.00      0.00    100.00
01:59:42          4      0.00      0.00      0.00      0.00      0.00    100.00
01:59:42          5      0.00      0.00      0.00      0.00      0.00    100.00
01:59:42          6      0.00      0.00      0.00      0.00      0.00    100.00
01:59:42          7      0.00      0.00      0.00      0.00      0.00    100.00
01:59:42          8      0.00      0.00      0.00      0.00      0.00    100.00
01:59:42          9      0.00      0.00      0.00      0.00      0.00    100.00
01:59:42         10      0.00      0.00      0.00      0.00      0.00    100.00
01:59:42         11      0.00      0.00      0.00      0.00      0.00    100.00
01:59:42         12      0.00      0.00      0.00      0.00      0.00    100.00
01:59:42         13      0.00      0.00      0.00      0.00      0.00    100.00
01:59:42         14      0.00      0.00      0.00      0.00      0.00    100.00
01:59:42         15      0.00      0.00      0.00      0.00      0.00    100.00
01:59:42         16      0.00      0.00      0.00      0.00      0.00    100.00
01:59:42         17      0.00      0.00      0.00      0.00      0.00    100.00
01:59:42         18      0.00      0.00      0.00      0.00      0.00    100.00
01:59:42         19      0.99      0.00      0.00      0.00      0.00     99.01
01:59:42         20      0.00      0.00      0.00      0.00      0.00    100.00
01:59:42         21      0.00      0.00      0.00      0.00      0.00    100.00
01:59:42         22      0.00      0.00      0.00      0.00      0.00    100.00
01:59:42         23      0.00      0.00      0.00      0.00      0.00    100.00
01:59:42         24      0.00      0.00      0.00      0.00      0.00    100.00
01:59:42         25      0.00      0.00      0.00      0.00      0.00    100.00
01:59:42         26      0.00      0.00      0.00      0.00      0.00    100.00
01:59:42         27      0.00      0.00      0.00      0.00      0.00    100.00
01:59:42         28      0.00      0.00      0.00      0.00      0.00    100.00
01:59:42         29      0.00      0.00      0.00      0.00      0.00    100.00
01:59:42         30      0.00      0.00      0.00      0.00      0.00    100.00
01:59:42         31      0.00      0.00      0.00      0.00      0.00    100.00
01:59:42         32      0.00      0.00      0.00      0.00      0.00    100.00
01:59:42         33      0.00      0.00      0.00      0.00      0.00    100.00
01:59:42         34      0.00      0.00      0.00      0.00      0.00    100.00
01:59:42         35      0.00      0.00      0.00      0.00      0.00    100.00
01:59:42         36      0.00      0.00      0.00      0.00      0.00    100.00
01:59:42         37      0.00      0.00      0.00      0.00      0.00    100.00
01:59:42         38      0.00      0.00      0.00      0.00      0.00    100.00
01:59:42         39      0.00      0.00      0.00      0.00      0.00    100.00

01:59:42        CPU     %user     %nice   %system   %iowait    %steal     %idle
01:59:43        all      0.02      0.00      0.02      0.00      0.00     99.95
01:59:43          0      0.00      0.00      0.00      0.00      0.00    100.00
01:59:43          1      0.00      0.00      0.00      0.00      0.00    100.00
01:59:43          2      0.00      0.00      0.00      0.00      0.00    100.00
01:59:43          3      0.00      0.00      0.00      0.00      0.00    100.00
01:59:43          4      0.00      0.00      0.00      0.00      0.00    100.00
01:59:43          5      0.00      0.00      0.00      0.00      0.00    100.00
01:59:43          6      0.00      0.00      0.00      0.00      0.00    100.00
01:59:43          7      0.00      0.00      0.00      0.00      0.00    100.00
01:59:43          8      0.00      0.00      0.00      0.00      0.00    100.00
01:59:43          9      0.00      0.00      0.00      0.00      0.00    100.00
01:59:43         10      0.00      0.00      0.00      0.00      0.00    100.00
01:59:43         11      0.00      0.00      0.00      0.00      0.00    100.00
01:59:43         12      0.00      0.00      0.00      0.00      0.00    100.00
01:59:43         13      0.99      0.00      0.00      0.00      0.00     99.01
01:59:43         14      0.00      0.00      0.00      0.00      0.00    100.00
01:59:43         15      0.00      0.00      0.00      0.00      0.00    100.00
01:59:43         16      0.00      0.00      0.00      0.00      0.00    100.00
01:59:43         17      0.00      0.00      0.00      0.00      0.00    100.00
01:59:43         18      0.00      0.00      0.00      0.00      0.00    100.00
01:59:43         19      0.00      0.00      0.00      0.00      0.00    100.00
01:59:43         20      0.00      0.00      0.00      0.00      0.00    100.00
01:59:43         21      0.00      0.00      0.00      0.00      0.00    100.00
01:59:43         22      0.00      0.00      0.00      0.00      0.00    100.00
01:59:43         23      0.00      0.00      0.00      0.00      0.00    100.00
01:59:43         24      0.00      0.00      0.00      0.00      0.00    100.00
01:59:43         25      0.00      0.00      0.00      0.00      0.00    100.00
01:59:43         26      0.00      0.00      0.00      0.00      0.00    100.00
01:59:43         27      0.00      0.00      0.00      0.00      0.00    100.00
01:59:43         28      0.00      0.00      0.00      0.00      0.00    100.00
01:59:43         29      0.00      0.00      0.00      0.00      0.00    100.00
01:59:43         30      0.00      0.00      0.00      0.00      0.00    100.00
01:59:43         31      0.00      0.00      0.00      0.00      0.00    100.00
01:59:43         32      0.00      0.00      0.00      0.00      0.00    100.00
01:59:43         33      0.00      0.00      0.00      0.00      0.00    100.00
01:59:43         34      0.00      0.00      0.00      0.00      0.00    100.00
01:59:43         35      0.00      0.00      0.00      0.00      0.00    100.00
01:59:43         36      0.00      0.00      0.00      0.00      0.00    100.00
01:59:43         37      0.00      0.00      0.00      0.00      0.00    100.00
01:59:43         38      0.00      0.00      0.00      0.00      0.00    100.00
01:59:43         39      0.00      0.00      0.00      0.00      0.00    100.00

01:59:43        CPU     %user     %nice   %system   %iowait    %steal     %idle
01:59:44        all      0.00      0.00      0.00      0.00      0.00    100.00
01:59:44          0      0.00      0.00      0.00      0.00      0.00    100.00
01:59:44          1      0.00      0.00      0.00      0.00      0.00    100.00
01:59:44          2      0.00      0.00      0.00      0.00      0.00    100.00
01:59:44          3      0.00      0.00      0.00      0.00      0.00    100.00
01:59:44          4      0.00      0.00      0.00      0.00      0.00    100.00
01:59:44          5      0.00      0.00      0.00      0.00      0.00    100.00
01:59:44          6      0.00      0.00      0.00      0.00      0.00    100.00
01:59:44          7      0.00      0.00      0.00      0.00      0.00    100.00
01:59:44          8      0.00      0.00      0.00      0.00      0.00    100.00
01:59:44          9      0.00      0.00      0.00      0.00      0.00    100.00
01:59:44         10      0.00      0.00      0.00      0.00      0.00    100.00
01:59:44         11      0.00      0.00      0.00      0.00      0.00    100.00
01:59:44         12      0.00      0.00      0.00      0.00      0.00    100.00
01:59:44         13      0.00      0.00      0.00      0.00      0.00    100.00
01:59:44         14      0.00      0.00      0.00      0.00      0.00    100.00
01:59:44         15      0.00      0.00      0.00      0.00      0.00    100.00
01:59:44         16      0.00      0.00      0.00      0.00      0.00    100.00
01:59:44         17      0.00      0.00      0.00      0.00      0.00    100.00
01:59:44         18      0.00      0.00      0.00      0.00      0.00    100.00
01:59:44         19      0.00      0.00      0.99      0.00      0.00     99.01
01:59:44         20      0.00      0.00      0.00      0.00      0.00    100.00
01:59:44         21      0.00      0.00      0.00      0.00      0.00    100.00
01:59:44         22      0.00      0.00      0.00      0.00      0.00    100.00
01:59:44         23      0.00      0.00      0.00      0.00      0.00    100.00
01:59:44         24      0.00      0.00      0.00      0.00      0.00    100.00
01:59:44         25      0.00      0.00      0.00      0.00      0.00    100.00
01:59:44         26      0.00      0.00      0.00      0.00      0.00    100.00
01:59:44         27      0.00      0.00      0.00      0.00      0.00    100.00
01:59:44         28      0.00      0.00      0.00      0.00      0.00    100.00
01:59:44         29      0.00      0.00      0.00      0.00      0.00    100.00
01:59:44         30      0.00      0.00      0.00      0.00      0.00    100.00
01:59:44         31      0.00      0.00      0.00      0.00      0.00    100.00
01:59:44         32      0.00      0.00      0.00      0.00      0.00    100.00
01:59:44         33      0.00      0.00      0.00      0.00      0.00    100.00
01:59:44         34      0.00      0.00      0.00      0.00      0.00    100.00
01:59:44         35      0.00      0.00      0.00      0.00      0.00    100.00
01:59:44         36      0.00      0.00      0.00      0.00      0.00    100.00
01:59:44         37      0.00      0.00      0.00      0.00      0.00    100.00
01:59:44         38      0.00      0.00      0.00      0.00      0.00    100.00
01:59:44         39      0.00      0.00      0.00      0.00      0.00    100.00

01:59:44        CPU     %user     %nice   %system   %iowait    %steal     %idle
01:59:45        all      0.00      0.00      0.03      0.00      0.00     99.97
01:59:45          0      0.00      0.00      0.00      0.00      0.00    100.00
01:59:45          1      0.00      0.00      0.00      0.00      0.00    100.00
01:59:45          2      0.00      0.00      0.00      0.00      0.00    100.00
01:59:45          3      0.00      0.00      0.00      0.00      0.00    100.00
01:59:45          4      0.00      0.00      0.00      0.00      0.00    100.00
01:59:45          5      0.00      0.00      0.00      0.00      0.00    100.00
01:59:45          6      0.00      0.00      0.00      0.00      0.00    100.00
01:59:45          7      0.00      0.00      0.00      0.00      0.00    100.00
01:59:45          8      0.00      0.00      0.00      0.00      0.00    100.00
01:59:45          9      0.00      0.00      0.00      0.00      0.00    100.00
01:59:45         10      0.00      0.00      0.00      0.00      0.00    100.00
01:59:45         11      0.00      0.00      0.00      0.00      0.00    100.00
01:59:45         12      0.00      0.00      0.00      0.00      0.00    100.00
01:59:45         13      0.00      0.00      0.00      0.00      0.00    100.00
01:59:45         14      0.00      0.00      0.00      0.00      0.00    100.00
01:59:45         15      0.00      0.00      0.00      0.00      0.00    100.00
01:59:45         16      0.00      0.00      0.00      0.00      0.00    100.00
01:59:45         17      0.00      0.00      0.00      0.00      0.00    100.00
01:59:45         18      0.00      0.00      0.00      0.00      0.00    100.00
01:59:45         19      0.00      0.00      0.00      0.00      0.00    100.00
01:59:45         20      0.00      0.00      0.00      0.00      0.00    100.00
01:59:45         21      0.00      0.00      0.00      0.00      0.00    100.00
01:59:45         22      0.00      0.00      0.00      0.00      0.00    100.00
01:59:45         23      0.00      0.00      0.00      0.00      0.00    100.00
01:59:45         24      0.00      0.00      0.00      0.00      0.00    100.00
01:59:45         25      0.00      0.00      0.00      0.00      0.00    100.00
01:59:45         26      0.00      0.00      0.00      0.00      0.00    100.00
01:59:45         27      0.00      0.00      0.00      0.00      0.00    100.00
01:59:45         28      0.00      0.00      0.00      0.00      0.00    100.00
01:59:45         29      0.00      0.00      0.00      0.00      0.00    100.00
01:59:45         30      0.00      0.00      0.00      0.00      0.00    100.00
01:59:45         31      0.00      0.00      0.00      0.00      0.00    100.00
01:59:45         32      0.00      0.00      0.00      0.00      0.00    100.00
01:59:45         33      0.00      0.00      0.00      0.00      0.00    100.00
01:59:45         34      0.00      0.00      0.00      0.00      0.00    100.00
01:59:45         35      0.00      0.00      0.00      0.00      0.00    100.00
01:59:45         36      0.00      0.00      0.00      0.00      0.00    100.00
01:59:45         37      0.00      0.00      0.00      0.00      0.00    100.00
01:59:45         38      0.00      0.00      0.00      0.00      0.00    100.00
01:59:45         39      0.00      0.00      0.00      0.00      0.00    100.00

01:59:45        CPU     %user     %nice   %system   %iowait    %steal     %idle
01:59:46        all      0.00      0.00      0.00      0.00      0.00    100.00
01:59:46          0      0.00      0.00      0.00      0.00      0.00    100.00
01:59:46          1      0.00      0.00      0.00      0.00      0.00    100.00
01:59:46          2      0.00      0.00      0.00      0.00      0.00    100.00
01:59:46          3      0.00      0.00      0.00      0.00      0.00    100.00
01:59:46          4      0.00      0.00      0.00      0.00      0.00    100.00
01:59:46          5      0.00      0.00      0.00      0.00      0.00    100.00
01:59:46          6      0.00      0.00      0.00      0.00      0.00    100.00
01:59:46          7      0.00      0.00      0.00      0.00      0.00    100.00
01:59:46          8      0.00      0.00      0.00      0.00      0.00    100.00
01:59:46          9      0.00      0.00      0.00      0.00      0.00    100.00
01:59:46         10      0.00      0.00      0.00      0.00      0.00    100.00
01:59:46         11      0.00      0.00      0.00      0.00      0.00    100.00
01:59:46         12      0.00      0.00      0.00      0.00      0.00    100.00
01:59:46         13      0.00      0.00      0.00      0.00      0.00    100.00
01:59:46         14      0.00      0.00      0.00      0.00      0.00    100.00
01:59:46         15      0.00      0.00      0.00      0.00      0.00    100.00
01:59:46         16      0.00      0.00      0.00      0.00      0.00    100.00
01:59:46         17      0.00      0.00      0.00      0.00      0.00    100.00
01:59:46         18      0.00      0.00      0.00      0.00      0.00    100.00
01:59:46         19      0.00      0.00      0.00      0.00      0.00    100.00
01:59:46         20      0.00      0.00      0.00      0.00      0.00    100.00
01:59:46         21      0.00      0.00      0.00      0.00      0.00    100.00
01:59:46         22      0.00      0.00      0.00      0.00      0.00    100.00
01:59:46         23      0.00      0.00      0.00      0.00      0.00    100.00
01:59:46         24      0.00      0.00      0.00      0.00      0.00    100.00
01:59:46         25      0.00      0.00      0.00      0.00      0.00    100.00
01:59:46         26      0.00      0.00      0.00      0.00      0.00    100.00
01:59:46         27      0.00      0.00      0.00      0.00      0.00    100.00
01:59:46         28      0.00      0.00      0.00      0.00      0.00    100.00
01:59:46         29      0.00      0.00      0.00      0.00      0.00    100.00
01:59:46         30      0.00      0.00      0.00      0.00      0.00    100.00
01:59:46         31      0.00      0.00      0.00      0.00      0.00    100.00
01:59:46         32      0.00      0.00      0.00      0.00      0.00    100.00
01:59:46         33      0.00      0.00      0.00      0.00      0.00    100.00
01:59:46         34      0.00      0.00      0.00      0.00      0.00    100.00
01:59:46         35      0.00      0.00      0.00      0.00      0.00    100.00
01:59:46         36      0.00      0.00      0.00      0.00      0.00    100.00
01:59:46         37      0.00      0.00      0.00      0.00      0.00    100.00
01:59:46         38      0.00      0.00      0.00      0.00      0.00    100.00
01:59:46         39      0.00      0.00      0.00      0.00      0.00    100.00

01:59:46        CPU     %user     %nice   %system   %iowait    %steal     %idle
01:59:47        all      0.00      0.00      0.03      0.00      0.00     99.97
01:59:47          0      0.00      0.00      0.00      0.00      0.00    100.00
01:59:47          1      0.00      0.00      0.00      0.00      0.00    100.00
01:59:47          2      0.00      0.00      0.00      0.00      0.00    100.00
01:59:47          3      0.00      0.00      0.00      0.00      0.00    100.00
01:59:47          4      0.00      0.00      0.00      0.00      0.00    100.00
01:59:47          5      0.00      0.00      0.00      0.00      0.00    100.00
01:59:47          6      0.00      0.00      0.00      0.00      0.00    100.00
01:59:47          7      0.00      0.00      0.00      0.00      0.00    100.00
01:59:47          8      0.00      0.00      0.00      0.00      0.00    100.00
01:59:47          9      0.00      0.00      0.00      0.00      0.00    100.00
01:59:47         10      0.00      0.00      0.00      0.00      0.00    100.00
01:59:47         11      0.00      0.00      0.00      0.00      0.00    100.00
01:59:47         12      0.00      0.00      0.00      0.00      0.00    100.00
01:59:47         13      0.00      0.00      0.00      0.00      0.00    100.00
01:59:47         14      0.00      0.00      0.00      0.00      0.00    100.00
01:59:47         15      0.00      0.00      0.00      0.00      0.00    100.00
01:59:47         16      0.00      0.00      0.00      0.00      0.00    100.00
01:59:47         17      0.00      0.00      1.00      0.00      0.00     99.00
01:59:47         18      0.00      0.00      0.00      0.00      0.00    100.00
01:59:47         19      0.00      0.00      1.00      0.00      0.00     99.00
01:59:47         20      0.00      0.00      0.00      0.00      0.00    100.00
01:59:47         21      0.00      0.00      0.00      0.00      0.00    100.00
01:59:47         22      0.00      0.00      0.00      0.00      0.00    100.00
01:59:47         23      0.00      0.00      0.00      0.00      0.00    100.00
01:59:47         24      0.00      0.00      0.00      0.00      0.00    100.00
01:59:47         25      0.00      0.00      0.00      0.00      0.00    100.00
01:59:47         26      0.00      0.00      0.00      0.00      0.00    100.00
01:59:47         27      0.00      0.00      0.00      0.00      0.00    100.00
01:59:47         28      0.00      0.00      0.00      0.00      0.00    100.00
01:59:47         29      0.00      0.00      0.00      0.00      0.00    100.00
01:59:47         30      0.00      0.00      0.00      0.00      0.00    100.00
01:59:47         31      0.00      0.00      0.00      0.00      0.00    100.00
01:59:47         32      0.00      0.00      0.00      0.00      0.00    100.00
01:59:47         33      0.00      0.00      0.00      0.00      0.00    100.00
01:59:47         34      0.00      0.00      0.00      0.00      0.00    100.00
01:59:47         35      0.00      0.00      0.00      0.00      0.00    100.00
01:59:47         36      0.00      0.00      0.00      0.00      0.00    100.00
01:59:47         37      0.00      0.00      0.00      0.00      0.00    100.00
01:59:47         38      0.00      0.00      0.00      0.00      0.00    100.00
01:59:47         39      0.00      0.00      0.00      0.00      0.00    100.00

01:59:47        CPU     %user     %nice   %system   %iowait    %steal     %idle
01:59:48        all      0.00      0.00      0.00      0.00      0.00    100.00
01:59:48          0      0.00      0.00      0.00      0.00      0.00    100.00
01:59:48          1      0.00      0.00      0.00      0.00      0.00    100.00
01:59:48          2      0.00      0.00      0.00      0.00      0.00    100.00
01:59:48          3      0.00      0.00      0.00      0.00      0.00    100.00
01:59:48          4      0.00      0.00      0.00      0.00      0.00    100.00
01:59:48          5      0.00      0.00      0.00      0.00      0.00    100.00
01:59:48          6      0.00      0.00      0.00      0.00      0.00    100.00
01:59:48          7      0.00      0.00      0.00      0.00      0.00    100.00
01:59:48          8      0.00      0.00      0.00      0.00      0.00    100.00
01:59:48          9      0.00      0.00      0.00      0.00      0.00    100.00
01:59:48         10      0.00      0.00      0.00      0.00      0.00    100.00
01:59:48         11      0.00      0.00      0.00      0.00      0.00    100.00
01:59:48         12      0.00      0.00      0.00      0.00      0.00    100.00
01:59:48         13      0.00      0.00      0.00      0.00      0.00    100.00
01:59:48         14      0.00      0.00      0.00      0.00      0.00    100.00
01:59:48         15      0.00      0.00      0.00      0.00      0.00    100.00
01:59:48         16      0.00      0.00      0.00      0.00      0.00    100.00
01:59:48         17      0.00      0.00      0.00      0.00      0.00    100.00
01:59:48         18      0.00      0.00      0.00      0.00      0.00    100.00
01:59:48         19      0.00      0.00      0.00      0.00      0.00    100.00
01:59:48         20      0.00      0.00      0.00      0.00      0.00    100.00
01:59:48         21      0.00      0.00      0.00      0.00      0.00    100.00
01:59:48         22      0.00      0.00      0.00      0.00      0.00    100.00
01:59:48         23      0.00      0.00      0.00      0.00      0.00    100.00
01:59:48         24      0.00      0.00      0.00      0.00      0.00    100.00
01:59:48         25      0.00      0.00      0.00      0.00      0.00    100.00
01:59:48         26      0.00      0.00      0.00      0.00      0.00    100.00
01:59:48         27      0.00      0.00      0.00      0.00      0.00    100.00
01:59:48         28      0.00      0.00      0.00      0.00      0.00    100.00
01:59:48         29      0.00      0.00      0.00      0.00      0.00    100.00
01:59:48         30      0.00      0.00      0.00      0.00      0.00    100.00
01:59:48         31      0.00      0.00      0.00      0.00      0.00    100.00
01:59:48         32      0.00      0.00      0.00      0.00      0.00    100.00
01:59:48         33      0.00      0.00      0.00      0.00      0.00    100.00
01:59:48         34      0.00      0.00      0.00      0.00      0.00    100.00
01:59:48         35      0.00      0.00      0.00      0.00      0.00    100.00
01:59:48         36      0.00      0.00      0.00      0.00      0.00    100.00
01:59:48         37      0.00      0.00      0.00      0.00      0.00    100.00
01:59:48         38      0.00      0.00      0.00      0.00      0.00    100.00
01:59:48         39      0.00      0.00      0.00      0.00      0.00    100.00

01:59:48        CPU     %user     %nice   %system   %iowait    %steal     %idle
01:59:49        all      0.02      0.00      0.02      0.00      0.00     99.95
01:59:49          0      0.00      0.00      0.00      0.00      0.00    100.00
01:59:49          1      0.00      0.00      0.00      0.00      0.00    100.00
01:59:49          2      0.00      0.00      0.00      0.00      0.00    100.00
01:59:49          3      0.00      0.00      0.00      0.00      0.00    100.00
01:59:49          4      0.00      0.00      0.00      0.00      0.00    100.00
01:59:49          5      0.00      0.00      0.00      0.00      0.00    100.00
01:59:49          6      0.00      0.00      0.00      0.00      0.00    100.00
01:59:49          7      0.00      0.00      0.00      0.00      0.00    100.00
01:59:49          8      0.00      0.00      0.00      0.00      0.00    100.00
01:59:49          9      0.00      0.00      0.00      0.00      0.00    100.00
01:59:49         10      0.00      0.00      0.00      0.00      0.00    100.00
01:59:49         11      0.00      0.00      0.00      0.00      0.00    100.00
01:59:49         12      0.00      0.00      0.00      0.00      0.00    100.00
01:59:49         13      0.00      0.00      0.00      0.00      0.00    100.00
01:59:49         14      0.00      0.00      0.00      0.00      0.00    100.00
01:59:49         15      0.00      0.00      0.00      0.00      0.00    100.00
01:59:49         16      0.00      0.00      0.00      0.00      0.00    100.00
01:59:49         17      0.00      0.00      0.00      0.00      0.00    100.00
01:59:49         18      0.00      0.00      0.00      0.00      0.00    100.00
01:59:49         19      0.00      0.00      0.00      0.00      0.00    100.00
01:59:49         20      0.00      0.00      0.00      0.00      0.00    100.00
01:59:49         21      0.00      0.00      0.00      0.00      0.00    100.00
01:59:49         22      0.00      0.00      0.00      0.00      0.00    100.00
01:59:49         23      0.00      0.00      0.00      0.00      0.00    100.00
01:59:49         24      0.00      0.00      0.00      0.00      0.00    100.00
01:59:49         25      0.00      0.00      0.00      0.00      0.00    100.00
01:59:49         26      0.00      0.00      0.00      0.00      0.00    100.00
01:59:49         27      0.00      0.00      0.00      0.00      0.00    100.00
01:59:49         28      0.00      0.00      0.00      0.00      0.00    100.00
01:59:49         29      0.00      0.00      0.00      0.00      0.00    100.00
01:59:49         30      0.00      0.00      0.00      0.00      0.00    100.00
01:59:49         31      0.00      0.00      0.00      0.00      0.00    100.00
01:59:49         32      0.00      0.00      0.00      0.00      0.00    100.00
01:59:49         33      0.00      0.00      0.00      0.00      0.00    100.00
01:59:49         34      0.00      0.00      0.00      0.00      0.00    100.00
01:59:49         35      0.00      0.00      0.00      0.00      0.00    100.00
01:59:49         36      0.00      0.00      0.00      0.00      0.00    100.00
01:59:49         37      0.00      0.00      0.00      0.00      0.00    100.00
01:59:49         38      0.00      0.00      0.00      0.00      0.00    100.00
01:59:49         39      0.00      0.00      0.00      0.00      0.00    100.00

01:59:49        CPU     %user     %nice   %system   %iowait    %steal     %idle
01:59:50        all      2.60      0.00      0.48      0.00      0.00     96.92
01:59:50          0      0.00      0.00      0.00      0.00      0.00    100.00
01:59:50          1     12.87      0.00      1.98      0.00      0.00     85.15
01:59:50          2     10.10      0.00      1.01      0.00      0.00     88.89
01:59:50          3     15.15      0.00      2.02      0.00      0.00     82.83
01:59:50          4      0.00      0.00      0.00      0.00      0.00    100.00
01:59:50          5      2.97      0.00      0.99      0.00      0.00     96.04
01:59:50          6      9.09      0.00      0.00      0.00      0.00     90.91
01:59:50          7      4.00      0.00      1.00      0.00      0.00     95.00
01:59:50          8      0.00      0.00      0.00      0.00      0.00    100.00
01:59:50          9      0.00      0.00      0.00      0.00      0.00    100.00
01:59:50         10      0.00      0.00      0.00      0.00      0.00    100.00
01:59:50         11      0.00      0.00      0.00      0.00      0.00    100.00
01:59:50         12      0.00      0.00      0.00      0.00      0.00    100.00
01:59:50         13      0.00      0.00      0.00      0.00      0.00    100.00
01:59:50         14      0.00      0.00      0.00      0.00      0.00    100.00
01:59:50         15      0.00      0.00      0.00      0.00      0.00    100.00
01:59:50         16      0.00      0.00      0.00      0.00      0.00    100.00
01:59:50         17      0.00      0.00      0.00      0.00      0.00    100.00
01:59:50         18      0.99      0.00      0.99      0.00      0.00     98.02
01:59:50         19      1.00      0.00      1.00      0.00      0.00     98.00
01:59:50         20      2.00      0.00      1.00      0.00      0.00     97.00
01:59:50         21      0.00      0.00      0.00      0.00      0.00    100.00
01:59:50         22      6.00      0.00      2.00      0.00      0.00     92.00
01:59:50         23      0.00      0.00      0.00      0.00      0.00    100.00
01:59:50         24      0.99      0.00      0.00      0.00      0.00     99.01
01:59:50         25     12.00      0.00      2.00      0.00      0.00     86.00
01:59:50         26      8.08      0.00      1.01      0.00      0.00     90.91
01:59:50         27      5.00      0.00      0.00      0.00      0.00     95.00
01:59:50         28      0.99      0.00      0.99      0.00      0.00     98.02
01:59:50         29      1.00      0.00      0.00      0.00      0.00     99.00
01:59:50         30      1.02      0.00      0.00      0.00      0.00     98.98
01:59:50         31      1.01      0.00      0.00      0.00      0.00     98.99
01:59:50         32      0.00      0.00      1.01      0.00      0.00     98.99
01:59:50         33      0.00      0.00      0.00      0.00      0.00    100.00
01:59:50         34      2.97      0.00      0.00      0.00      0.00     97.03
01:59:50         35      0.00      0.00      0.00      0.00      0.00    100.00
01:59:50         36      2.00      0.00      1.00      0.00      0.00     97.00
01:59:50         37      4.00      0.00      0.00      0.00      0.00     96.00
01:59:50         38      0.00      0.00      0.00      0.00      0.00    100.00
01:59:50         39      0.00      0.00      0.00      0.00      0.00    100.00

01:59:50        CPU     %user     %nice   %system   %iowait    %steal     %idle
01:59:51        all      6.01      0.00      1.70      0.15      0.00     92.14
01:59:51          0      5.00      0.00      2.00      0.00      0.00     93.00
01:59:51          1     23.53      0.00      3.92      1.96      0.00     70.59
01:59:51          2     11.11      0.00      2.02      0.00      0.00     86.87
01:59:51          3     14.14      0.00      3.03      0.00      0.00     82.83
01:59:51          4     27.27      0.00      5.05      0.00      0.00     67.68
01:59:51          5     15.00      0.00      5.00      0.00      0.00     80.00
01:59:51          6     15.15      0.00      4.04      0.00      0.00     80.81
01:59:51          7      5.88      0.00      2.94      0.00      0.00     91.18
01:59:51          8      4.00      0.00      1.00      0.00      0.00     95.00
01:59:51          9      0.00      0.00      3.00      1.00      0.00     96.00
01:59:51         10     16.00      0.00      2.00      0.00      0.00     82.00
01:59:51         11      0.00      0.00      0.00      0.00      0.00    100.00
01:59:51         12      2.00      0.00      1.00      0.00      0.00     97.00
01:59:51         13      0.00      0.00      0.00      0.00      0.00    100.00
01:59:51         14      0.00      0.00      0.00      0.00      0.00    100.00
01:59:51         15      0.00      0.00      0.00      0.00      0.00    100.00
01:59:51         16      0.00      0.00      2.00      0.00      0.00     98.00
01:59:51         17      1.00      0.00      1.00      0.00      0.00     98.00
01:59:51         18      2.02      0.00      4.04      0.00      0.00     93.94
01:59:51         19     25.00      0.00      6.00      2.00      0.00     67.00
01:59:51         20      8.08      0.00      2.02      0.00      0.00     89.90
01:59:51         21      2.02      0.00      0.00      0.00      0.00     97.98
01:59:51         22      3.03      0.00      0.00      0.00      0.00     96.97
01:59:51         23      3.00      0.00      1.00      0.00      0.00     96.00
01:59:51         24      0.00      0.00      0.00      0.00      0.00    100.00
01:59:51         25      4.00      0.00      1.00      0.00      0.00     95.00
01:59:51         26      0.00      0.00      0.00      1.01      0.00     98.99
01:59:51         27      1.01      0.00      0.00      0.00      0.00     98.99
01:59:51         28      5.00      0.00      1.00      0.00      0.00     94.00
01:59:51         29      0.00      0.00      0.00      0.00      0.00    100.00
01:59:51         30     26.73      0.00      2.97      0.00      0.00     70.30
01:59:51         31      1.01      0.00      1.01      0.00      0.00     97.98
01:59:51         32      0.99      0.00      0.99      0.00      0.00     98.02
01:59:51         33      0.99      0.00      1.98      0.00      0.00     97.03
01:59:51         34      1.00      0.00      0.00      2.00      0.00     97.00
01:59:51         35      3.03      0.00      1.01      0.00      0.00     95.96
01:59:51         36      0.99      0.00      0.00      0.00      0.00     99.01
01:59:51         37      3.00      0.00      1.00      0.00      0.00     96.00
01:59:51         38      0.00      0.00      0.00      0.00      0.00    100.00
01:59:51         39     10.00      0.00      3.00      0.00      0.00     87.00

01:59:51        CPU     %user     %nice   %system   %iowait    %steal     %idle
01:59:52        all      0.00      0.00      0.03      0.00      0.00     99.97
01:59:52          0      0.00      0.00      0.00      0.00      0.00    100.00
01:59:52          1      0.00      0.00      0.00      0.00      0.00    100.00
01:59:52          2      0.00      0.00      0.00      0.00      0.00    100.00
01:59:52          3      0.00      0.00      0.00      0.00      0.00    100.00
01:59:52          4      0.00      0.00      0.00      0.00      0.00    100.00
01:59:52          5      0.00      0.00      0.00      0.00      0.00    100.00
01:59:52          6      0.00      0.00      0.00      0.00      0.00    100.00
01:59:52          7      0.00      0.00      0.00      0.00      0.00    100.00
01:59:52          8      0.00      0.00      0.00      0.00      0.00    100.00
01:59:52          9      0.00      0.00      0.00      0.00      0.00    100.00
01:59:52         10      0.00      0.00      0.00      0.00      0.00    100.00
01:59:52         11      0.00      0.00      0.00      0.00      0.00    100.00
01:59:52         12      0.00      0.00      0.00      0.00      0.00    100.00
01:59:52         13      0.00      0.00      0.00      0.00      0.00    100.00
01:59:52         14      0.00      0.00      0.00      0.00      0.00    100.00
01:59:52         15      0.00      0.00      0.00      0.00      0.00    100.00
01:59:52         16      0.00      0.00      0.00      0.00      0.00    100.00
01:59:52         17      0.00      0.00      0.00      0.00      0.00    100.00
01:59:52         18      0.00      0.00      0.99      0.00      0.00     99.01
01:59:52         19      0.00      0.00      0.00      0.00      0.00    100.00
01:59:52         20      0.00      0.00      0.00      0.00      0.00    100.00
01:59:52         21      0.00      0.00      0.00      0.00      0.00    100.00
01:59:52         22      0.00      0.00      0.00      0.00      0.00    100.00
01:59:52         23      0.00      0.00      0.00      0.00      0.00    100.00
01:59:52         24      0.00      0.00      0.00      0.00      0.00    100.00
01:59:52         25      0.00      0.00      0.00      0.00      0.00    100.00
01:59:52         26      0.00      0.00      0.00      0.00      0.00    100.00
01:59:52         27      0.00      0.00      0.00      0.00      0.00    100.00
01:59:52         28      0.00      0.00      0.00      0.00      0.00    100.00
01:59:52         29      0.00      0.00      0.00      0.00      0.00    100.00
01:59:52         30      0.00      0.00      0.00      0.00      0.00    100.00
01:59:52         31      0.00      0.00      0.00      0.00      0.00    100.00
01:59:52         32      0.00      0.00      0.00      0.00      0.00    100.00
01:59:52         33      0.00      0.00      0.00      0.00      0.00    100.00
01:59:52         34      0.00      0.00      0.00      0.00      0.00    100.00
01:59:52         35      0.00      0.00      0.00      0.00      0.00    100.00
01:59:52         36      0.00      0.00      0.00      0.00      0.00    100.00
01:59:52         37      0.00      0.00      0.00      0.00      0.00    100.00
01:59:52         38      0.00      0.00      0.00      0.00      0.00    100.00
01:59:52         39      0.00      0.00      0.00      0.00      0.00    100.00

01:59:52        CPU     %user     %nice   %system   %iowait    %steal     %idle
01:59:53        all      0.02      0.00      0.02      0.00      0.00     99.95
01:59:53          0      0.00      0.00      0.00      0.00      0.00    100.00
01:59:53          1      0.00      0.00      0.00      0.00      0.00    100.00
01:59:53          2      0.00      0.00      0.00      0.00      0.00    100.00
01:59:53          3      0.00      0.00      0.00      0.00      0.00    100.00
01:59:53          4      0.00      0.00      0.00      0.00      0.00    100.00
01:59:53          5      0.00      0.00      0.00      0.00      0.00    100.00
01:59:53          6      0.00      0.00      0.99      0.00      0.00     99.01
01:59:53          7      0.00      0.00      0.00      0.00      0.00    100.00
01:59:53          8      0.00      0.00      0.00      0.00      0.00    100.00
01:59:53          9      0.00      0.00      0.00      0.00      0.00    100.00
01:59:53         10      0.00      0.00      0.00      0.00      0.00    100.00
01:59:53         11      0.00      0.00      0.00      0.00      0.00    100.00
01:59:53         12      0.00      0.00      0.00      0.00      0.00    100.00
01:59:53         13      0.00      0.00      0.00      0.00      0.00    100.00
01:59:53         14      0.00      0.00      0.00      0.00      0.00    100.00
01:59:53         15      0.00      0.00      0.00      0.00      0.00    100.00
01:59:53         16      0.00      0.00      0.00      0.00      0.00    100.00
01:59:53         17      0.00      0.00      0.00      0.00      0.00    100.00
01:59:53         18      0.00      0.00      0.00      0.00      0.00    100.00
01:59:53         19      0.99      0.00      0.00      0.00      0.00     99.01
01:59:53         20      0.00      0.00      0.00      0.00      0.00    100.00
01:59:53         21      0.00      0.00      0.00      0.00      0.00    100.00
01:59:53         22      0.00      0.00      0.00      0.00      0.00    100.00
01:59:53         23      0.00      0.00      0.00      0.00      0.00    100.00
01:59:53         24      0.00      0.00      0.00      0.00      0.00    100.00
01:59:53         25      0.00      0.00      0.00      0.00      0.00    100.00
01:59:53         26      0.00      0.00      0.00      0.00      0.00    100.00
01:59:53         27      0.00      0.00      0.00      0.00      0.00    100.00
01:59:53         28      0.00      0.00      0.00      0.00      0.00    100.00
01:59:53         29      0.00      0.00      0.00      0.00      0.00    100.00
01:59:53         30      0.00      0.00      0.00      0.00      0.00    100.00
01:59:53         31      0.00      0.00      0.00      0.00      0.00    100.00
01:59:53         32      0.00      0.00      0.00      0.00      0.00    100.00
01:59:53         33      0.00      0.00      0.00      0.00      0.00    100.00
01:59:53         34      0.00      0.00      0.00      0.00      0.00    100.00
01:59:53         35      0.00      0.00      0.00      0.00      0.00    100.00
01:59:53         36      0.00      0.00      0.00      0.00      0.00    100.00
01:59:53         37      0.00      0.00      0.00      0.00      0.00    100.00
01:59:53         38      0.00      0.00      0.00      0.00      0.00    100.00
01:59:53         39      0.00      0.00      0.00      0.00      0.00    100.00

01:59:53        CPU     %user     %nice   %system   %iowait    %steal     %idle
01:59:54        all      0.00      0.00      0.03      0.08      0.00     99.90
01:59:54          0      0.00      0.00      0.00      0.00      0.00    100.00
01:59:54          1      0.00      0.00      0.00      0.00      0.00    100.00
01:59:54          2      0.00      0.00      0.00      0.00      0.00    100.00
01:59:54          3      0.00      0.00      0.00      0.00      0.00    100.00
01:59:54          4      0.00      0.00      0.00      0.00      0.00    100.00
01:59:54          5      0.00      0.00      0.00      0.00      0.00    100.00
01:59:54          6      0.00      0.00      0.00      0.00      0.00    100.00
01:59:54          7      0.00      0.00      0.00      0.00      0.00    100.00
01:59:54          8      0.00      0.00      0.00      0.00      0.00    100.00
01:59:54          9      0.00      0.00      0.00      0.00      0.00    100.00
01:59:54         10      0.00      0.00      0.00      0.00      0.00    100.00
01:59:54         11      0.00      0.00      0.00      0.00      0.00    100.00
01:59:54         12      0.00      0.00      0.00      0.00      0.00    100.00
01:59:54         13      0.00      0.00      0.00      0.00      0.00    100.00
01:59:54         14      0.00      0.00      0.00      0.00      0.00    100.00
01:59:54         15      0.00      0.00      0.00      0.00      0.00    100.00
01:59:54         16      0.00      0.00      0.00      0.00      0.00    100.00
01:59:54         17      0.00      0.00      0.00      0.00      0.00    100.00
01:59:54         18      0.00      0.00      0.00      0.00      0.00    100.00
01:59:54         19      0.00      0.00      0.00      0.00      0.00    100.00
01:59:54         20      0.00      0.00      0.00      0.00      0.00    100.00
01:59:54         21      0.00      0.00      0.00      0.00      0.00    100.00
01:59:54         22      0.00      0.00      0.00      0.00      0.00    100.00
01:59:54         23      0.00      0.00      0.00      0.00      0.00    100.00
01:59:54         24      0.00      0.00      0.00      2.02      0.00     97.98
01:59:54         25      0.00      0.00      0.00      0.00      0.00    100.00
01:59:54         26      0.00      0.00      0.00      0.00      0.00    100.00
01:59:54         27      0.00      0.00      0.00      0.00      0.00    100.00
01:59:54         28      0.00      0.00      0.00      0.00      0.00    100.00
01:59:54         29      0.00      0.00      0.00      0.00      0.00    100.00
01:59:54         30      0.00      0.00      0.00      0.00      0.00    100.00
01:59:54         31      0.00      0.00      0.00      0.00      0.00    100.00
01:59:54         32      0.00      0.00      0.99      0.00      0.00     99.01
01:59:54         33      0.00      0.00      0.00      0.00      0.00    100.00
01:59:54         34      0.00      0.00      0.00      0.00      0.00    100.00
01:59:54         35      0.00      0.00      0.00      0.00      0.00    100.00
01:59:54         36      0.00      0.00      0.00      0.00      0.00    100.00
01:59:54         37      0.00      0.00      0.00      0.00      0.00    100.00
01:59:54         38      0.00      0.00      0.00      0.00      0.00    100.00
01:59:54         39      0.00      0.00      0.00      0.00      0.00    100.00

01:59:54        CPU     %user     %nice   %system   %iowait    %steal     %idle
01:59:55        all      0.03      0.00      0.00      0.00      0.00     99.98
01:59:55          0      0.00      0.00      0.00      0.00      0.00    100.00
01:59:55          1      0.00      0.00      0.00      0.00      0.00    100.00
01:59:55          2      0.00      0.00      0.00      0.00      0.00    100.00
01:59:55          3      0.00      0.00      0.00      0.00      0.00    100.00
01:59:55          4      0.00      0.00      0.00      0.00      0.00    100.00
01:59:55          5      0.00      0.00      0.00      0.00      0.00    100.00
01:59:55          6      0.00      0.00      0.00      0.00      0.00    100.00
01:59:55          7      0.00      0.00      0.00      0.00      0.00    100.00
01:59:55          8      0.00      0.00      0.00      0.00      0.00    100.00
01:59:55          9      0.00      0.00      0.00      0.00      0.00    100.00
01:59:55         10      0.00      0.00      0.00      0.00      0.00    100.00
01:59:55         11      0.00      0.00      0.00      0.00      0.00    100.00
01:59:55         12      0.00      0.00      0.00      0.00      0.00    100.00
01:59:55         13      0.00      0.00      0.00      0.00      0.00    100.00
01:59:55         14      0.00      0.00      0.00      0.00      0.00    100.00
01:59:55         15      0.00      0.00      0.00      0.00      0.00    100.00
01:59:55         16      0.00      0.00      0.00      0.00      0.00    100.00
01:59:55         17      0.98      0.00      0.98      0.00      0.00     98.04
01:59:55         18      0.00      0.00      0.00      0.00      0.00    100.00
01:59:55         19      0.00      0.00      0.00      0.00      0.00    100.00
01:59:55         20      0.00      0.00      0.00      0.00      0.00    100.00
01:59:55         21      0.00      0.00      0.00      0.00      0.00    100.00
01:59:55         22      0.00      0.00      0.00      0.00      0.00    100.00
01:59:55         23      0.00      0.00      0.00      0.00      0.00    100.00
01:59:55         24      0.00      0.00      0.00      0.00      0.00    100.00
01:59:55         25      0.00      0.00      0.00      0.00      0.00    100.00
01:59:55         26      0.00      0.00      0.00      0.00      0.00    100.00
01:59:55         27      0.00      0.00      0.00      0.00      0.00    100.00
01:59:55         28      0.00      0.00      0.00      0.00      0.00    100.00
01:59:55         29      0.00      0.00      0.00      0.00      0.00    100.00
01:59:55         30      0.00      0.00      0.00      0.00      0.00    100.00
01:59:55         31      0.00      0.00      0.00      0.00      0.00    100.00
01:59:55         32      0.00      0.00      0.00      0.00      0.00    100.00
01:59:55         33      0.00      0.00      0.00      0.00      0.00    100.00
01:59:55         34      0.00      0.00      0.00      0.00      0.00    100.00
01:59:55         35      0.00      0.00      0.00      0.00      0.00    100.00
01:59:55         36      0.00      0.00      0.00      0.00      0.00    100.00
01:59:55         37      0.00      0.00      0.00      0.00      0.00    100.00
01:59:55         38      0.00      0.00      0.00      0.00      0.00    100.00
01:59:55         39      0.00      0.00      0.00      0.00      0.00    100.00

01:59:55        CPU     %user     %nice   %system   %iowait    %steal     %idle
01:59:56        all      0.00      0.00      0.03      0.00      0.00     99.97
01:59:56          0      0.00      0.00      0.00      0.00      0.00    100.00
01:59:56          1      0.00      0.00      0.00      0.00      0.00    100.00
01:59:56          2      0.00      0.00      0.00      0.00      0.00    100.00
01:59:56          3      0.00      0.00      0.00      0.00      0.00    100.00
01:59:56          4      0.00      0.00      0.00      0.00      0.00    100.00
01:59:56          5      0.00      0.00      0.00      0.00      0.00    100.00
01:59:56          6      0.00      0.00      0.00      0.00      0.00    100.00
01:59:56          7      0.00      0.00      0.00      0.00      0.00    100.00
01:59:56          8      0.00      0.00      0.00      0.00      0.00    100.00
01:59:56          9      0.00      0.00      0.00      0.00      0.00    100.00
01:59:56         10      0.00      0.00      0.00      0.00      0.00    100.00
01:59:56         11      0.00      0.00      0.00      0.00      0.00    100.00
01:59:56         12      0.00      0.00      0.00      0.00      0.00    100.00
01:59:56         13      0.00      0.00      0.00      0.00      0.00    100.00
01:59:56         14      0.00      0.00      0.00      0.00      0.00    100.00
01:59:56         15      0.00      0.00      0.00      0.00      0.00    100.00
01:59:56         16      0.00      0.00      0.00      0.00      0.00    100.00
01:59:56         17      0.00      0.00      0.00      0.00      0.00    100.00
01:59:56         18      0.00      0.00      0.00      0.00      0.00    100.00
01:59:56         19      0.00      0.00      0.00      0.00      0.00    100.00
01:59:56         20      0.00      0.00      0.00      0.00      0.00    100.00
01:59:56         21      0.00      0.00      0.00      0.00      0.00    100.00
01:59:56         22      0.00      0.00      0.00      0.00      0.00    100.00
01:59:56         23      0.00      0.00      0.00      0.00      0.00    100.00
01:59:56         24      0.00      0.00      0.00      0.00      0.00    100.00
01:59:56         25      0.00      0.00      0.00      0.00      0.00    100.00
01:59:56         26      0.00      0.00      0.00      0.00      0.00    100.00
01:59:56         27      0.00      0.00      0.00      0.00      0.00    100.00
01:59:56         28      0.00      0.00      0.00      0.00      0.00    100.00
01:59:56         29      0.00      0.00      0.00      0.00      0.00    100.00
01:59:56         30      0.00      0.00      0.00      0.00      0.00    100.00
01:59:56         31      0.00      0.00      0.00      0.00      0.00    100.00
01:59:56         32      0.00      0.00      0.00      0.00      0.00    100.00
01:59:56         33      0.00      0.00      0.00      0.00      0.00    100.00
01:59:56         34      0.00      0.00      0.00      0.00      0.00    100.00
01:59:56         35      0.00      0.00      0.00      0.00      0.00    100.00
01:59:56         36      0.00      0.00      0.00      0.00      0.00    100.00
01:59:56         37      0.00      0.00      0.00      0.00      0.00    100.00
01:59:56         38      0.00      0.00      0.00      0.00      0.00    100.00
01:59:56         39      0.00      0.00      0.00      0.00      0.00    100.00

01:59:56        CPU     %user     %nice   %system   %iowait    %steal     %idle
01:59:57        all      0.00      0.00      0.00      0.00      0.00    100.00
01:59:57          0      0.00      0.00      0.00      0.00      0.00    100.00
01:59:57          1      0.00      0.00      0.00      0.00      0.00    100.00
01:59:57          2      0.00      0.00      0.00      0.00      0.00    100.00
01:59:57          3      0.00      0.00      0.00      0.00      0.00    100.00
01:59:57          4      0.00      0.00      0.00      0.00      0.00    100.00
01:59:57          5      0.00      0.00      0.00      0.00      0.00    100.00
01:59:57          6      0.00      0.00      0.00      0.00      0.00    100.00
01:59:57          7      0.00      0.00      0.00      0.00      0.00    100.00
01:59:57          8      0.00      0.00      0.00      0.00      0.00    100.00
01:59:57          9      0.00      0.00      0.00      0.00      0.00    100.00
01:59:57         10      0.00      0.00      0.00      0.00      0.00    100.00
01:59:57         11      0.00      0.00      0.00      0.00      0.00    100.00
01:59:57         12      0.00      0.00      0.00      0.00      0.00    100.00
01:59:57         13      0.00      0.00      0.00      0.00      0.00    100.00
01:59:57         14      0.00      0.00      0.00      0.00      0.00    100.00
01:59:57         15      0.00      0.00      0.00      0.00      0.00    100.00
01:59:57         16      0.00      0.00      0.00      0.00      0.00    100.00
01:59:57         17      0.00      0.00      0.00      0.00      0.00    100.00
01:59:57         18      0.00      0.00      0.00      0.00      0.00    100.00
01:59:57         19      0.00      0.00      0.00      0.00      0.00    100.00
01:59:57         20      0.00      0.00      0.00      0.00      0.00    100.00
01:59:57         21      0.00      0.00      0.00      0.00      0.00    100.00
01:59:57         22      0.00      0.00      0.00      0.00      0.00    100.00
01:59:57         23      0.00      0.00      0.00      0.00      0.00    100.00
01:59:57         24      0.00      0.00      0.00      0.00      0.00    100.00
01:59:57         25      0.00      0.00      0.00      0.00      0.00    100.00
01:59:57         26      0.00      0.00      0.00      0.00      0.00    100.00
01:59:57         27      0.00      0.00      0.00      0.00      0.00    100.00
01:59:57         28      0.00      0.00      0.00      0.00      0.00    100.00
01:59:57         29      0.00      0.00      0.00      0.00      0.00    100.00
01:59:57         30      0.00      0.00      0.00      0.00      0.00    100.00
01:59:57         31      0.00      0.00      0.00      0.00      0.00    100.00
01:59:57         32      0.00      0.00      0.00      0.00      0.00    100.00
01:59:57         33      0.00      0.00      0.00      0.00      0.00    100.00
01:59:57         34      0.00      0.00      0.00      0.00      0.00    100.00
01:59:57         35      0.00      0.00      0.00      0.00      0.00    100.00
01:59:57         36      0.00      0.00      0.00      0.00      0.00    100.00
01:59:57         37      0.00      0.00      0.00      0.00      0.00    100.00
01:59:57         38      0.00      0.00      0.00      0.00      0.00    100.00
01:59:57         39      0.00      0.00      0.00      0.00      0.00    100.00

01:59:57        CPU     %user     %nice   %system   %iowait    %steal     %idle
01:59:58        all      0.02      0.00      0.02      0.00      0.00     99.95
01:59:58          0      0.00      0.00      0.00      0.00      0.00    100.00
01:59:58          1      0.00      0.00      0.00      0.00      0.00    100.00
01:59:58          2      0.00      0.00      0.00      0.00      0.00    100.00
01:59:58          3      0.00      0.00      0.00      0.00      0.00    100.00
01:59:58          4      0.00      0.00      0.00      0.00      0.00    100.00
01:59:58          5      0.00      0.00      0.00      0.00      0.00    100.00
01:59:58          6      0.00      0.00      0.00      0.00      0.00    100.00
01:59:58          7      0.00      0.00      0.00      0.00      0.00    100.00
01:59:58          8      0.00      0.00      0.00      0.00      0.00    100.00
01:59:58          9      0.00      0.00      0.00      0.00      0.00    100.00
01:59:58         10      0.00      0.00      0.00      0.00      0.00    100.00
01:59:58         11      0.00      0.00      0.00      0.00      0.00    100.00
01:59:58         12      0.00      0.00      0.00      0.00      0.00    100.00
01:59:58         13      0.99      0.00      0.00      0.00      0.00     99.01
01:59:58         14      0.00      0.00      0.00      0.00      0.00    100.00
01:59:58         15      0.00      0.00      0.00      0.00      0.00    100.00
01:59:58         16      0.00      0.00      0.00      0.00      0.00    100.00
01:59:58         17      0.00      0.00      0.00      0.00      0.00    100.00
01:59:58         18      0.00      0.00      0.00      0.00      0.00    100.00
01:59:58         19      0.00      0.00      0.99      0.00      0.00     99.01
01:59:58         20      0.00      0.00      0.00      0.00      0.00    100.00
01:59:58         21      0.00      0.00      0.00      0.00      0.00    100.00
01:59:58         22      0.00      0.00      0.00      0.00      0.00    100.00
01:59:58         23      0.00      0.00      0.00      0.00      0.00    100.00
01:59:58         24      0.00      0.00      0.00      0.00      0.00    100.00
01:59:58         25      0.00      0.00      0.00      0.00      0.00    100.00
01:59:58         26      0.00      0.00      0.00      0.00      0.00    100.00
01:59:58         27      0.00      0.00      0.00      0.00      0.00    100.00
01:59:58         28      0.00      0.00      0.00      0.00      0.00    100.00
01:59:58         29      0.00      0.00      0.00      0.00      0.00    100.00
01:59:58         30      0.00      0.00      0.00      0.00      0.00    100.00
01:59:58         31      0.00      0.00      0.00      0.00      0.00    100.00
01:59:58         32      0.00      0.00      0.00      0.00      0.00    100.00
01:59:58         33      0.00      0.00      0.00      0.00      0.00    100.00
01:59:58         34      0.00      0.00      0.00      0.00      0.00    100.00
01:59:58         35      0.00      0.00      0.00      0.00      0.00    100.00
01:59:58         36      0.00      0.00      0.00      0.00      0.00    100.00
01:59:58         37      0.00      0.00      0.00      0.00      0.00    100.00
01:59:58         38      0.00      0.00      0.00      0.00      0.00    100.00
01:59:58         39      0.00      0.00      0.00      0.00      0.00    100.00

01:59:58        CPU     %user     %nice   %system   %iowait    %steal     %idle
01:59:59        all      0.00      0.00      0.03      0.00      0.00     99.97
01:59:59          0      0.00      0.00      0.00      0.00      0.00    100.00
01:59:59          1      0.00      0.00      0.00      0.00      0.00    100.00
01:59:59          2      0.00      0.00      0.00      0.00      0.00    100.00
01:59:59          3      0.00      0.00      0.00      0.00      0.00    100.00
01:59:59          4      0.00      0.00      0.00      0.00      0.00    100.00
01:59:59          5      0.00      0.00      0.00      0.00      0.00    100.00
01:59:59          6      0.00      0.00      0.00      0.00      0.00    100.00
01:59:59          7      0.00      0.00      0.00      0.00      0.00    100.00
01:59:59          8      0.00      0.00      0.00      0.00      0.00    100.00
01:59:59          9      0.00      0.00      0.00      0.00      0.00    100.00
01:59:59         10      0.00      0.00      0.00      0.00      0.00    100.00
01:59:59         11      0.00      0.00      0.00      0.00      0.00    100.00
01:59:59         12      0.00      0.00      0.00      0.00      0.00    100.00
01:59:59         13      0.00      0.00      0.00      0.00      0.00    100.00
01:59:59         14      0.00      0.00      0.00      0.00      0.00    100.00
01:59:59         15      0.00      0.00      0.00      0.00      0.00    100.00
01:59:59         16      0.00      0.00      0.00      0.00      0.00    100.00
01:59:59         17      0.00      0.00      1.00      0.00      0.00     99.00
01:59:59         18      0.00      0.00      0.00      0.00      0.00    100.00
01:59:59         19      0.00      0.00      0.00      0.00      0.00    100.00
01:59:59         20      0.00      0.00      0.00      0.00      0.00    100.00
01:59:59         21      0.00      0.00      0.00      0.00      0.00    100.00
01:59:59         22      0.00      0.00      0.00      0.00      0.00    100.00
01:59:59         23      0.00      0.00      0.00      0.00      0.00    100.00
01:59:59         24      0.00      0.00      0.00      0.00      0.00    100.00
01:59:59         25      0.00      0.00      0.00      0.00      0.00    100.00
01:59:59         26      0.00      0.00      0.00      0.00      0.00    100.00
01:59:59         27      0.00      0.00      0.00      0.00      0.00    100.00
01:59:59         28      0.00      0.00      0.00      0.00      0.00    100.00
01:59:59         29      0.00      0.00      0.00      0.00      0.00    100.00
01:59:59         30      0.00      0.00      0.00      0.00      0.00    100.00
01:59:59         31      0.00      0.00      0.00      0.00      0.00    100.00
01:59:59         32      0.00      0.00      0.00      0.00      0.00    100.00
01:59:59         33      0.00      0.00      0.00      0.00      0.00    100.00
01:59:59         34      0.00      0.00      0.00      0.00      0.00    100.00
01:59:59         35      0.00      0.00      0.00      0.00      0.00    100.00
01:59:59         36      0.00      0.00      0.00      0.00      0.00    100.00
01:59:59         37      0.00      0.00      0.00      0.00      0.00    100.00
01:59:59         38      0.00      0.00      0.00      0.00      0.00    100.00
01:59:59         39      0.00      0.00      0.00      0.00      0.00    100.00

01:59:59        CPU     %user     %nice   %system   %iowait    %steal     %idle
02:00:00        all      0.53      0.00      0.15      0.00      0.00     99.32
02:00:00          0     17.17      0.00      3.03      0.00      0.00     79.80
02:00:00          1      0.00      0.00      0.00      0.00      0.00    100.00
02:00:00          2      0.00      0.00      0.00      0.00      0.00    100.00
02:00:00          3      0.00      0.00      0.00      0.00      0.00    100.00
02:00:00          4      0.00      0.00      0.00      0.00      0.00    100.00
02:00:00          5      0.00      0.00      0.00      0.00      0.00    100.00
02:00:00          6      0.00      0.00      0.00      0.00      0.00    100.00
02:00:00          7      0.00      0.00      0.00      0.00      0.00    100.00
02:00:00          8      0.00      0.00      0.00      0.00      0.00    100.00
02:00:00          9      0.00      0.00      0.00      0.00      0.00    100.00
02:00:00         10      0.00      0.00      0.00      0.00      0.00    100.00
02:00:00         11      0.00      0.00      0.00      0.00      0.00    100.00
02:00:00         12      0.00      0.00      0.00      0.00      0.00    100.00
02:00:00         13      0.00      0.00      0.00      0.00      0.00    100.00
02:00:00         14      0.00      0.00      0.00      0.00      0.00    100.00
02:00:00         15      0.00      0.00      0.00      0.00      0.00    100.00
02:00:00         16      0.00      0.00      0.00      0.00      0.00    100.00
02:00:00         17      0.00      0.00      0.00      0.00      0.00    100.00
02:00:00         18      0.00      0.00      0.99      0.00      0.00     99.01
02:00:00         19      0.00      0.00      0.00      0.00      0.00    100.00
02:00:00         20      0.00      0.00      0.00      0.00      0.00    100.00
02:00:00         21      0.00      0.00      0.00      0.00      0.00    100.00
02:00:00         22      0.00      0.00      0.00      0.00      0.00    100.00
02:00:00         23      0.00      0.00      0.00      0.00      0.00    100.00
02:00:00         24      0.00      0.00      0.00      0.00      0.00    100.00
02:00:00         25      0.00      0.00      0.00      0.00      0.00    100.00
02:00:00         26      0.00      0.00      0.00      0.00      0.00    100.00
02:00:00         27      0.00      0.00      0.00      0.00      0.00    100.00
02:00:00         28      0.00      0.00      0.99      0.00      0.00     99.01
02:00:00         29      0.00      0.00      0.00      0.00      0.00    100.00
02:00:00         30      0.00      0.00      1.00      0.00      0.00     99.00
02:00:00         31      0.00      0.00      0.00      0.00      0.00    100.00
02:00:00         32      1.01      0.00      0.00      0.00      0.00     98.99
02:00:00         33      0.00      0.00      0.00      0.00      0.00    100.00
02:00:00         34      0.00      0.00      0.00      0.00      0.00    100.00
02:00:00         35      0.00      0.00      0.00      0.00      0.00    100.00
02:00:00         36      0.00      0.00      0.00      0.00      0.00    100.00
02:00:00         37      0.00      0.00      0.00      0.00      0.00    100.00
02:00:00         38      0.00      0.00      0.00      0.00      0.00    100.00
02:00:00         39      0.00      0.00      0.99      0.00      0.00     99.01

02:00:00        CPU     %user     %nice   %system   %iowait    %steal     %idle
02:00:01        all      1.08      0.00      0.45      0.03      0.00     98.45
02:00:01          0     32.00      0.00      6.00      0.00      0.00     62.00
02:00:01          1      0.00      0.00      1.98      0.00      0.00     98.02
02:00:01          2      1.01      0.00      0.00      0.00      0.00     98.99
02:00:01          3      0.99      0.00      0.00      0.00      0.00     99.01
02:00:01          4      0.00      0.00      0.00      0.00      0.00    100.00
02:00:01          5      0.00      0.00      0.00      0.00      0.00    100.00
02:00:01          6      0.00      0.00      0.00      0.00      0.00    100.00
02:00:01          7      1.00      0.00      1.00      0.00      0.00     98.00
02:00:01          8      6.06      0.00      1.01      0.00      0.00     92.93
02:00:01          9      0.00      0.00      0.00      0.00      0.00    100.00
02:00:01         10      0.00      0.00      0.00      0.00      0.00    100.00
02:00:01         11      0.00      0.00      0.00      0.00      0.00    100.00
02:00:01         12      0.00      0.00      0.00      0.00      0.00    100.00
02:00:01         13      0.00      0.00      0.00      0.00      0.00    100.00
02:00:01         14      0.00      0.00      0.00      0.00      0.00    100.00
02:00:01         15      0.00      0.00      0.00      0.00      0.00    100.00
02:00:01         16      0.00      0.00      0.00      0.00      0.00    100.00
02:00:01         17      0.00      0.00      0.00      0.00      0.00    100.00
02:00:01         18      0.00      0.00      1.00      0.00      0.00     99.00
02:00:01         19      0.00      0.00      0.00      0.00      0.00    100.00
02:00:01         20      2.02      0.00      2.02      1.01      0.00     94.95
02:00:01         21      0.00      0.00      0.00      0.00      0.00    100.00
02:00:01         22      0.00      0.00      0.00      0.00      0.00    100.00
02:00:01         23      0.00      0.00      0.00      0.00      0.00    100.00
02:00:01         24      1.00      0.00      0.00      0.00      0.00     99.00
02:00:01         25      0.99      0.00      0.99      0.00      0.00     98.02
02:00:01         26      0.00      0.00      0.99      0.00      0.00     99.01
02:00:01         27      0.00      0.00      0.00      0.00      0.00    100.00
02:00:01         28      0.00      0.00      0.00      0.00      0.00    100.00
02:00:01         29      0.00      0.00      0.99      0.00      0.00     99.01
02:00:01         30      0.00      0.00      0.00      0.00      0.00    100.00
02:00:01         31      0.00      0.00      0.99      0.00      0.00     99.01
02:00:01         32      0.00      0.00      1.00      0.00      0.00     99.00
02:00:01         33      0.00      0.00      0.00      0.00      0.00    100.00
02:00:01         34      0.00      0.00      0.00      0.00      0.00    100.00
02:00:01         35      0.00      0.00      0.00      0.00      0.00    100.00
02:00:01         36      0.00      0.00      0.00      0.00      0.00    100.00
02:00:01         37      0.00      0.00      0.00      0.00      0.00    100.00
02:00:01         38      0.00      0.00      0.00      0.00      0.00    100.00
02:00:01         39      0.00      0.00      0.00      0.00      0.00    100.00

02:00:01        CPU     %user     %nice   %system   %iowait    %steal     %idle
02:00:02        all      0.05      0.00      0.05      0.33      0.00     99.58
02:00:02          0      0.00      0.00      0.00      0.00      0.00    100.00
02:00:02          1      0.00      0.00      0.00      0.00      0.00    100.00
02:00:02          2      0.00      0.00      0.00      0.00      0.00    100.00
02:00:02          3      0.00      0.00      0.00      0.00      0.00    100.00
02:00:02          4      0.00      0.00      0.00      0.00      0.00    100.00
02:00:02          5      0.00      0.00      0.00      0.00      0.00    100.00
02:00:02          6      0.00      0.00      0.00      0.00      0.00    100.00
02:00:02          7      0.00      0.00      0.00      0.00      0.00    100.00
02:00:02          8      0.00      0.00      0.00      0.00      0.00    100.00
02:00:02          9      0.00      0.00      0.00      0.00      0.00    100.00
02:00:02         10      0.00      0.00      0.00      0.00      0.00    100.00
02:00:02         11      0.00      0.00      0.00      0.00      0.00    100.00
02:00:02         12      0.00      0.00      0.00      0.00      0.00    100.00
02:00:02         13      0.00      0.00      0.00      0.00      0.00    100.00
02:00:02         14      0.00      0.00      0.00      0.00      0.00    100.00
02:00:02         15      0.00      0.00      0.00      0.00      0.00    100.00
02:00:02         16      0.00      0.00      0.00      0.00      0.00    100.00
02:00:02         17      0.00      0.00      0.00      0.00      0.00    100.00
02:00:02         18      1.00      0.00      0.00      0.00      0.00     99.00
02:00:02         19      0.00      0.00      0.00      0.00      0.00    100.00
02:00:02         20      0.00      0.00      0.00      0.00      0.00    100.00
02:00:02         21      0.00      0.00      0.00      5.00      0.00     95.00
02:00:02         22      0.00      0.00      0.00      0.00      0.00    100.00
02:00:02         23      0.00      0.00      0.99      0.00      0.00     99.01
02:00:02         24      0.00      0.00      1.00      8.00      0.00     91.00
02:00:02         25      0.00      0.00      0.00      0.00      0.00    100.00
02:00:02         26      0.00      0.00      1.00      0.00      0.00     99.00
02:00:02         27      0.00      0.00      0.00      0.00      0.00    100.00
02:00:02         28      0.00      0.00      0.00      0.00      0.00    100.00
02:00:02         29      0.00      0.00      0.00      0.00      0.00    100.00
02:00:02         30      0.99      0.00      0.00      0.00      0.00     99.01
02:00:02         31      1.00      0.00      0.00      0.00      0.00     99.00
02:00:02         32      0.00      0.00      0.00      0.00      0.00    100.00
02:00:02         33      0.00      0.00      0.00      0.00      0.00    100.00
02:00:02         34      0.00      0.00      0.00      0.00      0.00    100.00
02:00:02         35      0.00      0.00      0.00      0.00      0.00    100.00
02:00:02         36      0.00      0.00      0.00      0.00      0.00    100.00
02:00:02         37      0.00      0.00      0.00      0.00      0.00    100.00
02:00:02         38      0.00      0.00      0.00      0.00      0.00    100.00
02:00:02         39      0.00      0.00      0.00      0.00      0.00    100.00

02:00:02        CPU     %user     %nice   %system   %iowait    %steal     %idle
02:00:03        all      0.65      0.00      0.13      0.00      0.00     99.22
02:00:03          0      0.00      0.00      0.00      0.00      0.00    100.00
02:00:03          1      0.00      0.00      0.00      0.00      0.00    100.00
02:00:03          2     16.16      0.00      2.02      0.00      0.00     81.82
02:00:03          3      0.00      0.00      0.00      0.00      0.00    100.00
02:00:03          4      0.00      0.00      0.00      0.00      0.00    100.00
02:00:03          5      4.08      0.00      0.00      0.00      0.00     95.92
02:00:03          6      1.00      0.00      0.00      0.00      0.00     99.00
02:00:03          7      0.00      0.00      0.99      0.00      0.00     99.01
02:00:03          8      0.00      0.00      0.00      0.00      0.00    100.00
02:00:03          9      0.00      0.00      0.00      0.00      0.00    100.00
02:00:03         10      0.00      0.00      0.00      0.00      0.00    100.00
02:00:03         11      0.00      0.00      0.00      0.00      0.00    100.00
02:00:03         12      0.00      0.00      0.00      0.00      0.00    100.00
02:00:03         13      0.00      0.00      0.00      0.00      0.00    100.00
02:00:03         14      0.00      0.00      0.00      0.00      0.00    100.00
02:00:03         15      0.00      0.00      0.00      0.00      0.00    100.00
02:00:03         16      0.00      0.00      0.00      0.00      0.00    100.00
02:00:03         17      0.00      0.00      0.99      0.00      0.00     99.01
02:00:03         18      0.00      0.00      0.00      0.00      0.00    100.00
02:00:03         19      0.00      0.00      0.00      0.00      0.00    100.00
02:00:03         20      0.00      0.00      0.00      0.00      0.00    100.00
02:00:03         21      0.00      0.00      0.00      0.00      0.00    100.00
02:00:03         22      1.00      0.00      0.00      0.00      0.00     99.00
02:00:03         23      0.99      0.00      0.00      0.00      0.00     99.01
02:00:03         24      0.00      0.00      0.00      0.00      0.00    100.00
02:00:03         25      2.02      0.00      0.00      0.00      0.00     97.98
02:00:03         26      0.00      0.00      0.99      0.00      0.00     99.01
02:00:03         27      0.00      0.00      0.99      0.00      0.00     99.01
02:00:03         28      0.00      0.00      0.00      0.00      0.00    100.00
02:00:03         29      0.00      0.00      0.00      0.00      0.00    100.00
02:00:03         30      0.00      0.00      0.00      0.00      0.00    100.00
02:00:03         31      0.00      0.00      0.00      0.00      0.00    100.00
02:00:03         32      0.00      0.00      0.00      0.00      0.00    100.00
02:00:03         33      0.00      0.00      0.00      0.00      0.00    100.00
02:00:03         34      0.00      0.00      0.00      0.00      0.00    100.00
02:00:03         35      0.00      0.00      0.00      0.00      0.00    100.00
02:00:03         36      0.00      0.00      0.00      0.00      0.00    100.00
02:00:03         37      0.00      0.00      0.99      0.00      0.00     99.01
02:00:03         38      0.00      0.00      0.00      0.00      0.00    100.00
02:00:03         39      0.00      0.00      0.00      0.00      0.00    100.00
