Linux 6.6.23 (eternity2) 	05/24/25 	_x86_64_	(40 CPU)

04:00:12        CPU     %user     %nice   %system   %iowait    %steal     %idle
04:00:13        all      2.08      0.00      0.60      0.68      0.00     96.64
04:00:13          0      1.00      0.00      0.00      0.00      0.00     99.00
04:00:13          1      0.00      0.00      1.00      0.00      0.00     99.00
04:00:13          2     54.00      0.00      6.00      0.00      0.00     40.00
04:00:13          3      1.01      0.00      0.00      0.00      0.00     98.99
04:00:13          4      0.00      0.00      2.00      0.00      0.00     98.00
04:00:13          5      9.09      0.00      1.01      0.00      0.00     89.90
04:00:13          6      0.00      0.00      0.00      0.00      0.00    100.00
04:00:13          7      0.00      0.00      0.00      0.00      0.00    100.00
04:00:13          8      0.00      0.00      0.00      0.00      0.00    100.00
04:00:13          9      0.00      0.00      0.00      0.00      0.00    100.00
04:00:13         10      0.00      0.00      1.01      1.01      0.00     97.98
04:00:13         11      0.99      0.00      0.00      0.00      0.00     99.01
04:00:13         12      0.00      0.00      0.00      0.00      0.00    100.00
04:00:13         13      1.01      0.00      0.00      0.00      0.00     98.99
04:00:13         14      7.00      0.00      2.00      9.00      0.00     82.00
04:00:13         15      0.00      0.00      1.00      0.00      0.00     99.00
04:00:13         16      1.00      0.00      5.00      9.00      0.00     85.00
04:00:13         17      0.00      0.00      1.00      0.00      0.00     99.00
04:00:13         18      0.00      0.00      0.00      0.00      0.00    100.00
04:00:13         19      0.00      0.00      0.00      0.00      0.00    100.00
04:00:13         20      0.00      0.00      0.00      0.00      0.00    100.00
04:00:13         21      0.00      0.00      0.00      0.00      0.00    100.00
04:00:13         22      2.97      0.00      1.98      0.00      0.00     95.05
04:00:13         23      0.00      0.00      0.00      0.00      0.00    100.00
04:00:13         24      0.00      0.00      0.00      0.00      0.00    100.00
04:00:13         25      0.00      0.00      0.00      0.00      0.00    100.00
04:00:13         26      1.00      0.00      1.00      0.00      0.00     98.00
04:00:13         27      0.00      0.00      1.00      0.00      0.00     99.00
04:00:13         28      0.00      0.00      0.00      0.00      0.00    100.00
04:00:13         29      0.00      0.00      0.00      0.00      0.00    100.00
04:00:13         30      0.00      0.00      0.00      0.00      0.00    100.00
04:00:13         31      1.01      0.00      0.00      1.01      0.00     97.98
04:00:13         32      1.01      0.00      0.00      0.00      0.00     98.99
04:00:13         33      0.00      0.00      0.00      0.00      0.00    100.00
04:00:13         34      0.00      0.00      0.00      0.00      0.00    100.00
04:00:13         35      0.00      0.00      0.00      0.00      0.00    100.00
04:00:13         36      0.00      0.00      0.00      0.00      0.00    100.00
04:00:13         37      0.00      0.00      0.00      0.00      0.00    100.00
04:00:13         38      1.98      0.00      1.98      0.00      0.00     96.04
04:00:13         39      0.99      0.00      1.98      5.94      0.00     91.09

04:00:13        CPU     %user     %nice   %system   %iowait    %steal     %idle
04:00:14        all      1.78      0.00      0.50      0.10      0.00     97.62
04:00:14          0      0.00      0.00      0.00      0.00      0.00    100.00
04:00:14          1      1.00      0.00      0.00      0.00      0.00     99.00
04:00:14          2      0.00      0.00      0.00      0.00      0.00    100.00
04:00:14          3      1.00      0.00      0.00      0.00      0.00     99.00
04:00:14          4      0.00      0.00      0.00      0.00      0.00    100.00
04:00:14          5     58.59      0.00      7.07      0.00      0.00     34.34
04:00:14          6      0.00      0.00      0.00      0.00      0.00    100.00
04:00:14          7      0.00      0.00      0.00      0.00      0.00    100.00
04:00:14          8      0.00      0.00      0.00      0.00      0.00    100.00
04:00:14          9      0.00      0.00      0.00      0.00      0.00    100.00
04:00:14         10      0.00      0.00      0.00      0.00      0.00    100.00
04:00:14         11      0.00      0.00      0.00      3.03      0.00     96.97
04:00:14         12      0.00      0.00      0.00      0.00      0.00    100.00
04:00:14         13      0.00      0.00      0.00      0.00      0.00    100.00
04:00:14         14      0.00      0.00      0.00      0.00      0.00    100.00
04:00:14         15      0.00      0.00      2.00      0.00      0.00     98.00
04:00:14         16      0.00      0.00      0.00      0.00      0.00    100.00
04:00:14         17      2.00      0.00      0.00      1.00      0.00     97.00
04:00:14         18      0.00      0.00      0.00      0.00      0.00    100.00
04:00:14         19      0.00      0.00      0.00      0.00      0.00    100.00
04:00:14         20      0.00      0.00      0.00      0.00      0.00    100.00
04:00:14         21      0.00      0.00      0.00      0.00      0.00    100.00
04:00:14         22      0.00      0.00      0.00      0.00      0.00    100.00
04:00:14         23      5.94      0.00      0.99      0.00      0.00     93.07
04:00:14         24      0.00      0.00      0.99      0.00      0.00     99.01
04:00:14         25      0.00      0.00      0.00      0.00      0.00    100.00
04:00:14         26      0.00      0.00      1.98      0.00      0.00     98.02
04:00:14         27      0.00      0.00      1.00      0.00      0.00     99.00
04:00:14         28      0.00      0.00      0.00      0.00      0.00    100.00
04:00:14         29      0.00      0.00      1.00      0.00      0.00     99.00
04:00:14         30      0.00      0.00      1.98      0.00      0.00     98.02
04:00:14         31      0.00      0.00      0.00      0.00      0.00    100.00
04:00:14         32      0.00      0.00      0.00      0.00      0.00    100.00
04:00:14         33      0.00      0.00      0.00      0.00      0.00    100.00
04:00:14         34      0.00      0.00      0.00      0.00      0.00    100.00
04:00:14         35      0.00      0.00      0.00      0.00      0.00    100.00
04:00:14         36      0.00      0.00      0.00      0.00      0.00    100.00
04:00:14         37      0.00      0.00      0.00      0.00      0.00    100.00
04:00:14         38      2.00      0.00      0.00      0.00      0.00     98.00
04:00:14         39      0.00      0.00      0.00      0.00      0.00    100.00

04:00:14        CPU     %user     %nice   %system   %iowait    %steal     %idle
04:00:15        all      1.22      0.00      0.30      0.00      0.00     98.48
04:00:15          0      0.00      0.00      0.00      0.00      0.00    100.00
04:00:15          1      0.00      0.00      0.00      0.00      0.00    100.00
04:00:15          2      0.00      0.00      0.00      0.00      0.00    100.00
04:00:15          3      0.00      0.00      0.00      0.00      0.00    100.00
04:00:15          4      0.00      0.00      0.00      0.00      0.00    100.00
04:00:15          5     38.61      0.00      4.95      0.00      0.00     56.44
04:00:15          6      0.00      0.00      0.00      0.00      0.00    100.00
04:00:15          7      0.00      0.00      0.00      0.00      0.00    100.00
04:00:15          8      0.99      0.00      0.99      0.00      0.00     98.02
04:00:15          9      0.00      0.00      0.00      0.00      0.00    100.00
04:00:15         10      0.00      0.00      0.00      0.00      0.00    100.00
04:00:15         11      0.00      0.00      0.00      0.00      0.00    100.00
04:00:15         12      0.00      0.00      0.00      0.00      0.00    100.00
04:00:15         13      1.00      0.00      0.00      0.00      0.00     99.00
04:00:15         14      0.00      0.00      0.00      0.00      0.00    100.00
04:00:15         15      0.98      0.00      0.98      0.00      0.00     98.04
04:00:15         16      0.00      0.00      0.00      0.00      0.00    100.00
04:00:15         17      0.00      0.00      0.00      0.00      0.00    100.00
04:00:15         18      0.00      0.00      0.00      0.00      0.00    100.00
04:00:15         19      0.00      0.00      0.00      0.00      0.00    100.00
04:00:15         20      0.00      0.00      0.00      0.00      0.00    100.00
04:00:15         21      0.00      0.00      0.00      0.00      0.00    100.00
04:00:15         22      1.00      0.00      2.00      0.00      0.00     97.00
04:00:15         23      0.00      0.00      0.00      0.00      0.00    100.00
04:00:15         24      0.00      0.00      0.00      0.00      0.00    100.00
04:00:15         25      4.00      0.00      0.00      0.00      0.00     96.00
04:00:15         26      2.02      0.00      0.00      0.00      0.00     97.98
04:00:15         27      0.00      0.00      0.00      0.00      0.00    100.00
04:00:15         28      0.00      0.00      0.00      0.00      0.00    100.00
04:00:15         29      0.00      0.00      0.00      0.00      0.00    100.00
04:00:15         30      0.00      0.00      0.00      0.00      0.00    100.00
04:00:15         31      0.00      0.00      0.00      0.00      0.00    100.00
04:00:15         32      0.00      0.00      0.00      0.00      0.00    100.00
04:00:15         33      0.98      0.00      1.96      0.00      0.00     97.06
04:00:15         34      0.00      0.00      0.00      0.00      0.00    100.00
04:00:15         35      0.00      0.00      0.00      0.00      0.00    100.00
04:00:15         36      0.00      0.00      0.00      0.00      0.00    100.00
04:00:15         37      0.00      0.00      0.00      0.00      0.00    100.00
04:00:15         38      0.00      0.00      0.00      0.00      0.00    100.00
04:00:15         39      0.00      0.00      0.00      0.00      0.00    100.00

04:00:15        CPU     %user     %nice   %system   %iowait    %steal     %idle
04:00:16        all      0.03      0.00      0.00      0.00      0.00     99.97
04:00:16          0      0.00      0.00      0.00      0.00      0.00    100.00
04:00:16          1      0.00      0.00      0.00      0.00      0.00    100.00
04:00:16          2      0.00      0.00      0.00      0.00      0.00    100.00
04:00:16          3      0.00      0.00      0.00      0.00      0.00    100.00
04:00:16          4      0.00      0.00      0.00      0.00      0.00    100.00
04:00:16          5      0.00      0.00      0.00      0.00      0.00    100.00
04:00:16          6      0.00      0.00      0.00      0.00      0.00    100.00
04:00:16          7      0.00      0.00      0.00      0.00      0.00    100.00
04:00:16          8      0.00      0.00      0.00      0.00      0.00    100.00
04:00:16          9      0.00      0.00      0.00      0.00      0.00    100.00
04:00:16         10      0.00      0.00      0.00      0.00      0.00    100.00
04:00:16         11      0.00      0.00      0.00      0.00      0.00    100.00
04:00:16         12      0.00      0.00      0.00      0.00      0.00    100.00
04:00:16         13      0.00      0.00      0.00      0.00      0.00    100.00
04:00:16         14      0.00      0.00      0.00      0.00      0.00    100.00
04:00:16         15      1.00      0.00      0.00      0.00      0.00     99.00
04:00:16         16      0.00      0.00      0.00      0.00      0.00    100.00
04:00:16         17      0.00      0.00      0.00      0.00      0.00    100.00
04:00:16         18      0.00      0.00      0.00      0.00      0.00    100.00
04:00:16         19      0.00      0.00      0.00      0.00      0.00    100.00
04:00:16         20      0.00      0.00      0.00      0.00      0.00    100.00
04:00:16         21      0.00      0.00      0.00      0.00      0.00    100.00
04:00:16         22      0.00      0.00      0.00      0.00      0.00    100.00
04:00:16         23      0.00      0.00      0.00      0.00      0.00    100.00
04:00:16         24      0.00      0.00      0.00      0.00      0.00    100.00
04:00:16         25      0.00      0.00      0.00      0.00      0.00    100.00
04:00:16         26      0.00      0.00      0.00      0.00      0.00    100.00
04:00:16         27      0.00      0.00      0.00      0.00      0.00    100.00
04:00:16         28      0.00      0.00      0.00      0.00      0.00    100.00
04:00:16         29      0.00      0.00      0.00      0.00      0.00    100.00
04:00:16         30      0.00      0.00      0.00      0.00      0.00    100.00
04:00:16         31      0.00      0.00      0.00      0.00      0.00    100.00
04:00:16         32      0.00      0.00      0.00      0.00      0.00    100.00
04:00:16         33      0.00      0.00      0.00      0.00      0.00    100.00
04:00:16         34      0.00      0.00      0.00      0.00      0.00    100.00
04:00:16         35      0.00      0.00      0.00      0.00      0.00    100.00
04:00:16         36      0.00      0.00      0.00      0.00      0.00    100.00
04:00:16         37      0.00      0.00      0.00      0.00      0.00    100.00
04:00:16         38      0.00      0.00      0.00      0.00      0.00    100.00
04:00:16         39      0.00      0.00      0.00      0.00      0.00    100.00

04:00:16        CPU     %user     %nice   %system   %iowait    %steal     %idle
04:00:17        all      0.05      0.00      0.02      0.00      0.00     99.93
04:00:17          0      0.00      0.00      0.00      0.00      0.00    100.00
04:00:17          1      0.00      0.00      0.00      0.00      0.00    100.00
04:00:17          2      0.00      0.00      0.00      0.00      0.00    100.00
04:00:17          3      0.00      0.00      0.00      0.00      0.00    100.00
04:00:17          4      0.00      0.00      0.00      0.00      0.00    100.00
04:00:17          5      0.00      0.00      0.00      0.00      0.00    100.00
04:00:17          6      0.00      0.00      0.00      0.00      0.00    100.00
04:00:17          7      0.00      0.00      0.00      0.00      0.00    100.00
04:00:17          8      0.00      0.00      0.00      0.00      0.00    100.00
04:00:17          9      0.00      0.00      0.00      0.00      0.00    100.00
04:00:17         10      0.00      0.00      0.00      0.00      0.00    100.00
04:00:17         11      0.00      0.00      0.00      0.00      0.00    100.00
04:00:17         12      0.00      0.00      0.00      0.00      0.00    100.00
04:00:17         13      0.99      0.00      0.00      0.00      0.00     99.01
04:00:17         14      0.00      0.00      0.00      0.00      0.00    100.00
04:00:17         15      0.00      0.00      0.00      0.00      0.00    100.00
04:00:17         16      0.00      0.00      0.00      0.00      0.00    100.00
04:00:17         17      0.00      0.00      0.00      0.00      0.00    100.00
04:00:17         18      0.00      0.00      0.00      0.00      0.00    100.00
04:00:17         19      0.00      0.00      0.00      0.00      0.00    100.00
04:00:17         20      0.00      0.00      0.00      0.00      0.00    100.00
04:00:17         21      0.00      0.00      0.00      0.00      0.00    100.00
04:00:17         22      0.00      0.00      0.00      0.00      0.00    100.00
04:00:17         23      0.00      0.00      0.00      0.00      0.00    100.00
04:00:17         24      0.00      0.00      0.00      0.00      0.00    100.00
04:00:17         25      0.00      0.00      0.00      0.00      0.00    100.00
04:00:17         26      0.00      0.00      0.00      0.00      0.00    100.00
04:00:17         27      0.00      0.00      0.00      0.00      0.00    100.00
04:00:17         28      0.00      0.00      0.00      0.00      0.00    100.00
04:00:17         29      0.00      0.00      0.00      0.00      0.00    100.00
04:00:17         30      0.00      0.00      0.00      0.00      0.00    100.00
04:00:17         31      0.00      0.00      0.00      0.00      0.00    100.00
04:00:17         32      0.00      0.00      0.00      0.00      0.00    100.00
04:00:17         33      0.00      0.00      0.00      0.00      0.00    100.00
04:00:17         34      0.00      0.00      0.00      0.00      0.00    100.00
04:00:17         35      0.00      0.00      0.00      0.00      0.00    100.00
04:00:17         36      0.00      0.00      0.00      0.00      0.00    100.00
04:00:17         37      0.00      0.00      0.00      0.00      0.00    100.00
04:00:17         38      0.00      0.00      0.00      0.00      0.00    100.00
04:00:17         39      0.00      0.00      0.00      0.00      0.00    100.00

04:00:17        CPU     %user     %nice   %system   %iowait    %steal     %idle
04:00:18        all      0.00      0.00      0.03      0.00      0.00     99.97
04:00:18          0      0.00      0.00      0.00      0.00      0.00    100.00
04:00:18          1      0.00      0.00      0.00      0.00      0.00    100.00
04:00:18          2      0.00      0.00      0.00      0.00      0.00    100.00
04:00:18          3      0.00      0.00      0.00      0.00      0.00    100.00
04:00:18          4      0.00      0.00      0.00      0.00      0.00    100.00
04:00:18          5      0.00      0.00      0.00      0.00      0.00    100.00
04:00:18          6      0.00      0.00      0.00      0.00      0.00    100.00
04:00:18          7      0.00      0.00      0.00      0.00      0.00    100.00
04:00:18          8      0.00      0.00      0.00      0.00      0.00    100.00
04:00:18          9      0.00      0.00      0.00      0.00      0.00    100.00
04:00:18         10      0.00      0.00      0.00      0.00      0.00    100.00
04:00:18         11      0.00      0.00      0.00      0.00      0.00    100.00
04:00:18         12      0.00      0.00      0.00      0.00      0.00    100.00
04:00:18         13      0.00      0.00      0.00      0.00      0.00    100.00
04:00:18         14      0.00      0.00      0.00      0.00      0.00    100.00
04:00:18         15      0.99      0.00      0.99      0.00      0.00     98.02
04:00:18         16      0.00      0.00      0.00      0.00      0.00    100.00
04:00:18         17      0.00      0.00      0.00      0.00      0.00    100.00
04:00:18         18      0.00      0.00      0.00      0.00      0.00    100.00
04:00:18         19      0.00      0.00      0.00      0.00      0.00    100.00
04:00:18         20      0.00      0.00      0.00      0.00      0.00    100.00
04:00:18         21      0.00      0.00      0.00      0.00      0.00    100.00
04:00:18         22      0.00      0.00      0.00      0.00      0.00    100.00
04:00:18         23      0.00      0.00      0.00      0.00      0.00    100.00
04:00:18         24      0.00      0.00      0.00      0.00      0.00    100.00
04:00:18         25      0.00      0.00      0.00      0.00      0.00    100.00
04:00:18         26      0.00      0.00      0.00      0.00      0.00    100.00
04:00:18         27      0.00      0.00      0.00      0.00      0.00    100.00
04:00:18         28      0.00      0.00      0.00      0.00      0.00    100.00
04:00:18         29      0.00      0.00      0.00      0.00      0.00    100.00
04:00:18         30      0.00      0.00      0.00      0.00      0.00    100.00
04:00:18         31      0.00      0.00      0.00      0.00      0.00    100.00
04:00:18         32      0.00      0.00      0.00      0.00      0.00    100.00
04:00:18         33      0.00      0.00      0.00      0.00      0.00    100.00
04:00:18         34      0.00      0.00      1.00      0.00      0.00     99.00
04:00:18         35      0.00      0.00      0.00      0.00      0.00    100.00
04:00:18         36      0.00      0.00      0.00      0.00      0.00    100.00
04:00:18         37      0.00      0.00      0.00      0.00      0.00    100.00
04:00:18         38      0.00      0.00      0.00      0.00      0.00    100.00
04:00:18         39      0.00      0.00      0.00      0.00      0.00    100.00

04:00:18        CPU     %user     %nice   %system   %iowait    %steal     %idle
04:00:19        all      0.00      0.00      0.05      0.02      0.00     99.93
04:00:19          0      0.00      0.00      0.00      0.00      0.00    100.00
04:00:19          1      0.00      0.00      0.00      0.00      0.00    100.00
04:00:19          2      0.00      0.00      0.00      0.00      0.00    100.00
04:00:19          3      0.00      0.00      0.00      0.00      0.00    100.00
04:00:19          4      0.00      0.00      0.00      0.00      0.00    100.00
04:00:19          5      0.00      0.00      0.00      0.00      0.00    100.00
04:00:19          6      0.00      0.00      0.00      0.00      0.00    100.00
04:00:19          7      0.00      0.00      0.00      0.00      0.00    100.00
04:00:19          8      0.00      0.00      0.00      0.00      0.00    100.00
04:00:19          9      0.00      0.00      0.00      0.00      0.00    100.00
04:00:19         10      0.00      0.00      0.99      0.00      0.00     99.01
04:00:19         11      0.00      0.00      0.00      0.00      0.00    100.00
04:00:19         12      0.00      0.00      0.00      0.00      0.00    100.00
04:00:19         13      0.00      0.00      0.00      0.00      0.00    100.00
04:00:19         14      0.00      0.00      0.99      0.00      0.00     99.01
04:00:19         15      0.00      0.00      0.00      0.00      0.00    100.00
04:00:19         16      0.00      0.00      0.00      0.00      0.00    100.00
04:00:19         17      0.00      0.00      0.00      0.00      0.00    100.00
04:00:19         18      0.00      0.00      0.00      0.00      0.00    100.00
04:00:19         19      0.00      0.00      0.00      0.00      0.00    100.00
04:00:19         20      0.00      0.00      0.00      0.00      0.00    100.00
04:00:19         21      0.00      0.00      0.00      0.00      0.00    100.00
04:00:19         22      0.00      0.00      0.00      0.00      0.00    100.00
04:00:19         23      0.00      0.00      0.00      0.00      0.00    100.00
04:00:19         24      0.00      0.00      0.00      0.00      0.00    100.00
04:00:19         25      0.00      0.00      0.00      0.00      0.00    100.00
04:00:19         26      0.00      0.00      0.00      0.00      0.00    100.00
04:00:19         27      0.00      0.00      0.00      0.00      0.00    100.00
04:00:19         28      0.00      0.00      0.00      0.00      0.00    100.00
04:00:19         29      0.00      0.00      0.00      0.00      0.00    100.00
04:00:19         30      0.00      0.00      0.00      1.00      0.00     99.00
04:00:19         31      0.00      0.00      0.00      0.00      0.00    100.00
04:00:19         32      0.00      0.00      0.00      0.00      0.00    100.00
04:00:19         33      0.00      0.00      0.00      0.00      0.00    100.00
04:00:19         34      0.00      0.00      0.00      0.00      0.00    100.00
04:00:19         35      0.00      0.00      0.00      0.00      0.00    100.00
04:00:19         36      0.00      0.00      0.00      0.00      0.00    100.00
04:00:19         37      0.00      0.00      0.00      0.00      0.00    100.00
04:00:19         38      0.00      0.00      0.00      0.00      0.00    100.00
04:00:19         39      0.00      0.00      1.00      0.00      0.00     99.00

04:00:19        CPU     %user     %nice   %system   %iowait    %steal     %idle
04:00:20        all      0.02      0.00      0.02      0.00      0.00     99.95
04:00:20          0      0.00      0.00      0.00      0.00      0.00    100.00
04:00:20          1      0.00      0.00      0.00      0.00      0.00    100.00
04:00:20          2      0.00      0.00      0.00      0.00      0.00    100.00
04:00:20          3      0.00      0.00      0.00      0.00      0.00    100.00
04:00:20          4      0.00      0.00      0.00      0.00      0.00    100.00
04:00:20          5      0.00      0.00      0.00      0.00      0.00    100.00
04:00:20          6      0.00      0.00      0.00      0.00      0.00    100.00
04:00:20          7      0.00      0.00      0.00      0.00      0.00    100.00
04:00:20          8      0.00      0.00      0.00      0.00      0.00    100.00
04:00:20          9      0.00      0.00      0.00      0.00      0.00    100.00
04:00:20         10      0.00      0.00      0.00      0.00      0.00    100.00
04:00:20         11      0.00      0.00      0.00      0.00      0.00    100.00
04:00:20         12      0.00      0.00      0.00      0.00      0.00    100.00
04:00:20         13      0.00      0.00      0.00      0.00      0.00    100.00
04:00:20         14      0.00      0.00      0.00      0.00      0.00    100.00
04:00:20         15      0.00      0.00      0.99      0.00      0.00     99.01
04:00:20         16      0.00      0.00      0.00      0.00      0.00    100.00
04:00:20         17      0.00      0.00      0.00      0.00      0.00    100.00
04:00:20         18      0.00      0.00      0.00      0.00      0.00    100.00
04:00:20         19      0.00      0.00      0.00      0.00      0.00    100.00
04:00:20         20      0.00      0.00      0.00      0.00      0.00    100.00
04:00:20         21      0.00      0.00      0.00      0.00      0.00    100.00
04:00:20         22      0.00      0.00      0.00      0.00      0.00    100.00
04:00:20         23      0.00      0.00      0.00      0.00      0.00    100.00
04:00:20         24      0.00      0.00      0.00      0.00      0.00    100.00
04:00:20         25      0.00      0.00      0.00      0.00      0.00    100.00
04:00:20         26      0.00      0.00      0.00      0.00      0.00    100.00
04:00:20         27      0.00      0.00      0.00      0.00      0.00    100.00
04:00:20         28      0.00      0.00      0.00      0.00      0.00    100.00
04:00:20         29      0.00      0.00      0.00      0.00      0.00    100.00
04:00:20         30      0.00      0.00      0.00      0.00      0.00    100.00
04:00:20         31      0.00      0.00      0.00      0.00      0.00    100.00
04:00:20         32      0.00      0.00      0.00      0.00      0.00    100.00
04:00:20         33      0.00      0.00      0.00      0.00      0.00    100.00
04:00:20         34      0.00      0.00      0.00      0.00      0.00    100.00
04:00:20         35      0.00      0.00      0.00      0.00      0.00    100.00
04:00:20         36      0.00      0.00      0.00      0.00      0.00    100.00
04:00:20         37      0.00      0.00      0.00      0.00      0.00    100.00
04:00:20         38      0.00      0.00      0.00      0.00      0.00    100.00
04:00:20         39      0.99      0.00      0.00      0.00      0.00     99.01

04:00:20        CPU     %user     %nice   %system   %iowait    %steal     %idle
04:00:21        all      0.00      0.00      0.07      0.00      0.00     99.93
04:00:21          0      0.00      0.00      0.00      0.00      0.00    100.00
04:00:21          1      0.00      0.00      0.00      0.00      0.00    100.00
04:00:21          2      0.00      0.00      0.00      0.00      0.00    100.00
04:00:21          3      0.00      0.00      0.00      0.00      0.00    100.00
04:00:21          4      0.00      0.00      0.00      0.00      0.00    100.00
04:00:21          5      0.00      0.00      0.00      0.00      0.00    100.00
04:00:21          6      0.00      0.00      0.00      0.00      0.00    100.00
04:00:21          7      0.00      0.00      0.00      0.00      0.00    100.00
04:00:21          8      0.00      0.00      0.00      0.00      0.00    100.00
04:00:21          9      0.00      0.00      0.00      0.00      0.00    100.00
04:00:21         10      0.00      0.00      0.00      0.00      0.00    100.00
04:00:21         11      0.00      0.00      0.00      0.00      0.00    100.00
04:00:21         12      0.00      0.00      0.00      0.00      0.00    100.00
04:00:21         13      0.00      0.00      0.99      0.00      0.00     99.01
04:00:21         14      0.00      0.00      0.00      0.00      0.00    100.00
04:00:21         15      0.00      0.00      1.00      0.00      0.00     99.00
04:00:21         16      0.00      0.00      0.00      0.00      0.00    100.00
04:00:21         17      0.00      0.00      0.00      0.00      0.00    100.00
04:00:21         18      0.00      0.00      0.00      0.00      0.00    100.00
04:00:21         19      0.00      0.00      0.00      0.00      0.00    100.00
04:00:21         20      0.00      0.00      0.00      0.00      0.00    100.00
04:00:21         21      0.00      0.00      0.00      0.00      0.00    100.00
04:00:21         22      0.00      0.00      0.00      0.00      0.00    100.00
04:00:21         23      0.00      0.00      0.00      0.00      0.00    100.00
04:00:21         24      0.00      0.00      0.00      0.00      0.00    100.00
04:00:21         25      0.00      0.00      0.00      0.00      0.00    100.00
04:00:21         26      0.00      0.00      0.00      0.00      0.00    100.00
04:00:21         27      0.00      0.00      0.00      0.00      0.00    100.00
04:00:21         28      0.00      0.00      0.00      0.00      0.00    100.00
04:00:21         29      0.00      0.00      0.00      0.00      0.00    100.00
04:00:21         30      0.00      0.00      0.00      0.00      0.00    100.00
04:00:21         31      0.00      0.00      0.00      0.00      0.00    100.00
04:00:21         32      0.00      0.00      0.00      0.00      0.00    100.00
04:00:21         33      0.00      0.00      0.99      0.00      0.00     99.01
04:00:21         34      0.00      0.00      0.00      0.00      0.00    100.00
04:00:21         35      0.00      0.00      0.00      0.00      0.00    100.00
04:00:21         36      0.00      0.00      0.00      0.00      0.00    100.00
04:00:21         37      0.00      0.00      0.00      0.00      0.00    100.00
04:00:21         38      0.00      0.00      0.00      0.00      0.00    100.00
04:00:21         39      0.00      0.00      0.00      0.00      0.00    100.00

04:00:21        CPU     %user     %nice   %system   %iowait    %steal     %idle
04:00:22        all      0.02      0.00      0.02      0.00      0.00     99.95
04:00:22          0      0.00      0.00      0.00      0.00      0.00    100.00
04:00:22          1      0.00      0.00      0.00      0.00      0.00    100.00
04:00:22          2      0.00      0.00      0.00      0.00      0.00    100.00
04:00:22          3      0.00      0.00      0.00      0.00      0.00    100.00
04:00:22          4      0.00      0.00      0.00      0.00      0.00    100.00
04:00:22          5      0.00      0.00      0.00      0.00      0.00    100.00
04:00:22          6      0.00      0.00      0.00      0.00      0.00    100.00
04:00:22          7      0.00      0.00      0.00      0.00      0.00    100.00
04:00:22          8      0.00      0.00      0.00      0.00      0.00    100.00
04:00:22          9      0.00      0.00      0.00      0.00      0.00    100.00
04:00:22         10      0.00      0.00      0.00      0.00      0.00    100.00
04:00:22         11      0.00      0.00      0.00      0.00      0.00    100.00
04:00:22         12      0.00      0.00      0.00      0.00      0.00    100.00
04:00:22         13      0.00      0.00      0.00      0.00      0.00    100.00
04:00:22         14      0.00      0.00      0.00      0.00      0.00    100.00
04:00:22         15      0.99      0.00      0.00      0.00      0.00     99.01
04:00:22         16      0.00      0.00      0.00      0.00      0.00    100.00
04:00:22         17      0.00      0.00      0.00      0.00      0.00    100.00
04:00:22         18      0.00      0.00      0.00      0.00      0.00    100.00
04:00:22         19      0.00      0.00      0.00      0.00      0.00    100.00
04:00:22         20      0.00      0.00      0.00      0.00      0.00    100.00
04:00:22         21      0.00      0.00      0.00      0.00      0.00    100.00
04:00:22         22      0.00      0.00      0.00      0.00      0.00    100.00
04:00:22         23      0.00      0.00      0.00      0.00      0.00    100.00
04:00:22         24      0.00      0.00      0.00      0.00      0.00    100.00
04:00:22         25      0.00      0.00      0.00      0.00      0.00    100.00
04:00:22         26      0.00      0.00      0.00      0.00      0.00    100.00
04:00:22         27      0.00      0.00      0.00      0.00      0.00    100.00
04:00:22         28      0.00      0.00      0.00      0.00      0.00    100.00
04:00:22         29      0.00      0.00      0.00      0.00      0.00    100.00
04:00:22         30      0.00      0.00      0.00      0.00      0.00    100.00
04:00:22         31      0.00      0.00      0.00      0.00      0.00    100.00
04:00:22         32      0.00      0.00      0.00      0.00      0.00    100.00
04:00:22         33      0.00      0.00      0.00      0.00      0.00    100.00
04:00:22         34      0.00      0.00      0.99      0.00      0.00     99.01
04:00:22         35      0.00      0.00      0.00      0.00      0.00    100.00
04:00:22         36      0.00      0.00      0.00      0.00      0.00    100.00
04:00:22         37      0.00      0.00      0.00      0.00      0.00    100.00
04:00:22         38      0.00      0.00      0.00      0.00      0.00    100.00
04:00:22         39      0.00      0.00      0.00      0.00      0.00    100.00

04:00:22        CPU     %user     %nice   %system   %iowait    %steal     %idle
04:00:23        all      0.03      0.00      0.03      0.00      0.00     99.95
04:00:23          0      0.00      0.00      0.00      0.00      0.00    100.00
04:00:23          1      0.00      0.00      0.00      0.00      0.00    100.00
04:00:23          2      0.00      0.00      0.00      0.00      0.00    100.00
04:00:23          3      0.00      0.00      0.00      0.00      0.00    100.00
04:00:23          4      0.00      0.00      0.00      0.00      0.00    100.00
04:00:23          5      0.00      0.00      0.00      0.00      0.00    100.00
04:00:23          6      0.00      0.00      0.00      0.00      0.00    100.00
04:00:23          7      0.00      0.00      0.00      0.00      0.00    100.00
04:00:23          8      0.00      0.00      0.00      0.00      0.00    100.00
04:00:23          9      0.00      0.00      0.00      0.00      0.00    100.00
04:00:23         10      0.00      0.00      0.00      0.00      0.00    100.00
04:00:23         11      0.00      0.00      0.00      0.00      0.00    100.00
04:00:23         12      0.00      0.00      0.00      0.00      0.00    100.00
04:00:23         13      0.00      0.00      0.99      0.00      0.00     99.01
04:00:23         14      0.00      0.00      0.00      0.00      0.00    100.00
04:00:23         15      0.00      0.00      1.00      0.00      0.00     99.00
04:00:23         16      0.00      0.00      0.00      0.00      0.00    100.00
04:00:23         17      0.00      0.00      0.00      0.00      0.00    100.00
04:00:23         18      0.00      0.00      0.00      0.00      0.00    100.00
04:00:23         19      0.00      0.00      0.00      0.00      0.00    100.00
04:00:23         20      0.00      0.00      0.00      0.00      0.00    100.00
04:00:23         21      0.00      0.00      0.00      0.00      0.00    100.00
04:00:23         22      0.00      0.00      0.00      0.00      0.00    100.00
04:00:23         23      0.00      0.00      0.00      0.00      0.00    100.00
04:00:23         24      0.00      0.00      0.00      0.00      0.00    100.00
04:00:23         25      0.00      0.00      0.00      0.00      0.00    100.00
04:00:23         26      0.00      0.00      0.00      0.00      0.00    100.00
04:00:23         27      0.00      0.00      0.00      0.00      0.00    100.00
04:00:23         28      0.00      0.00      0.00      0.00      0.00    100.00
04:00:23         29      0.00      0.00      0.00      0.00      0.00    100.00
04:00:23         30      0.00      0.00      0.00      0.00      0.00    100.00
04:00:23         31      0.00      0.00      0.00      0.00      0.00    100.00
04:00:23         32      0.00      0.00      0.00      0.00      0.00    100.00
04:00:23         33      0.00      0.00      0.00      0.00      0.00    100.00
04:00:23         34      0.00      0.00      0.00      0.00      0.00    100.00
04:00:23         35      0.00      0.00      0.00      0.00      0.00    100.00
04:00:23         36      0.00      0.00      0.00      0.00      0.00    100.00
04:00:23         37      0.00      0.00      0.00      0.00      0.00    100.00
04:00:23         38      0.00      0.00      0.00      0.00      0.00    100.00
04:00:23         39      0.00      0.00      0.00      0.00      0.00    100.00

04:00:23        CPU     %user     %nice   %system   %iowait    %steal     %idle
04:00:24        all      0.00      0.00      0.05      0.00      0.00     99.95
04:00:24          0      0.00      0.00      0.00      0.00      0.00    100.00
04:00:24          1      0.00      0.00      0.00      0.00      0.00    100.00
04:00:24          2      0.00      0.00      0.00      0.00      0.00    100.00
04:00:24          3      0.00      0.00      0.00      0.00      0.00    100.00
04:00:24          4      0.00      0.00      0.00      0.00      0.00    100.00
04:00:24          5      0.00      0.00      0.00      0.00      0.00    100.00
04:00:24          6      0.00      0.00      0.00      0.00      0.00    100.00
04:00:24          7      0.00      0.00      0.00      0.00      0.00    100.00
04:00:24          8      0.00      0.00      0.00      0.00      0.00    100.00
04:00:24          9      0.00      0.00      0.00      0.00      0.00    100.00
04:00:24         10      0.00      0.00      0.00      0.00      0.00    100.00
04:00:24         11      0.00      0.00      0.00      0.00      0.00    100.00
04:00:24         12      0.00      0.00      0.00      0.00      0.00    100.00
04:00:24         13      0.00      0.00      0.00      0.00      0.00    100.00
04:00:24         14      0.00      0.00      0.00      0.00      0.00    100.00
04:00:24         15      0.00      0.00      0.99      0.00      0.00     99.01
04:00:24         16      0.00      0.00      0.00      0.00      0.00    100.00
04:00:24         17      0.00      0.00      0.00      0.00      0.00    100.00
04:00:24         18      0.00      0.00      0.00      0.00      0.00    100.00
04:00:24         19      0.00      0.00      0.00      0.00      0.00    100.00
04:00:24         20      0.00      0.00      0.00      0.00      0.00    100.00
04:00:24         21      0.00      0.00      0.00      0.00      0.00    100.00
04:00:24         22      0.00      0.00      0.00      0.00      0.00    100.00
04:00:24         23      0.00      0.00      0.00      0.00      0.00    100.00
04:00:24         24      0.00      0.00      0.00      0.00      0.00    100.00
04:00:24         25      0.00      0.00      0.00      0.00      0.00    100.00
04:00:24         26      0.00      0.00      0.00      0.00      0.00    100.00
04:00:24         27      0.00      0.00      0.00      0.00      0.00    100.00
04:00:24         28      0.00      0.00      0.00      0.00      0.00    100.00
04:00:24         29      0.00      0.00      0.00      0.00      0.00    100.00
04:00:24         30      0.00      0.00      0.00      0.00      0.00    100.00
04:00:24         31      0.00      0.00      0.00      0.00      0.00    100.00
04:00:24         32      0.00      0.00      0.00      0.00      0.00    100.00
04:00:24         33      0.00      0.00      0.00      0.00      0.00    100.00
04:00:24         34      0.00      0.00      0.00      0.00      0.00    100.00
04:00:24         35      0.00      0.00      0.00      0.00      0.00    100.00
04:00:24         36      0.00      0.00      0.00      0.00      0.00    100.00
04:00:24         37      0.00      0.00      0.00      0.00      0.00    100.00
04:00:24         38      0.00      0.00      0.00      0.00      0.00    100.00
04:00:24         39      0.00      0.00      0.00      0.00      0.00    100.00

04:00:24        CPU     %user     %nice   %system   %iowait    %steal     %idle
04:00:25        all      0.03      0.00      0.03      0.00      0.00     99.95
04:00:25          0      0.00      0.00      0.00      0.00      0.00    100.00
04:00:25          1      0.00      0.00      0.00      0.00      0.00    100.00
04:00:25          2      0.00      0.00      0.00      0.00      0.00    100.00
04:00:25          3      0.00      0.00      0.00      0.00      0.00    100.00
04:00:25          4      0.00      0.00      0.00      0.00      0.00    100.00
04:00:25          5      0.00      0.00      0.00      0.00      0.00    100.00
04:00:25          6      0.00      0.00      0.00      0.00      0.00    100.00
04:00:25          7      0.00      0.00      0.00      0.00      0.00    100.00
04:00:25          8      0.00      0.00      0.00      0.00      0.00    100.00
04:00:25          9      0.00      0.00      0.00      0.00      0.00    100.00
04:00:25         10      0.00      0.00      0.00      0.00      0.00    100.00
04:00:25         11      0.00      0.00      0.00      0.00      0.00    100.00
04:00:25         12      0.00      0.00      0.00      0.00      0.00    100.00
04:00:25         13      1.00      0.00      0.00      0.00      0.00     99.00
04:00:25         14      0.00      0.00      0.99      0.00      0.00     99.01
04:00:25         15      0.00      0.00      0.00      0.00      0.00    100.00
04:00:25         16      0.00      0.00      0.00      0.00      0.00    100.00
04:00:25         17      0.00      0.00      0.00      0.00      0.00    100.00
04:00:25         18      0.00      0.00      0.00      0.00      0.00    100.00
04:00:25         19      0.00      0.00      0.00      0.00      0.00    100.00
04:00:25         20      0.00      0.00      0.00      0.00      0.00    100.00
04:00:25         21      0.00      0.00      0.00      0.00      0.00    100.00
04:00:25         22      0.00      0.00      0.00      0.00      0.00    100.00
04:00:25         23      0.00      0.00      0.00      0.00      0.00    100.00
04:00:25         24      0.00      0.00      0.00      0.00      0.00    100.00
04:00:25         25      0.00      0.00      0.00      0.00      0.00    100.00
04:00:25         26      0.00      0.00      0.00      0.00      0.00    100.00
04:00:25         27      0.00      0.00      0.00      0.00      0.00    100.00
04:00:25         28      0.00      0.00      0.00      0.00      0.00    100.00
04:00:25         29      0.00      0.00      0.00      0.00      0.00    100.00
04:00:25         30      0.00      0.00      0.00      0.00      0.00    100.00
04:00:25         31      0.00      0.00      0.00      0.00      0.00    100.00
04:00:25         32      0.00      0.00      0.00      0.00      0.00    100.00
04:00:25         33      0.99      0.00      0.00      0.00      0.00     99.01
04:00:25         34      0.00      0.00      0.00      0.00      0.00    100.00
04:00:25         35      0.00      0.00      0.00      0.00      0.00    100.00
04:00:25         36      0.00      0.00      0.00      0.00      0.00    100.00
04:00:25         37      0.00      0.00      0.00      0.00      0.00    100.00
04:00:25         38      0.00      0.00      0.00      0.00      0.00    100.00
04:00:25         39      0.00      0.00      0.00      0.00      0.00    100.00

04:00:25        CPU     %user     %nice   %system   %iowait    %steal     %idle
04:00:26        all      0.02      0.00      0.02      0.00      0.00     99.95
04:00:26          0      0.00      0.00      0.00      0.00      0.00    100.00
04:00:26          1      0.00      0.00      0.00      0.00      0.00    100.00
04:00:26          2      0.00      0.00      0.00      0.00      0.00    100.00
04:00:26          3      0.00      0.00      0.00      0.00      0.00    100.00
04:00:26          4      0.00      0.00      0.00      0.00      0.00    100.00
04:00:26          5      0.00      0.00      0.00      0.00      0.00    100.00
04:00:26          6      0.00      0.00      0.00      0.00      0.00    100.00
04:00:26          7      0.00      0.00      0.00      0.00      0.00    100.00
04:00:26          8      0.00      0.00      0.00      0.00      0.00    100.00
04:00:26          9      0.00      0.00      0.00      0.00      0.00    100.00
04:00:26         10      0.00      0.00      0.00      0.00      0.00    100.00
04:00:26         11      0.00      0.00      0.00      0.00      0.00    100.00
04:00:26         12      0.00      0.00      0.00      0.00      0.00    100.00
04:00:26         13      0.99      0.00      0.00      0.00      0.00     99.01
04:00:26         14      0.00      0.00      0.00      0.00      0.00    100.00
04:00:26         15      0.98      0.00      0.98      0.00      0.00     98.04
04:00:26         16      0.00      0.00      0.00      0.00      0.00    100.00
04:00:26         17      0.00      0.00      0.00      0.00      0.00    100.00
04:00:26         18      0.00      0.00      0.00      0.00      0.00    100.00
04:00:26         19      0.00      0.00      0.00      0.00      0.00    100.00
04:00:26         20      0.00      0.00      0.00      0.00      0.00    100.00
04:00:26         21      0.00      0.00      0.00      0.00      0.00    100.00
04:00:26         22      0.00      0.00      0.00      0.00      0.00    100.00
04:00:26         23      0.00      0.00      0.00      0.00      0.00    100.00
04:00:26         24      0.00      0.00      0.00      0.00      0.00    100.00
04:00:26         25      0.00      0.00      0.00      0.00      0.00    100.00
04:00:26         26      0.00      0.00      0.00      0.00      0.00    100.00
04:00:26         27      0.00      0.00      0.00      0.00      0.00    100.00
04:00:26         28      0.00      0.00      0.00      0.00      0.00    100.00
04:00:26         29      0.00      0.00      0.00      0.00      0.00    100.00
04:00:26         30      0.00      0.00      0.00      0.00      0.00    100.00
04:00:26         31      0.00      0.00      0.00      0.00      0.00    100.00
04:00:26         32      0.00      0.00      0.00      0.00      0.00    100.00
04:00:26         33      0.00      0.00      0.00      0.00      0.00    100.00
04:00:26         34      1.00      0.00      0.00      0.00      0.00     99.00
04:00:26         35      0.00      0.00      0.00      0.00      0.00    100.00
04:00:26         36      0.00      0.00      0.00      0.00      0.00    100.00
04:00:26         37      0.00      0.00      0.00      0.00      0.00    100.00
04:00:26         38      0.00      0.00      0.00      0.00      0.00    100.00
04:00:26         39      0.00      0.00      0.00      0.00      0.00    100.00

04:00:26        CPU     %user     %nice   %system   %iowait    %steal     %idle
04:00:27        all      2.85      0.00      0.50      0.00      0.00     96.65
04:00:27          0     14.00      0.00      1.00      0.00      0.00     85.00
04:00:27          1     18.81      0.00      2.97      0.00      0.00     78.22
04:00:27          2      2.00      0.00      1.00      0.00      0.00     97.00
04:00:27          3      0.00      0.00      0.00      0.00      0.00    100.00
04:00:27          4     16.16      0.00      2.02      0.00      0.00     81.82
04:00:27          5      2.00      0.00      1.00      0.00      0.00     97.00
04:00:27          6     13.00      0.00      1.00      0.00      0.00     86.00
04:00:27          7      0.00      0.00      0.00      0.00      0.00    100.00
04:00:27          8      0.00      0.00      1.00      0.00      0.00     99.00
04:00:27          9      0.00      0.00      0.00      0.00      0.00    100.00
04:00:27         10      6.93      0.00      0.00      0.00      0.00     93.07
04:00:27         11      0.00      0.00      0.00      0.00      0.00    100.00
04:00:27         12      1.00      0.00      1.00      0.00      0.00     98.00
04:00:27         13      0.00      0.00      0.00      0.00      0.00    100.00
04:00:27         14      0.99      0.00      0.00      0.00      0.00     99.01
04:00:27         15      0.00      0.00      1.00      0.00      0.00     99.00
04:00:27         16      1.00      0.00      1.00      0.00      0.00     98.00
04:00:27         17      0.00      0.00      0.00      0.00      0.00    100.00
04:00:27         18      0.00      0.00      0.99      0.00      0.00     99.01
04:00:27         19      0.00      0.00      0.00      0.00      0.00    100.00
04:00:27         20      4.04      0.00      0.00      0.00      0.00     95.96
04:00:27         21      0.00      0.00      0.00      0.00      0.00    100.00
04:00:27         22      5.94      0.00      0.99      0.00      0.00     93.07
04:00:27         23      0.00      0.00      0.00      0.00      0.00    100.00
04:00:27         24      0.00      0.00      0.00      0.00      0.00    100.00
04:00:27         25     10.10      0.00      2.02      0.00      0.00     87.88
04:00:27         26      1.00      0.00      0.00      0.00      0.00     99.00
04:00:27         27      4.04      0.00      1.01      0.00      0.00     94.95
04:00:27         28      0.00      0.00      1.98      0.00      0.00     98.02
04:00:27         29      0.00      0.00      0.00      0.00      0.00    100.00
04:00:27         30      0.00      0.00      0.00      0.00      0.00    100.00
04:00:27         31      0.00      0.00      0.00      0.00      0.00    100.00
04:00:27         32      0.00      0.00      0.00      0.00      0.00    100.00
04:00:27         33      0.00      0.00      1.00      0.00      0.00     99.00
04:00:27         34      0.00      0.00      0.00      0.00      0.00    100.00
04:00:27         35      3.06      0.00      0.00      0.00      0.00     96.94
04:00:27         36      0.00      0.00      0.00      0.00      0.00    100.00
04:00:27         37      1.98      0.00      0.99      0.00      0.00     97.03
04:00:27         38      1.98      0.00      0.99      0.00      0.00     97.03
04:00:27         39      4.04      0.00      0.00      0.00      0.00     95.96

04:00:27        CPU     %user     %nice   %system   %iowait    %steal     %idle
04:00:28        all      5.60      0.00      1.73      2.58      0.00     90.09
04:00:28          0      5.94      0.00      2.97      0.99      0.00     90.10
04:00:28          1     40.00      0.00      8.00     18.00      0.00     34.00
04:00:28          2      1.02      0.00      1.02      1.02      0.00     96.94
04:00:28          3      1.00      0.00      1.00      0.00      0.00     98.00
04:00:28          4      0.00      0.00      1.98      0.99      0.00     97.03
04:00:28          5      0.00      0.00      1.00     20.00      0.00     79.00
04:00:28          6      2.02      0.00      1.01      8.08      0.00     88.89
04:00:28          7      0.00      0.00      1.00     13.00      0.00     86.00
04:00:28          8      0.00      0.00      0.00      0.00      0.00    100.00
04:00:28          9      8.00      0.00      0.00      0.00      0.00     92.00
04:00:28         10     37.37      0.00      6.06      1.01      0.00     55.56
04:00:28         11      3.00      0.00      3.00      0.00      0.00     94.00
04:00:28         12     38.38      0.00      6.06      0.00      0.00     55.56
04:00:28         13      0.00      0.00      2.00      0.00      0.00     98.00
04:00:28         14      0.00      0.00      0.00      0.00      0.00    100.00
04:00:28         15      0.99      0.00      0.99      0.00      0.00     98.02
04:00:28         16      0.00      0.00      1.01      0.00      0.00     98.99
04:00:28         17      1.00      0.00      1.00      0.00      0.00     98.00
04:00:28         18      0.99      0.00      0.99      0.00      0.00     98.02
04:00:28         19      1.00      0.00      0.00      0.00      0.00     99.00
04:00:28         20      0.00      0.00      0.00      0.00      0.00    100.00
04:00:28         21      1.00      0.00      0.00      0.00      0.00     99.00
04:00:28         22      0.00      0.00      0.00      0.00      0.00    100.00
04:00:28         23      0.00      0.00      0.00      0.00      0.00    100.00
04:00:28         24      5.94      0.00      0.99      0.00      0.00     93.07
04:00:28         25      1.00      0.00      0.00      0.00      0.00     99.00
04:00:28         26      0.00      0.00      2.00      0.00      0.00     98.00
04:00:28         27     35.00      0.00      6.00      0.00      0.00     59.00
04:00:28         28      1.01      0.00      0.00      0.00      0.00     98.99
04:00:28         29      0.99      0.00      0.99      0.00      0.00     98.02
04:00:28         30      1.01      0.00      0.00      0.00      0.00     98.99
04:00:28         31      0.00      0.00      0.00      0.00      0.00    100.00
04:00:28         32      1.00      0.00      2.00     20.00      0.00     77.00
04:00:28         33      0.00      0.00      0.00      0.00      0.00    100.00
04:00:28         34      0.99      0.00      1.98      0.00      0.00     97.03
04:00:28         35     33.00      0.00      7.00      0.00      0.00     60.00
04:00:28         36      0.00      0.00      1.00      0.00      0.00     99.00
04:00:28         37      0.00      0.00      0.00      0.00      0.00    100.00
04:00:28         38      0.00      0.00      1.02      1.02      0.00     97.96
04:00:28         39      2.00      0.00      2.00     19.00      0.00     77.00

04:00:28        CPU     %user     %nice   %system   %iowait    %steal     %idle
04:00:29        all      1.53      0.00      0.75     10.38      0.00     87.34
04:00:29          0      7.00      0.00      1.00     23.00      0.00     69.00
04:00:29          1      1.01      0.00      0.00      6.06      0.00     92.93
04:00:29          2      0.00      0.00      1.00      4.00      0.00     95.00
04:00:29          3      0.99      0.00      0.99      0.99      0.00     97.03
04:00:29          4      0.00      0.00      1.00      4.00      0.00     95.00
04:00:29          5      0.99      0.00      1.98     20.79      0.00     76.24
04:00:29          6      0.99      0.00      0.99     17.82      0.00     80.20
04:00:29          7      0.99      0.00      0.99      0.00      0.00     98.02
04:00:29          8      1.98      0.00      2.97     23.76      0.00     71.29
04:00:29          9      5.00      0.00      1.00      9.00      0.00     85.00
04:00:29         10      0.98      0.00      0.98      8.82      0.00     89.22
04:00:29         11      0.99      0.00      0.99      3.96      0.00     94.06
04:00:29         12      0.00      0.00      1.00      0.00      0.00     99.00
04:00:29         13      2.97      0.00      0.99     21.78      0.00     74.26
04:00:29         14      1.00      0.00      1.00     22.00      0.00     76.00
04:00:29         15      0.99      0.00      0.99      1.98      0.00     96.04
04:00:29         16      0.99      0.00      0.99      0.00      0.00     98.02
04:00:29         17      0.00      0.00      1.00      3.00      0.00     96.00
04:00:29         18      5.00      0.00      0.00      9.00      0.00     86.00
04:00:29         19      0.00      0.00      0.99      3.96      0.00     95.05
04:00:29         20      0.99      0.00      0.99      3.96      0.00     94.06
04:00:29         21      5.10      0.00      0.00      8.16      0.00     86.73
04:00:29         22      0.00      0.00      1.00      0.00      0.00     99.00
04:00:29         23      3.00      0.00      1.00     16.00      0.00     80.00
04:00:29         24      0.00      0.00      0.00      0.00      0.00    100.00
04:00:29         25      1.02      0.00      1.02     16.33      0.00     81.63
04:00:29         26      1.01      0.00      0.00      3.03      0.00     95.96
04:00:29         27      0.99      0.00      0.99      0.99      0.00     97.03
04:00:29         28      0.00      0.00      0.99      2.97      0.00     96.04
04:00:29         29      0.00      0.00      0.00      0.00      0.00    100.00
04:00:29         30      0.00      0.00      1.00      5.00      0.00     94.00
04:00:29         31      0.00      0.00      0.99      0.00      0.00     99.01
04:00:29         32      7.14      0.00      2.04     55.10      0.00     35.71
04:00:29         33      2.04      0.00      1.02     27.55      0.00     69.39
04:00:29         34      0.98      0.00      0.98      4.90      0.00     93.14
04:00:29         35      3.00      0.00      1.00     29.00      0.00     67.00
04:00:29         36      1.00      0.00      0.00      3.00      0.00     96.00
04:00:29         37      1.01      0.00      0.00     15.15      0.00     83.84
04:00:29         38      2.02      0.00      1.01     29.29      0.00     67.68
04:00:29         39      1.02      0.00      0.00     17.35      0.00     81.63

04:00:29        CPU     %user     %nice   %system   %iowait    %steal     %idle
04:00:30        all      0.05      0.00      0.15      0.00      0.00     99.80
04:00:30          0      0.00      0.00      0.00      0.00      0.00    100.00
04:00:30          1      0.00      0.00      0.00      0.00      0.00    100.00
04:00:30          2      0.00      0.00      0.99      0.00      0.00     99.01
04:00:30          3      0.00      0.00      0.00      0.00      0.00    100.00
04:00:30          4      1.98      0.00      0.00      0.00      0.00     98.02
04:00:30          5      0.00      0.00      0.00      0.00      0.00    100.00
04:00:30          6      0.99      0.00      0.00      0.00      0.00     99.01
04:00:30          7      0.00      0.00      0.00      0.00      0.00    100.00
04:00:30          8      0.00      0.00      0.00      0.00      0.00    100.00
04:00:30          9      0.00      0.00      0.00      0.00      0.00    100.00
04:00:30         10      0.00      0.00      0.00      0.00      0.00    100.00
04:00:30         11      0.00      0.00      0.00      0.00      0.00    100.00
04:00:30         12      0.00      0.00      0.00      0.00      0.00    100.00
04:00:30         13      1.00      0.00      0.00      0.00      0.00     99.00
04:00:30         14      0.00      0.00      0.00      0.00      0.00    100.00
04:00:30         15      0.00      0.00      1.98      0.00      0.00     98.02
04:00:30         16      0.00      0.00      0.00      0.00      0.00    100.00
04:00:30         17      0.00      0.00      0.00      0.00      0.00    100.00
04:00:30         18      0.00      0.00      0.00      0.00      0.00    100.00
04:00:30         19      0.00      0.00      0.00      0.00      0.00    100.00
04:00:30         20      0.00      0.00      0.00      0.00      0.00    100.00
04:00:30         21      0.00      0.00      0.00      0.00      0.00    100.00
04:00:30         22      0.00      0.00      0.00      0.00      0.00    100.00
04:00:30         23      0.00      0.00      0.00      0.00      0.00    100.00
04:00:30         24      0.00      0.00      0.00      0.00      0.00    100.00
04:00:30         25      0.00      0.00      0.00      0.00      0.00    100.00
04:00:30         26      0.00      0.00      0.00      0.00      0.00    100.00
04:00:30         27      0.00      0.00      0.00      0.00      0.00    100.00
04:00:30         28      0.00      0.00      0.00      0.00      0.00    100.00
04:00:30         29      0.00      0.00      0.00      0.00      0.00    100.00
04:00:30         30      0.00      0.00      0.00      0.00      0.00    100.00
04:00:30         31      0.00      0.00      1.00      0.00      0.00     99.00
04:00:30         32      0.00      0.00      0.00      0.00      0.00    100.00
04:00:30         33      0.99      0.00      0.00      0.00      0.00     99.01
04:00:30         34      0.00      0.00      0.00      0.00      0.00    100.00
04:00:30         35      0.00      0.00      0.00      0.00      0.00    100.00
04:00:30         36      0.00      0.00      0.00      0.00      0.00    100.00
04:00:30         37      0.00      0.00      0.00      0.00      0.00    100.00
04:00:30         38      0.00      0.00      0.00      0.00      0.00    100.00
04:00:30         39      0.00      0.00      0.00      0.00      0.00    100.00

04:00:30        CPU     %user     %nice   %system   %iowait    %steal     %idle
04:00:31        all      0.02      0.00      0.02      0.00      0.00     99.95
04:00:31          0      0.00      0.00      0.00      0.00      0.00    100.00
04:00:31          1      0.00      0.00      0.00      0.00      0.00    100.00
04:00:31          2      0.00      0.00      0.00      0.00      0.00    100.00
04:00:31          3      0.00      0.00      0.00      0.00      0.00    100.00
04:00:31          4      0.00      0.00      0.00      0.00      0.00    100.00
04:00:31          5      0.00      0.00      0.00      0.00      0.00    100.00
04:00:31          6      0.00      0.00      0.00      0.00      0.00    100.00
04:00:31          7      0.00      0.00      0.00      0.00      0.00    100.00
04:00:31          8      0.00      0.00      0.00      0.00      0.00    100.00
04:00:31          9      0.00      0.00      0.00      0.00      0.00    100.00
04:00:31         10      0.00      0.00      0.00      0.00      0.00    100.00
04:00:31         11      0.00      0.00      0.00      0.00      0.00    100.00
04:00:31         12      0.00      0.00      0.00      0.00      0.00    100.00
04:00:31         13      0.00      0.00      0.00      0.00      0.00    100.00
04:00:31         14      0.00      0.00      0.00      0.00      0.00    100.00
04:00:31         15      0.99      0.00      0.00      0.00      0.00     99.01
04:00:31         16      0.00      0.00      0.00      0.00      0.00    100.00
04:00:31         17      0.00      0.00      0.00      0.00      0.00    100.00
04:00:31         18      0.00      0.00      0.00      0.00      0.00    100.00
04:00:31         19      0.00      0.00      0.00      0.00      0.00    100.00
04:00:31         20      0.00      0.00      0.00      0.00      0.00    100.00
04:00:31         21      0.00      0.00      0.00      0.00      0.00    100.00
04:00:31         22      0.00      0.00      0.00      0.00      0.00    100.00
04:00:31         23      0.00      0.00      0.00      0.00      0.00    100.00
04:00:31         24      0.00      0.00      0.00      0.00      0.00    100.00
04:00:31         25      0.00      0.00      0.00      0.00      0.00    100.00
04:00:31         26      0.00      0.00      0.00      0.00      0.00    100.00
04:00:31         27      0.00      0.00      0.00      0.00      0.00    100.00
04:00:31         28      0.00      0.00      0.00      0.00      0.00    100.00
04:00:31         29      0.00      0.00      0.00      0.00      0.00    100.00
04:00:31         30      0.00      0.00      0.00      0.00      0.00    100.00
04:00:31         31      0.00      0.00      0.00      0.00      0.00    100.00
04:00:31         32      0.00      0.00      0.00      0.00      0.00    100.00
04:00:31         33      0.00      0.00      0.00      0.00      0.00    100.00
04:00:31         34      0.00      0.00      0.00      0.00      0.00    100.00
04:00:31         35      0.00      0.00      0.00      0.00      0.00    100.00
04:00:31         36      0.00      0.00      0.00      0.00      0.00    100.00
04:00:31         37      0.00      0.00      0.00      0.00      0.00    100.00
04:00:31         38      0.00      0.00      0.00      0.00      0.00    100.00
04:00:31         39      0.99      0.00      0.00      0.00      0.00     99.01

04:00:31        CPU     %user     %nice   %system   %iowait    %steal     %idle
04:00:32        all      0.05      0.00      0.03      0.00      0.00     99.92
04:00:32          0      0.00      0.00      0.00      0.00      0.00    100.00
04:00:32          1      0.00      0.00      0.00      0.00      0.00    100.00
04:00:32          2      0.00      0.00      0.00      0.00      0.00    100.00
04:00:32          3      0.00      0.00      0.00      0.00      0.00    100.00
04:00:32          4      0.00      0.00      0.00      0.00      0.00    100.00
04:00:32          5      0.00      0.00      0.00      0.00      0.00    100.00
04:00:32          6      0.00      0.00      0.00      0.00      0.00    100.00
04:00:32          7      0.00      0.00      0.00      0.00      0.00    100.00
04:00:32          8      0.00      0.00      0.00      0.00      0.00    100.00
04:00:32          9      0.00      0.00      0.00      0.00      0.00    100.00
04:00:32         10      0.00      0.00      0.00      0.00      0.00    100.00
04:00:32         11      0.00      0.00      0.00      0.00      0.00    100.00
04:00:32         12      0.00      0.00      0.00      0.00      0.00    100.00
04:00:32         13      0.00      0.00      0.00      0.00      0.00    100.00
04:00:32         14      0.00      0.00      0.00      0.00      0.00    100.00
04:00:32         15      0.00      0.00      0.00      0.00      0.00    100.00
04:00:32         16      0.00      0.00      0.00      0.00      0.00    100.00
04:00:32         17      0.00      0.00      0.00      0.00      0.00    100.00
04:00:32         18      0.00      0.00      0.00      0.00      0.00    100.00
04:00:32         19      0.00      0.00      0.00      0.00      0.00    100.00
04:00:32         20      0.00      0.00      0.00      0.00      0.00    100.00
04:00:32         21      0.00      0.00      0.00      0.00      0.00    100.00
04:00:32         22      0.00      0.00      0.00      0.00      0.00    100.00
04:00:32         23      0.00      0.00      0.00      0.00      0.00    100.00
04:00:32         24      0.00      0.00      0.00      0.00      0.00    100.00
04:00:32         25      0.00      0.00      0.00      0.00      0.00    100.00
04:00:32         26      0.00      0.00      0.00      0.00      0.00    100.00
04:00:32         27      0.00      0.00      0.00      0.00      0.00    100.00
04:00:32         28      0.00      0.00      0.00      0.00      0.00    100.00
04:00:32         29      0.00      0.00      0.00      0.00      0.00    100.00
04:00:32         30      0.00      0.00      0.00      0.00      0.00    100.00
04:00:32         31      0.00      0.00      0.00      0.00      0.00    100.00
04:00:32         32      0.00      0.00      0.00      0.00      0.00    100.00
04:00:32         33      0.00      0.00      0.00      0.00      0.00    100.00
04:00:32         34      0.00      0.00      0.00      0.00      0.00    100.00
04:00:32         35      0.00      0.00      0.00      0.00      0.00    100.00
04:00:32         36      0.00      0.00      0.00      0.00      0.00    100.00
04:00:32         37      0.00      0.00      0.00      0.00      0.00    100.00
04:00:32         38      0.00      0.00      0.00      0.00      0.00    100.00
04:00:32         39      0.00      0.00      0.99      0.00      0.00     99.01

04:00:32        CPU     %user     %nice   %system   %iowait    %steal     %idle
04:00:33        all      0.05      0.00      0.00      0.00      0.00     99.95
04:00:33          0      0.00      0.00      0.00      0.00      0.00    100.00
04:00:33          1      0.00      0.00      0.00      0.00      0.00    100.00
04:00:33          2      0.00      0.00      0.00      0.00      0.00    100.00
04:00:33          3      0.00      0.00      0.00      0.00      0.00    100.00
04:00:33          4      0.00      0.00      0.00      0.00      0.00    100.00
04:00:33          5      0.00      0.00      0.00      0.00      0.00    100.00
04:00:33          6      0.00      0.00      0.00      0.00      0.00    100.00
04:00:33          7      0.00      0.00      0.00      0.00      0.00    100.00
04:00:33          8      0.00      0.00      0.00      0.00      0.00    100.00
04:00:33          9      0.00      0.00      0.00      0.00      0.00    100.00
04:00:33         10      0.00      0.00      0.00      0.00      0.00    100.00
04:00:33         11      0.00      0.00      0.00      0.00      0.00    100.00
04:00:33         12      0.00      0.00      0.00      0.00      0.00    100.00
04:00:33         13      1.00      0.00      0.00      0.00      0.00     99.00
04:00:33         14      0.00      0.00      0.00      0.00      0.00    100.00
04:00:33         15      0.00      0.00      0.00      0.00      0.00    100.00
04:00:33         16      0.00      0.00      0.00      0.00      0.00    100.00
04:00:33         17      0.00      0.00      0.00      0.00      0.00    100.00
04:00:33         18      0.00      0.00      0.00      0.00      0.00    100.00
04:00:33         19      0.00      0.00      0.00      0.00      0.00    100.00
04:00:33         20      0.00      0.00      0.00      0.00      0.00    100.00
04:00:33         21      0.00      0.00      0.00      0.00      0.00    100.00
04:00:33         22      0.00      0.00      0.00      0.00      0.00    100.00
04:00:33         23      0.00      0.00      0.00      0.00      0.00    100.00
04:00:33         24      0.00      0.00      0.00      0.00      0.00    100.00
04:00:33         25      0.00      0.00      0.00      0.00      0.00    100.00
04:00:33         26      0.00      0.00      0.00      0.00      0.00    100.00
04:00:33         27      0.00      0.00      0.00      0.00      0.00    100.00
04:00:33         28      0.00      0.00      0.00      0.00      0.00    100.00
04:00:33         29      0.00      0.00      0.00      0.00      0.00    100.00
04:00:33         30      0.00      0.00      0.00      0.00      0.00    100.00
04:00:33         31      0.00      0.00      0.00      0.00      0.00    100.00
04:00:33         32      0.00      0.00      0.00      0.00      0.00    100.00
04:00:33         33      0.00      0.00      0.00      0.00      0.00    100.00
04:00:33         34      0.99      0.00      0.00      0.00      0.00     99.01
04:00:33         35      0.00      0.00      0.00      0.00      0.00    100.00
04:00:33         36      0.00      0.00      0.00      0.00      0.00    100.00
04:00:33         37      0.00      0.00      0.00      0.00      0.00    100.00
04:00:33         38      0.00      0.00      0.00      0.00      0.00    100.00
04:00:33         39      0.00      0.00      0.00      0.00      0.00    100.00

04:00:33        CPU     %user     %nice   %system   %iowait    %steal     %idle
04:00:34        all      0.05      0.00      0.02      0.00      0.00     99.93
04:00:34          0      0.00      0.00      0.00      0.00      0.00    100.00
04:00:34          1      0.00      0.00      0.00      0.00      0.00    100.00
04:00:34          2      0.00      0.00      0.00      0.00      0.00    100.00
04:00:34          3      0.00      0.00      0.00      0.00      0.00    100.00
04:00:34          4      0.00      0.00      0.00      0.00      0.00    100.00
04:00:34          5      0.00      0.00      0.00      0.00      0.00    100.00
04:00:34          6      0.00      0.00      0.00      0.00      0.00    100.00
04:00:34          7      0.00      0.00      0.00      0.00      0.00    100.00
04:00:34          8      0.00      0.00      0.00      0.00      0.00    100.00
04:00:34          9      0.00      0.00      0.00      0.00      0.00    100.00
04:00:34         10      0.00      0.00      0.00      0.00      0.00    100.00
04:00:34         11      0.00      0.00      0.00      0.00      0.00    100.00
04:00:34         12      0.00      0.00      0.00      0.00      0.00    100.00
04:00:34         13      0.00      0.00      0.00      0.00      0.00    100.00
04:00:34         14      0.99      0.00      0.00      0.00      0.00     99.01
04:00:34         15      0.00      0.00      0.99      0.00      0.00     99.01
04:00:34         16      0.00      0.00      0.00      0.00      0.00    100.00
04:00:34         17      0.00      0.00      0.00      0.00      0.00    100.00
04:00:34         18      0.00      0.00      0.00      0.00      0.00    100.00
04:00:34         19      0.00      0.00      0.00      0.00      0.00    100.00
04:00:34         20      0.00      0.00      0.00      0.00      0.00    100.00
04:00:34         21      0.00      0.00      0.00      0.00      0.00    100.00
04:00:34         22      0.00      0.00      0.00      0.00      0.00    100.00
04:00:34         23      0.00      0.00      0.00      0.00      0.00    100.00
04:00:34         24      0.00      0.00      0.00      0.00      0.00    100.00
04:00:34         25      0.00      0.00      0.00      0.00      0.00    100.00
04:00:34         26      0.00      0.00      0.00      0.00      0.00    100.00
04:00:34         27      0.00      0.00      0.00      0.00      0.00    100.00
04:00:34         28      0.00      0.00      0.00      0.00      0.00    100.00
04:00:34         29      0.00      0.00      0.00      0.00      0.00    100.00
04:00:34         30      0.00      0.00      0.00      0.00      0.00    100.00
04:00:34         31      0.00      0.00      0.00      0.00      0.00    100.00
04:00:34         32      0.00      0.00      0.00      0.00      0.00    100.00
04:00:34         33      0.99      0.00      0.00      0.00      0.00     99.01
04:00:34         34      0.00      0.00      0.00      0.00      0.00    100.00
04:00:34         35      0.00      0.00      0.00      0.00      0.00    100.00
04:00:34         36      0.00      0.00      0.00      0.00      0.00    100.00
04:00:34         37      0.00      0.00      0.00      0.00      0.00    100.00
04:00:34         38      0.00      0.00      0.00      0.00      0.00    100.00
04:00:34         39      0.00      0.00      0.00      0.00      0.00    100.00

04:00:34        CPU     %user     %nice   %system   %iowait    %steal     %idle
04:00:35        all      0.00      0.00      0.03      0.00      0.00     99.97
04:00:35          0      0.00      0.00      0.00      0.00      0.00    100.00
04:00:35          1      0.00      0.00      0.00      0.00      0.00    100.00
04:00:35          2      0.00      0.00      0.00      0.00      0.00    100.00
04:00:35          3      0.00      0.00      0.00      0.00      0.00    100.00
04:00:35          4      0.00      0.00      0.00      0.00      0.00    100.00
04:00:35          5      0.00      0.00      0.00      0.00      0.00    100.00
04:00:35          6      0.00      0.00      0.00      0.00      0.00    100.00
04:00:35          7      0.00      0.00      0.00      0.00      0.00    100.00
04:00:35          8      0.00      0.00      0.00      0.00      0.00    100.00
04:00:35          9      0.00      0.00      0.00      0.00      0.00    100.00
04:00:35         10      0.00      0.00      0.00      0.00      0.00    100.00
04:00:35         11      0.00      0.00      0.00      0.00      0.00    100.00
04:00:35         12      0.00      0.00      0.00      0.00      0.00    100.00
04:00:35         13      0.99      0.00      0.00      0.00      0.00     99.01
04:00:35         14      0.00      0.00      0.00      0.00      0.00    100.00
04:00:35         15      0.00      0.00      1.00      0.00      0.00     99.00
04:00:35         16      0.00      0.00      0.00      0.00      0.00    100.00
04:00:35         17      0.00      0.00      0.00      0.00      0.00    100.00
04:00:35         18      0.00      0.00      0.00      0.00      0.00    100.00
04:00:35         19      0.00      0.00      0.00      0.00      0.00    100.00
04:00:35         20      0.00      0.00      0.00      0.00      0.00    100.00
04:00:35         21      0.00      0.00      0.00      0.00      0.00    100.00
04:00:35         22      0.00      0.00      0.00      0.00      0.00    100.00
04:00:35         23      0.00      0.00      0.00      0.00      0.00    100.00
04:00:35         24      0.00      0.00      0.00      0.00      0.00    100.00
04:00:35         25      0.00      0.00      0.00      0.00      0.00    100.00
04:00:35         26      0.00      0.00      0.00      0.00      0.00    100.00
04:00:35         27      0.00      0.00      0.00      0.00      0.00    100.00
04:00:35         28      0.00      0.00      0.00      0.00      0.00    100.00
04:00:35         29      0.00      0.00      0.00      0.00      0.00    100.00
04:00:35         30      0.00      0.00      0.00      0.00      0.00    100.00
04:00:35         31      0.00      0.00      0.00      0.00      0.00    100.00
04:00:35         32      0.00      0.00      0.00      0.00      0.00    100.00
04:00:35         33      0.00      0.00      0.00      0.00      0.00    100.00
04:00:35         34      0.00      0.00      0.00      0.00      0.00    100.00
04:00:35         35      0.00      0.00      0.00      0.00      0.00    100.00
04:00:35         36      0.00      0.00      0.00      0.00      0.00    100.00
04:00:35         37      0.00      0.00      0.00      0.00      0.00    100.00
04:00:35         38      0.00      0.00      0.00      0.00      0.00    100.00
04:00:35         39      0.00      0.00      0.00      0.00      0.00    100.00

04:00:35        CPU     %user     %nice   %system   %iowait    %steal     %idle
04:00:36        all      0.02      0.00      0.02      0.00      0.00     99.95
04:00:36          0      0.00      0.00      0.00      0.00      0.00    100.00
04:00:36          1      0.00      0.00      0.00      0.00      0.00    100.00
04:00:36          2      0.00      0.00      0.00      0.00      0.00    100.00
04:00:36          3      0.00      0.00      0.00      0.00      0.00    100.00
04:00:36          4      0.00      0.00      0.00      0.00      0.00    100.00
04:00:36          5      0.00      0.00      0.00      0.00      0.00    100.00
04:00:36          6      0.00      0.00      0.00      0.00      0.00    100.00
04:00:36          7      0.00      0.00      0.00      0.00      0.00    100.00
04:00:36          8      0.00      0.00      0.00      0.00      0.00    100.00
04:00:36          9      0.00      0.00      0.00      0.00      0.00    100.00
04:00:36         10      0.00      0.00      0.00      0.00      0.00    100.00
04:00:36         11      0.00      0.00      0.00      0.00      0.00    100.00
04:00:36         12      0.00      0.00      0.00      0.00      0.00    100.00
04:00:36         13      0.00      0.00      0.00      0.00      0.00    100.00
04:00:36         14      0.00      0.00      0.99      0.00      0.00     99.01
04:00:36         15      0.00      0.00      0.00      0.00      0.00    100.00
04:00:36         16      0.00      0.00      0.00      0.00      0.00    100.00
04:00:36         17      0.00      0.00      0.00      0.00      0.00    100.00
04:00:36         18      0.00      0.00      0.00      0.00      0.00    100.00
04:00:36         19      0.00      0.00      0.00      0.00      0.00    100.00
04:00:36         20      0.00      0.00      0.00      0.00      0.00    100.00
04:00:36         21      0.00      0.00      0.00      0.00      0.00    100.00
04:00:36         22      0.00      0.00      0.00      0.00      0.00    100.00
04:00:36         23      0.00      0.00      0.00      0.00      0.00    100.00
04:00:36         24      0.00      0.00      0.00      0.00      0.00    100.00
04:00:36         25      0.00      0.00      0.00      0.00      0.00    100.00
04:00:36         26      0.00      0.00      0.00      0.00      0.00    100.00
04:00:36         27      0.00      0.00      0.00      0.00      0.00    100.00
04:00:36         28      0.00      0.00      0.00      0.00      0.00    100.00
04:00:36         29      0.00      0.00      0.00      0.00      0.00    100.00
04:00:36         30      0.00      0.00      0.00      0.00      0.00    100.00
04:00:36         31      0.00      0.00      0.00      0.00      0.00    100.00
04:00:36         32      0.00      0.00      0.00      0.00      0.00    100.00
04:00:36         33      0.00      0.00      0.00      0.00      0.00    100.00
04:00:36         34      0.00      0.00      0.00      0.00      0.00    100.00
04:00:36         35      0.00      0.00      0.00      0.00      0.00    100.00
04:00:36         36      0.00      0.00      0.00      0.00      0.00    100.00
04:00:36         37      0.00      0.00      0.00      0.00      0.00    100.00
04:00:36         38      0.00      0.00      0.00      0.00      0.00    100.00
04:00:36         39      0.00      0.00      0.99      0.00      0.00     99.01

04:00:36        CPU     %user     %nice   %system   %iowait    %steal     %idle
04:00:37        all      0.60      0.00      0.12      0.00      0.00     99.28
04:00:37          0      0.99      0.00      0.00      0.00      0.00     99.01
04:00:37          1     21.00      0.00      1.00      0.00      0.00     78.00
04:00:37          2      0.00      0.00      0.00      0.00      0.00    100.00
04:00:37          3      0.00      0.00      0.00      0.00      0.00    100.00
04:00:37          4      0.00      0.00      0.00      0.00      0.00    100.00
04:00:37          5      0.00      0.00      0.00      0.00      0.00    100.00
04:00:37          6      0.00      0.00      0.00      0.00      0.00    100.00
04:00:37          7      0.00      0.00      0.00      0.00      0.00    100.00
04:00:37          8      0.00      0.00      0.00      0.00      0.00    100.00
04:00:37          9      0.99      0.00      0.99      0.00      0.00     98.02
04:00:37         10      0.00      0.00      0.00      0.00      0.00    100.00
04:00:37         11      0.00      0.00      0.00      0.00      0.00    100.00
04:00:37         12      0.00      0.00      0.00      0.00      0.00    100.00
04:00:37         13      0.00      0.00      0.00      0.00      0.00    100.00
04:00:37         14      0.00      0.00      0.00      0.00      0.00    100.00
04:00:37         15      0.00      0.00      0.99      0.00      0.00     99.01
04:00:37         16      0.00      0.00      0.00      0.00      0.00    100.00
04:00:37         17      0.00      0.00      0.00      0.00      0.00    100.00
04:00:37         18      0.00      0.00      0.00      0.00      0.00    100.00
04:00:37         19      0.00      0.00      0.00      0.00      0.00    100.00
04:00:37         20      0.00      0.00      0.00      0.00      0.00    100.00
04:00:37         21      0.00      0.00      0.00      0.00      0.00    100.00
04:00:37         22      0.00      0.00      0.00      0.00      0.00    100.00
04:00:37         23      0.00      0.00      0.00      0.00      0.00    100.00
04:00:37         24      0.00      0.00      0.00      0.00      0.00    100.00
04:00:37         25      0.00      0.00      0.00      0.00      0.00    100.00
04:00:37         26      0.00      0.00      0.00      0.00      0.00    100.00
04:00:37         27      0.00      0.00      0.00      0.00      0.00    100.00
04:00:37         28      0.00      0.00      0.00      0.00      0.00    100.00
04:00:37         29      0.00      0.00      0.00      0.00      0.00    100.00
04:00:37         30      0.00      0.00      0.00      0.00      0.00    100.00
04:00:37         31      0.00      0.00      0.00      0.00      0.00    100.00
04:00:37         32      0.00      0.00      0.00      0.00      0.00    100.00
04:00:37         33      0.00      0.00      0.00      0.00      0.00    100.00
04:00:37         34      0.00      0.00      1.98      0.00      0.00     98.02
04:00:37         35      0.00      0.00      0.00      0.00      0.00    100.00
04:00:37         36      0.00      0.00      0.00      0.00      0.00    100.00
04:00:37         37      0.00      0.00      0.00      0.00      0.00    100.00
04:00:37         38      0.00      0.00      0.00      0.00      0.00    100.00
04:00:37         39      0.00      0.00      0.00      0.00      0.00    100.00

04:00:37        CPU     %user     %nice   %system   %iowait    %steal     %idle
04:00:38        all      1.15      0.00      0.43      0.03      0.00     98.40
04:00:38          0      1.00      0.00      3.00      0.00      0.00     96.00
04:00:38          1     33.33      0.00      5.05      0.00      0.00     61.62
04:00:38          2      0.00      0.00      0.00      0.00      0.00    100.00
04:00:38          3      0.00      0.00      0.00      0.00      0.00    100.00
04:00:38          4      0.00      0.00      0.00      0.00      0.00    100.00
04:00:38          5      6.00      0.00      1.00      0.00      0.00     93.00
04:00:38          6      1.00      0.00      0.00      0.00      0.00     99.00
04:00:38          7      0.00      0.00      0.00      0.00      0.00    100.00
04:00:38          8      0.00      0.00      0.00      0.00      0.00    100.00
04:00:38          9      0.00      0.00      0.00      0.00      0.00    100.00
04:00:38         10      0.00      0.00      0.00      0.00      0.00    100.00
04:00:38         11      0.00      0.00      0.00      0.00      0.00    100.00
04:00:38         12      0.00      0.00      0.00      0.00      0.00    100.00
04:00:38         13      0.99      0.00      0.00      0.00      0.00     99.01
04:00:38         14      0.00      0.00      0.00      0.00      0.00    100.00
04:00:38         15      0.00      0.00      0.00      0.00      0.00    100.00
04:00:38         16      0.00      0.00      0.00      0.00      0.00    100.00
04:00:38         17      0.00      0.00      0.00      0.00      0.00    100.00
04:00:38         18      0.00      0.00      0.00      0.00      0.00    100.00
04:00:38         19      0.00      0.00      0.00      0.00      0.00    100.00
04:00:38         20      0.00      0.00      0.00      0.00      0.00    100.00
04:00:38         21      0.00      0.00      0.00      0.00      0.00    100.00
04:00:38         22      0.00      0.00      1.00      0.00      0.00     99.00
04:00:38         23      0.98      0.00      1.96      1.96      0.00     95.10
04:00:38         24      0.00      0.00      0.00      0.00      0.00    100.00
04:00:38         25      0.00      0.00      0.99      0.00      0.00     99.01
04:00:38         26      0.00      0.00      0.00      0.00      0.00    100.00
04:00:38         27      0.00      0.00      0.00      0.00      0.00    100.00
04:00:38         28      0.99      0.00      0.00      0.00      0.00     99.01
04:00:38         29      1.00      0.00      0.00      0.00      0.00     99.00
04:00:38         30      0.00      0.00      0.00      0.00      0.00    100.00
04:00:38         31      0.00      0.00      0.00      0.00      0.00    100.00
04:00:38         32      0.00      0.00      0.99      0.00      0.00     99.01
04:00:38         33      0.00      0.00      0.99      0.00      0.00     99.01
04:00:38         34      0.00      0.00      1.00      0.00      0.00     99.00
04:00:38         35      0.00      0.00      1.00      0.00      0.00     99.00
04:00:38         36      0.00      0.00      1.00      0.00      0.00     99.00
04:00:38         37      0.00      0.00      0.00      0.00      0.00    100.00
04:00:38         38      0.00      0.00      0.00      0.00      0.00    100.00
04:00:38         39      1.00      0.00      0.00      0.00      0.00     99.00

04:00:38        CPU     %user     %nice   %system   %iowait    %steal     %idle
04:00:39        all      0.02      0.00      0.05      0.00      0.00     99.93
04:00:39          0      0.00      0.00      0.00      0.00      0.00    100.00
04:00:39          1      0.00      0.00      0.00      0.00      0.00    100.00
04:00:39          2      0.00      0.00      0.00      0.00      0.00    100.00
04:00:39          3      0.00      0.00      0.00      0.00      0.00    100.00
04:00:39          4      0.00      0.00      0.00      0.00      0.00    100.00
04:00:39          5      0.00      0.00      0.00      0.00      0.00    100.00
04:00:39          6      0.00      0.00      0.00      0.00      0.00    100.00
04:00:39          7      0.00      0.00      0.00      0.00      0.00    100.00
04:00:39          8      0.00      0.00      0.00      0.00      0.00    100.00
04:00:39          9      0.00      0.00      0.00      0.00      0.00    100.00
04:00:39         10      0.00      0.00      0.00      0.00      0.00    100.00
04:00:39         11      0.00      0.00      0.00      0.00      0.00    100.00
04:00:39         12      0.00      0.00      0.00      0.00      0.00    100.00
04:00:39         13      0.00      0.00      0.00      0.00      0.00    100.00
04:00:39         14      0.00      0.00      0.00      0.00      0.00    100.00
04:00:39         15      0.00      0.00      1.00      0.00      0.00     99.00
04:00:39         16      0.00      0.00      0.00      0.00      0.00    100.00
04:00:39         17      0.00      0.00      0.00      0.00      0.00    100.00
04:00:39         18      0.00      0.00      0.00      0.00      0.00    100.00
04:00:39         19      0.00      0.00      0.00      0.00      0.00    100.00
04:00:39         20      0.00      0.00      0.00      0.00      0.00    100.00
04:00:39         21      0.00      0.00      0.00      0.00      0.00    100.00
04:00:39         22      0.00      0.00      0.00      0.00      0.00    100.00
04:00:39         23      0.00      0.00      0.00      0.00      0.00    100.00
04:00:39         24      0.00      0.00      0.00      0.00      0.00    100.00
04:00:39         25      0.00      0.00      0.00      0.00      0.00    100.00
04:00:39         26      0.00      0.00      0.00      0.00      0.00    100.00
04:00:39         27      0.00      0.00      0.00      0.00      0.00    100.00
04:00:39         28      0.00      0.00      0.00      0.00      0.00    100.00
04:00:39         29      0.00      0.00      0.00      0.00      0.00    100.00
04:00:39         30      0.00      0.00      0.00      0.00      0.00    100.00
04:00:39         31      0.00      0.00      0.00      0.00      0.00    100.00
04:00:39         32      0.00      0.00      0.00      0.00      0.00    100.00
04:00:39         33      0.00      0.00      0.00      0.00      0.00    100.00
04:00:39         34      0.00      0.00      0.00      0.00      0.00    100.00
04:00:39         35      0.00      0.00      0.00      0.00      0.00    100.00
04:00:39         36      0.00      0.00      0.00      0.00      0.00    100.00
04:00:39         37      0.00      0.00      0.00      0.00      0.00    100.00
04:00:39         38      0.00      0.00      0.00      0.00      0.00    100.00
04:00:39         39      0.00      0.00      0.00      0.00      0.00    100.00

04:00:39        CPU     %user     %nice   %system   %iowait    %steal     %idle
04:00:40        all      0.95      0.00      0.15      0.00      0.00     98.90
04:00:40          0      0.00      0.00      0.00      0.00      0.00    100.00
04:00:40          1      0.00      0.00      0.00      0.00      0.00    100.00
04:00:40          2      0.99      0.00      0.00      0.00      0.00     99.01
04:00:40          3      0.00      0.00      0.00      0.00      0.00    100.00
04:00:40          4      0.00      0.00      0.00      0.00      0.00    100.00
04:00:40          5     13.00      0.00      0.00      0.00      0.00     87.00
04:00:40          6      0.00      0.00      0.00      0.00      0.00    100.00
04:00:40          7      0.00      0.00      1.01      0.00      0.00     98.99
04:00:40          8      1.00      0.00      0.00      0.00      0.00     99.00
04:00:40          9      0.00      0.00      0.00      0.00      0.00    100.00
04:00:40         10      0.00      0.00      0.00      0.00      0.00    100.00
04:00:40         11      1.01      0.00      0.00      0.00      0.00     98.99
04:00:40         12      0.00      0.00      0.00      0.00      0.00    100.00
04:00:40         13      0.99      0.00      0.99      0.00      0.00     98.02
04:00:40         14      0.00      0.00      1.00      0.00      0.00     99.00
04:00:40         15      0.99      0.00      0.00      0.00      0.00     99.01
04:00:40         16      0.00      0.00      0.00      0.00      0.00    100.00
04:00:40         17      0.00      0.00      0.00      0.00      0.00    100.00
04:00:40         18      0.00      0.00      0.00      0.00      0.00    100.00
04:00:40         19      1.00      0.00      0.00      0.00      0.00     99.00
04:00:40         20      0.00      0.00      0.00      0.00      0.00    100.00
04:00:40         21      0.00      0.00      0.00      0.00      0.00    100.00
04:00:40         22      0.00      0.00      0.00      0.00      0.00    100.00
04:00:40         23      0.00      0.00      0.00      0.00      0.00    100.00
04:00:40         24      0.00      0.00      0.00      0.00      0.00    100.00
04:00:40         25     16.16      0.00      1.01      0.00      0.00     82.83
04:00:40         26      1.00      0.00      0.00      0.00      0.00     99.00
04:00:40         27      0.00      0.00      0.00      0.00      0.00    100.00
04:00:40         28      0.00      0.00      0.00      0.00      0.00    100.00
04:00:40         29      0.00      0.00      0.00      0.00      0.00    100.00
04:00:40         30      0.00      0.00      0.00      0.00      0.00    100.00
04:00:40         31      0.00      0.00      0.00      0.00      0.00    100.00
04:00:40         32      0.00      0.00      0.00      0.00      0.00    100.00
04:00:40         33      0.00      0.00      0.00      0.00      0.00    100.00
04:00:40         34      0.99      0.00      0.00      0.00      0.00     99.01
04:00:40         35      0.00      0.00      0.00      0.00      0.00    100.00
04:00:40         36      0.00      0.00      0.00      0.00      0.00    100.00
04:00:40         37      0.00      0.00      0.00      0.00      0.00    100.00
04:00:40         38      0.00      0.00      0.99      0.00      0.00     99.01
04:00:40         39      0.00      0.00      0.99      0.00      0.00     99.01
