Linux 6.6.23 (eternity1) 	05/24/25 	_x86_64_	(40 CPU)

04:00:02    kbmemfree   kbavail kbmemused  %memused kbbuffers  kbcached  kbcommit   %commit  kbactive   kbinact   kbdirty
04:00:03     63804200  63643896   1804668      2.75         0    401092   2962904      4.45     60832    681432      7088
04:00:04     63803896  63643596   1804972      2.75         0    401092   2962904      4.45     60800    680280      4160
04:00:05     63803896  63643596   1804972      2.75         0    401096   2962904      4.45     60800    680280      4164
04:00:06     63804196  63643896   1804672      2.75         0    401100   2962904      4.45     60800    680280      4168
04:00:07     63804760  63644460   1804108      2.75         0    401104   2962904      4.45     60800    680280      4172
04:00:08     63804760  63644460   1804108      2.75         0    401108   2962904      4.45     60800    680280      4176
04:00:09     63804572  63644276   1804296      2.75         0    401112   2962904      4.45     60800    680340         0
04:00:10     63804572  63644276   1804296      2.75         0    401120   2962904      4.45     60800    680340        24
04:00:11     63804608  63644312   1804260      2.75         0    401124   2962904      4.45     60804    680296        28
04:00:12     63804760  63644464   1804108      2.75         0    401132   2962904      4.45     60804    680324        36
04:00:13     63804924  63644628   1803944      2.75         0    401132   2962904      4.45     60804    680340        36
04:00:14     63804228  63643932   1804640      2.75         0    401136   2962904      4.45     60804    680312        40
04:00:15     63803472  63643192   1805396      2.75         0    401136   2962904      4.45     60804    680308        44
04:00:16     63807068  63646796   1801800      2.75         0    401144   2966332      4.45     60808    682480      1912
04:00:17     63802232  63642224   1806636      2.75         0    401332   2965588      4.45     60884    682564      3848
04:00:18     63808212  63648296   1800656      2.74         0    401404   2962356      4.45     60900    680084      3980
04:00:19     63807980  63648064   1800888      2.74         0    401408   2962356      4.45     60900    680084      3984
04:00:20     63807980  63648064   1800888      2.74         0    401412   2962356      4.45     60900    680084      2800
04:00:21     63807980  63648064   1800888      2.74         0    401416   2962356      4.45     60900    680084      2816
04:00:22     63807980  63648064   1800888      2.74         0    401424   2962356      4.45     60900    680084      2824
04:00:23     63807980  63648064   1800888      2.74         0    401432   2962356      4.45     60900    680084      2832
04:00:24     63807980  63648064   1800888      2.74         0    401432   2962356      4.45     60900    680084      2832
04:00:25     63807980  63648064   1800888      2.74         0    401436   2962356      4.45     60900    680084       304
04:00:26     63807980  63648064   1800888      2.74         0    401440   2962356      4.45     60900    680084       312
04:00:27     63807980  63648064   1800888      2.74         0    401448   2962356      4.45     60900    680084        32
04:00:28     63805856  63645940   1803012      2.75         0    401452   2966756      4.45     60904    682692        36
04:00:29     63805780  63645912   1803088      2.75         0    401500   2966756      4.45     60948    683200        36
04:00:30     63806584  63646716   1802284      2.75         0    401504   2962356      4.45     60928    680096         0
04:00:31     63806584  63646716   1802284      2.75         0    401504   2962356      4.45     60928    680096         8
04:00:32     63808284  63648416   1800584      2.74         0    401520   2962356      4.45     60928    680096        32
04:00:33     63808284  63648416   1800584      2.74         0    401524   2962356      4.45     60928    680096        36
04:00:34     63808664  63648796   1800204      2.74         0    401524   2962356      4.45     60928    680096        36
04:00:35     63808664  63648796   1800204      2.74         0    401524   2962356      4.45     60928    680096        36
04:00:36     63808412  63648604   1800456      2.74         0    401536   2962356      4.45     60928    680156        16
04:00:37     63808412  63648604   1800456      2.74         0    401540   2962356      4.45     60928    680156        20
04:00:38     63808192  63648384   1800676      2.74         0    401552   2962904      4.45     60928    680592        40
04:00:39     63797780  63637988   1811088      2.76         0    401568   2967040      4.45     60944    682476      2600
04:00:40     63802096  63642424   1806772      2.75         0    401676   2966332      4.45     61032    684292      3956
