Linux 6.6.23 (eternity2) 	05/24/25 	_x86_64_	(40 CPU)

04:00:14    kbmemfree   kbavail kbmemused  %memused kbbuffers  kbcached  kbcommit   %commit  kbactive   kbinact   kbdirty
04:00:15     64250428  64004972   1358524      2.07       244    242796   2080444      3.12     52784    287132      2432
04:00:16     64249416  64003964   1359536      2.07       244    242804   2080444      3.12     52756    285848      2468
04:00:17     64249436  64003984   1359516      2.07       244    242808   2080444      3.12     52756    285848      2472
04:00:18     64249216  64003764   1359736      2.07       244    242812   2080444      3.12     52756    285848      2476
04:00:19     64249420  64003968   1359532      2.07       244    242816   2080444      3.12     52756    285848      1524
04:00:20     64249180  64003728   1359772      2.07       244    242820   2080444      3.12     52756    285844       924
04:00:21     64249180  64003728   1359772      2.07       244    242824   2080444      3.12     52756    285844       928
04:00:22     64249180  64003728   1359772      2.07       244    242828   2080444      3.12     52756    285844       932
04:00:23     64249180  64003728   1359772      2.07       244    242836   2080444      3.12     52756    285844       940
04:00:24     64249180  64003748   1359772      2.07       244    242844   2080444      3.12     52756    285904       948
04:00:25     64249428  64003996   1359524      2.07       244    242844   2080444      3.12     52756    285904       948
04:00:26     64249428  64003996   1359524      2.07       244    242848   2080444      3.12     52756    285904       952
04:00:27     64246632  64001204   1362320      2.08       244    242852   2092164      3.14     52764    288676       956
04:00:28     64257588  64012224   1351364      2.06       244    242916   2092324      3.14     52840    296664      2448
04:00:29     64183340  63946096   1425612      2.17       244    259188  10744404     16.13     54164    366116      2616
04:00:30     64237668  64001328   1371284      2.09       244    261304   2080444      3.12     66244    292044      2068
04:00:31     64237948  64001608   1371004      2.09       244    261312   2080444      3.12     66244    292044      2084
04:00:32     64239488  64003564   1369464      2.09       244    261716   2080444      3.12     68216    289436      2044
04:00:33     64239536  64003612   1369416      2.09       244    261716   2080444      3.12     68216    289436      2044
04:00:34     64239536  64003612   1369416      2.09       244    261728   2080444      3.12     68216    289436      2056
04:00:35     64239536  64003612   1369416      2.09       244    261732   2080444      3.12     68216    289436      2060
04:00:36     64239536  64003612   1369416      2.09       244    261732   2080444      3.12     68216    289436      2060
04:00:37     64239032  64003108   1369920      2.09       244    261736   2082788      3.13     68216    289872      2064
04:00:38     64232188  63996272   1376764      2.10       244    261756   2080444      3.12     68252    291556      2480
04:00:39     64232256  63996340   1376696      2.10       244    261756   2080444      3.12     68296    290664      2600
04:00:40     64237048  64001200   1371904      2.09       244    261900   2085468      3.13     68276    291656      2608
