Linux 6.6.23 (eternity1) 	05/24/25 	_x86_64_	(40 CPU)

01:45:07    kbmemfree   kbavail kbmemused  %memused kbbuffers  kbcached  kbcommit   %commit  kbactive   kbinact   kbdirty
01:45:08     63823680  63655068   1785188      2.72         0    393364   2965792      4.45     60792    674700      7140
01:45:09     63824276  63655668   1784592      2.72         0    393372   2965792      4.45     60788    674408      7148
01:45:10     63824252  63655644   1784616      2.72         0    393376   2965792      4.45     60788    674408      7152
01:45:11     63824272  63655664   1784596      2.72         0    393380   2965792      4.45     60788    674408      7156
01:45:12     63824272  63655664   1784596      2.72         0    393380   2965792      4.45     60788    674408      7156
01:45:13     63824272  63655664   1784596      2.72         0    393380   2965792      4.45     60788    674408      7156
01:45:14     63824272  63655664   1784596      2.72         0    393380   2965792      4.45     60788    674408      7156
01:45:15     63824708  63656100   1784160      2.72         0    393380   2965792      4.45     60788    674408      7156
01:45:16     63824916  63656336   1783952      2.72         0    393404   2965792      4.45     60784    674264      7180
01:45:17     63824916  63656336   1783952      2.72         0    393412   2965792      4.45     60784    674264      7148
01:45:18     63824412  63655832   1784456      2.72         0    393412   2965792      4.45     60784    674264      7148
01:45:19     63824848  63656268   1784020      2.72         0    393412   2965792      4.45     60784    674264      7148
01:45:20     63824792  63656224   1784076      2.72         0    393420   2965792      4.45     60784    674308      7156
01:45:21     63797788  63629224   1811080      2.76         0    393424   2991408      4.49     60784    698596      7168
01:45:22     63797904  63629560   1810964      2.76         0    393620   2991740      4.49     60876    699560       372
01:45:23     63823268  63655008   1785600      2.72         0    393688   2965244      4.45     60884    675032      1512
01:45:24     63823308  63655048   1785560      2.72         0    393692   2965244      4.45     60884    675032      1516
01:45:25     63823420  63655160   1785448      2.72         0    393692   2965244      4.45     60884    675032      1516
01:45:26     63823420  63655160   1785448      2.72         0    393692   2965244      4.45     60884    675032      1516
01:45:27     63823420  63655160   1785448      2.72         0    393692   2965244      4.45     60884    675032      1516
01:45:28     63823420  63655160   1785448      2.72         0    393692   2965244      4.45     60884    675032      1516
01:45:29     63823420  63655160   1785448      2.72         0    393692   2965244      4.45     60884    675032      1516
01:45:30     63823420  63655160   1785448      2.72         0    393692   2965244      4.45     60884    675032      1516
01:45:31     63823124  63654864   1785744      2.72         0    393724   2965244      4.45     60888    674184      1544
01:45:32     63823124  63654864   1785744      2.72         0    393732   2965244      4.45     60888    674184      1552
01:45:33     63821396  63653184   1787472      2.72         0    393784   2969644      4.46     60928    677256      1548
01:45:34     63821844  63653632   1787024      2.72         0    393784   2965244      4.45     60916    674940      1548
01:45:35     63821844  63653632   1787024      2.72         0    393784   2965244      4.45     60916    674940      1548
01:45:36     63821844  63653632   1787024      2.72         0    393784   2965244      4.45     60916    674940      1548
01:45:37     63821844  63653632   1787024      2.72         0    393788   2965244      4.45     60916    674940      1552
01:45:38     63821768  63653556   1787100      2.72         0    393808   2965244      4.45     60916    674220      1444
01:45:39     63821768  63653556   1787100      2.72         0    393812   2965244      4.45     60916    674220      1452
01:45:40     63821824  63653612   1787044      2.72         0    393812   2965244      4.45     60916    674220      1452
01:45:41     63821824  63653612   1787044      2.72         0    393816   2965244      4.45     60916    674220      1456
01:45:42     63821824  63653612   1787044      2.72         0    393820   2965244      4.45     60916    674220      1460
01:45:43     63820844  63652632   1788024      2.73         0    393820   2965792      4.45     60916    674656      1460
01:45:44     63796180  63628072   1812688      2.76         0    393848   2991408      4.49     60936    698828      2808
01:45:45     63793948  63625964   1814920      2.77         0    393992   2991408      4.49     61020    698876      3592
