Linux 6.6.23 (eternity2) 	05/24/25 	_x86_64_	(40 CPU)

01:45:20    kbmemfree   kbavail kbmemused  %memused kbbuffers  kbcached  kbcommit   %commit  kbactive   kbinact   kbdirty
01:45:21     64265936  64016504   1343016      2.05       244    234736   2079540      3.12     52744    278316      4156
01:45:22     64266468  64017036   1342484      2.05       244    234744   2079540      3.12     52744    277076        24
01:45:23     64266476  64017044   1342476      2.05       244    234748   2079540      3.12     52744    277076        32
01:45:24     64265984  64016552   1342968      2.05       244    234752   2079540      3.12     52744    277076        36
01:45:25     64265984  64016552   1342968      2.05       244    234752   2079540      3.12     52744    277076        36
01:45:26     64266000  64016568   1342952      2.05       244    234752   2079540      3.12     52744    277076        36
01:45:27     64266020  64016588   1342932      2.05       244    234752   2079540      3.12     52744    277076         0
01:45:28     64266020  64016588   1342932      2.05       244    234752   2079540      3.12     52744    277076         0
01:45:29     64266020  64016588   1342932      2.05       244    234756   2079540      3.12     52744    277076         0
01:45:30     64266020  64016588   1342932      2.05       244    234756   2079540      3.12     52744    277076         0
01:45:31     64266020  64016588   1342932      2.05       244    234756   2079540      3.12     52744    277076         0
01:45:32     64266020  64016588   1342932      2.05       244    234756   2079540      3.12     52744    277076         0
01:45:33     64262268  64012840   1346684      2.05       244    234756   2091260      3.14     52744    279872         0
01:45:34     64266016  64016620   1342936      2.05       244    234840   2091420      3.14     52872    289040      2108
01:45:35     64268260  64018900   1340692      2.04       244    234884   2079540      3.12     52796    277192      2644
01:45:36     64268260  64018900   1340692      2.04       244    234884   2079540      3.12     52796    277192      2644
01:45:37     64268508  64019148   1340444      2.04       244    234892   2079540      3.12     52796    277192      2652
01:45:38     64268508  64019148   1340444      2.04       244    234896   2079540      3.12     52796    277192       416
01:45:39     64268844  64019452   1340108      2.04       244    234900   2079540      3.12     52796    277192        24
01:45:40     64270120  64020728   1338832      2.04       244    234908   2079540      3.12     52796    277192        32
01:45:41     64270120  64020728   1338832      2.04       244    234908   2079540      3.12     52796    277192        32
01:45:42     64270188  64020796   1338764      2.04       244    234908   2079540      3.12     52796    277192        32
01:45:43     64270188  64020796   1338764      2.04       244    234908   2080920      3.12     52796    277628        32
01:45:44     64269004  64019632   1339948      2.04       244    234928   2079540      3.12     52808    278208      1140
01:45:45     64269256  64019884   1339696      2.04       244    234928   2079540      3.12     52852    277080      1292
01:45:46     64269156  64019852   1339796      2.04       244    235072   2081000      3.12     52864    278116      1308
