Linux 6.6.23 (eternity2) 	05/24/25 	_x86_64_	(40 CPU)

01:45:18        CPU     %user     %nice   %system   %iowait    %steal     %idle
01:45:19        all      2.03      0.00      0.78      0.68      0.00     96.52
01:45:19          0      1.00      0.00      1.00      0.00      0.00     98.00
01:45:19          1      0.00      0.00      1.02      1.02      0.00     97.96
01:45:19          2      1.00      0.00      2.00      6.00      0.00     91.00
01:45:19          3      0.00      0.00      1.98      0.00      0.00     98.02
01:45:19          4      0.00      0.00      0.00      0.00      0.00    100.00
01:45:19          5      2.00      0.00      1.00      0.00      0.00     97.00
01:45:19          6      0.99      0.00      0.99      0.00      0.00     98.02
01:45:19          7      0.00      0.00      1.98      0.00      0.00     98.02
01:45:19          8      1.00      0.00      1.00      0.00      0.00     98.00
01:45:19          9      0.00      0.00      0.00      0.00      0.00    100.00
01:45:19         10      0.00      0.00      1.00      0.00      0.00     99.00
01:45:19         11      0.99      0.00      0.99      0.00      0.00     98.02
01:45:19         12      1.00      0.00      0.00      0.00      0.00     99.00
01:45:19         13      0.00      0.00      1.00      0.00      0.00     99.00
01:45:19         14      0.00      0.00      0.99      1.98      0.00     97.03
01:45:19         15      0.00      0.00      0.00      0.00      0.00    100.00
01:45:19         16      8.08      0.00      1.01      0.00      0.00     90.91
01:45:19         17      0.00      0.00      0.00      0.00      0.00    100.00
01:45:19         18      0.00      0.00      0.00      0.00      0.00    100.00
01:45:19         19      6.00      0.00      2.00      0.00      0.00     92.00
01:45:19         20      0.00      0.00      0.00      0.00      0.00    100.00
01:45:19         21      0.00      0.00      0.00      0.00      0.00    100.00
01:45:19         22      0.00      0.00      0.00      0.00      0.00    100.00
01:45:19         23      0.00      0.00      0.00      0.00      0.00    100.00
01:45:19         24      0.00      0.00      1.00      0.00      0.00     99.00
01:45:19         25      0.00      0.00      0.00      0.00      0.00    100.00
01:45:19         26      0.00      0.00      0.00      0.00      0.00    100.00
01:45:19         27      0.00      0.00      0.00      0.00      0.00    100.00
01:45:19         28      8.00      0.00      4.00      9.00      0.00     79.00
01:45:19         29      1.01      0.00      1.01      0.00      0.00     97.98
01:45:19         30      0.00      0.00      0.00      0.00      0.00    100.00
01:45:19         31      0.00      0.00      0.00      0.00      0.00    100.00
01:45:19         32      0.00      0.00      0.00      0.00      0.00    100.00
01:45:19         33      0.00      0.00      0.00      0.00      0.00    100.00
01:45:19         34      0.00      0.00      0.00      0.00      0.00    100.00
01:45:19         35      0.00      0.00      0.00      0.00      0.00    100.00
01:45:19         36      0.00      0.00      0.00      0.00      0.00    100.00
01:45:19         37      0.00      0.00      0.99      0.00      0.00     99.01
01:45:19         38      6.00      0.00      1.00     10.00      0.00     83.00
01:45:19         39     42.57      0.00      6.93      0.00      0.00     50.50

01:45:19        CPU     %user     %nice   %system   %iowait    %steal     %idle
01:45:20        all      1.88      0.00      0.43      0.00      0.00     97.70
01:45:20          0      1.00      0.00      0.00      0.00      0.00     99.00
01:45:20          1      0.00      0.00      0.00      0.00      0.00    100.00
01:45:20          2      0.00      0.00      0.00      0.00      0.00    100.00
01:45:20          3      0.00      0.00      0.00      0.00      0.00    100.00
01:45:20          4      0.00      0.00      0.00      0.00      0.00    100.00
01:45:20          5      0.00      0.00      0.00      0.00      0.00    100.00
01:45:20          6      0.00      0.00      0.00      0.00      0.00    100.00
01:45:20          7      0.00      0.00      1.00      0.00      0.00     99.00
01:45:20          8      0.00      0.00      0.00      0.00      0.00    100.00
01:45:20          9      0.00      0.00      0.00      0.00      0.00    100.00
01:45:20         10     18.18      0.00      2.02      0.00      0.00     79.80
01:45:20         11      1.00      0.00      0.00      0.00      0.00     99.00
01:45:20         12      0.00      0.00      1.00      0.00      0.00     99.00
01:45:20         13      1.00      0.00      0.00      0.00      0.00     99.00
01:45:20         14      0.00      0.00      1.01      0.00      0.00     98.99
01:45:20         15      0.99      0.00      0.99      0.00      0.00     98.02
01:45:20         16     41.58      0.00      4.95      0.00      0.00     53.47
01:45:20         17      1.01      0.00      1.01      0.00      0.00     97.98
01:45:20         18      0.00      0.00      0.00      0.00      0.00    100.00
01:45:20         19      0.00      0.00      0.00      0.00      0.00    100.00
01:45:20         20      0.00      0.00      0.00      0.00      0.00    100.00
01:45:20         21      0.00      0.00      0.00      0.00      0.00    100.00
01:45:20         22      0.00      0.00      0.00      0.00      0.00    100.00
01:45:20         23      0.00      0.00      0.00      0.00      0.00    100.00
01:45:20         24      0.00      0.00      0.99      0.00      0.00     99.01
01:45:20         25      0.00      0.00      0.00      0.00      0.00    100.00
01:45:20         26      0.00      0.00      0.00      0.00      0.00    100.00
01:45:20         27      0.00      0.00      0.00      0.00      0.00    100.00
01:45:20         28      0.00      0.00      0.00      0.00      0.00    100.00
01:45:20         29      0.00      0.00      0.00      0.00      0.00    100.00
01:45:20         30      0.00      0.00      0.00      0.00      0.00    100.00
01:45:20         31      0.00      0.00      0.00      0.00      0.00    100.00
01:45:20         32      0.00      0.00      0.00      0.00      0.00    100.00
01:45:20         33      0.00      0.00      0.00      0.00      0.00    100.00
01:45:20         34      0.00      0.00      0.00      0.00      0.00    100.00
01:45:20         35      0.00      0.00      0.00      0.00      0.00    100.00
01:45:20         36      2.02      0.00      0.00      0.00      0.00     97.98
01:45:20         37      4.95      0.00      0.99      0.00      0.00     94.06
01:45:20         38      2.00      0.00      1.00      0.00      0.00     97.00
01:45:20         39      0.00      0.00      0.00      0.00      0.00    100.00

01:45:20        CPU     %user     %nice   %system   %iowait    %steal     %idle
01:45:21        all      1.15      0.00      0.33      0.10      0.00     98.42
01:45:21          0      1.01      0.00      2.02      0.00      0.00     96.97
01:45:21          1      1.00      0.00      0.00      0.00      0.00     99.00
01:45:21          2      0.00      0.00      0.00      0.00      0.00    100.00
01:45:21          3      0.99      0.00      0.00      0.00      0.00     99.01
01:45:21          4      0.00      0.00      0.00      0.00      0.00    100.00
01:45:21          5      0.00      0.00      0.00      0.00      0.00    100.00
01:45:21          6      0.00      0.00      0.00      3.03      0.00     96.97
01:45:21          7      0.00      0.00      0.00      0.00      0.00    100.00
01:45:21          8      1.01      0.00      0.00      0.00      0.00     98.99
01:45:21          9      1.00      0.00      0.00      0.00      0.00     99.00
01:45:21         10     34.00      0.00      7.00      0.00      0.00     59.00
01:45:21         11      0.99      0.00      0.99      0.00      0.00     98.02
01:45:21         12      0.00      0.00      0.00      0.00      0.00    100.00
01:45:21         13      0.00      0.00      0.00      0.00      0.00    100.00
01:45:21         14      0.00      0.00      0.00      0.00      0.00    100.00
01:45:21         15      0.00      0.00      0.00      0.00      0.00    100.00
01:45:21         16      0.00      0.00      0.00      0.00      0.00    100.00
01:45:21         17      0.00      0.00      0.00      0.00      0.00    100.00
01:45:21         18      0.00      0.00      0.00      0.00      0.00    100.00
01:45:21         19      0.00      0.00      0.00      0.00      0.00    100.00
01:45:21         20      0.00      0.00      0.00      0.00      0.00    100.00
01:45:21         21      0.00      0.00      0.00      0.00      0.00    100.00
01:45:21         22      0.00      0.00      0.00      0.00      0.00    100.00
01:45:21         23      0.00      0.00      0.00      0.00      0.00    100.00
01:45:21         24      0.00      0.00      0.00      0.00      0.00    100.00
01:45:21         25      0.00      0.00      1.00      0.00      0.00     99.00
01:45:21         26      1.00      0.00      0.00      0.00      0.00     99.00
01:45:21         27      0.00      0.00      0.00      0.00      0.00    100.00
01:45:21         28      0.99      0.00      0.00      0.00      0.00     99.01
01:45:21         29      0.00      0.00      0.00      0.00      0.00    100.00
01:45:21         30      0.00      0.00      0.00      0.00      0.00    100.00
01:45:21         31      0.00      0.00      0.00      0.00      0.00    100.00
01:45:21         32      0.00      0.00      0.00      0.00      0.00    100.00
01:45:21         33      0.00      0.00      0.00      0.00      0.00    100.00
01:45:21         34      0.00      0.00      0.00      0.00      0.00    100.00
01:45:21         35      0.00      0.00      0.00      0.00      0.00    100.00
01:45:21         36      0.00      0.00      0.00      0.00      0.00    100.00
01:45:21         37      0.00      0.00      0.00      0.00      0.00    100.00
01:45:21         38      0.00      0.00      0.00      0.00      0.00    100.00
01:45:21         39      5.00      0.00      1.00      0.00      0.00     94.00

01:45:21        CPU     %user     %nice   %system   %iowait    %steal     %idle
01:45:22        all      0.03      0.00      0.03      0.00      0.00     99.95
01:45:22          0      0.00      0.00      0.00      0.00      0.00    100.00
01:45:22          1      0.00      0.00      0.00      0.00      0.00    100.00
01:45:22          2      0.00      0.00      0.00      0.00      0.00    100.00
01:45:22          3      0.00      0.00      0.00      0.00      0.00    100.00
01:45:22          4      0.00      0.00      0.00      0.00      0.00    100.00
01:45:22          5      0.00      0.00      0.00      0.00      0.00    100.00
01:45:22          6      0.00      0.00      0.00      0.00      0.00    100.00
01:45:22          7      0.00      0.00      0.00      0.00      0.00    100.00
01:45:22          8      0.00      0.00      0.00      0.00      0.00    100.00
01:45:22          9      0.00      0.00      0.00      0.00      0.00    100.00
01:45:22         10      0.00      0.00      0.00      0.00      0.00    100.00
01:45:22         11      0.00      0.00      0.00      0.00      0.00    100.00
01:45:22         12      1.00      0.00      0.00      0.00      0.00     99.00
01:45:22         13      0.00      0.00      0.99      0.00      0.00     99.01
01:45:22         14      0.00      0.00      0.00      0.00      0.00    100.00
01:45:22         15      0.00      0.00      0.00      0.00      0.00    100.00
01:45:22         16      0.00      0.00      0.00      0.00      0.00    100.00
01:45:22         17      0.00      0.00      0.00      0.00      0.00    100.00
01:45:22         18      0.00      0.00      0.00      0.00      0.00    100.00
01:45:22         19      0.00      0.00      0.00      0.00      0.00    100.00
01:45:22         20      0.00      0.00      0.00      0.00      0.00    100.00
01:45:22         21      0.00      0.00      0.00      0.00      0.00    100.00
01:45:22         22      0.00      0.00      0.00      0.00      0.00    100.00
01:45:22         23      0.00      0.00      0.00      0.00      0.00    100.00
01:45:22         24      0.00      0.00      0.00      0.00      0.00    100.00
01:45:22         25      0.00      0.00      0.00      0.00      0.00    100.00
01:45:22         26      0.00      0.00      0.00      0.00      0.00    100.00
01:45:22         27      0.99      0.00      0.00      0.00      0.00     99.01
01:45:22         28      0.00      0.00      0.00      0.00      0.00    100.00
01:45:22         29      0.00      0.00      0.00      0.00      0.00    100.00
01:45:22         30      0.00      0.00      0.00      0.00      0.00    100.00
01:45:22         31      0.00      0.00      0.00      0.00      0.00    100.00
01:45:22         32      0.00      0.00      0.00      0.00      0.00    100.00
01:45:22         33      0.00      0.00      0.00      0.00      0.00    100.00
01:45:22         34      0.00      0.00      0.00      0.00      0.00    100.00
01:45:22         35      0.00      0.00      0.00      0.00      0.00    100.00
01:45:22         36      0.00      0.00      0.00      0.00      0.00    100.00
01:45:22         37      0.00      0.00      0.00      0.00      0.00    100.00
01:45:22         38      0.00      0.00      0.00      0.00      0.00    100.00
01:45:22         39      0.00      0.00      0.00      0.00      0.00    100.00

01:45:22        CPU     %user     %nice   %system   %iowait    %steal     %idle
01:45:23        all      0.03      0.00      0.00      0.00      0.00     99.98
01:45:23          0      0.00      0.00      0.00      0.00      0.00    100.00
01:45:23          1      0.00      0.00      0.00      0.00      0.00    100.00
01:45:23          2      0.00      0.00      0.00      0.00      0.00    100.00
01:45:23          3      0.00      0.00      0.00      0.00      0.00    100.00
01:45:23          4      0.00      0.00      0.00      0.00      0.00    100.00
01:45:23          5      0.00      0.00      0.00      0.00      0.00    100.00
01:45:23          6      0.00      0.00      0.00      0.00      0.00    100.00
01:45:23          7      0.00      0.00      0.00      0.00      0.00    100.00
01:45:23          8      0.00      0.00      0.00      0.00      0.00    100.00
01:45:23          9      0.00      0.00      0.00      0.00      0.00    100.00
01:45:23         10      0.00      0.00      0.00      0.00      0.00    100.00
01:45:23         11      0.00      0.00      0.00      0.00      0.00    100.00
01:45:23         12      0.00      0.00      0.00      0.00      0.00    100.00
01:45:23         13      0.00      0.00      0.00      0.00      0.00    100.00
01:45:23         14      0.00      0.00      0.00      0.00      0.00    100.00
01:45:23         15      0.00      0.00      0.00      0.00      0.00    100.00
01:45:23         16      0.00      0.00      0.00      0.00      0.00    100.00
01:45:23         17      0.00      0.00      0.00      0.00      0.00    100.00
01:45:23         18      0.00      0.00      0.00      0.00      0.00    100.00
01:45:23         19      0.00      0.00      0.00      0.00      0.00    100.00
01:45:23         20      0.00      0.00      0.00      0.00      0.00    100.00
01:45:23         21      0.00      0.00      0.00      0.00      0.00    100.00
01:45:23         22      0.00      0.00      0.00      0.00      0.00    100.00
01:45:23         23      0.00      0.00      0.00      0.00      0.00    100.00
01:45:23         24      0.00      0.00      0.00      0.00      0.00    100.00
01:45:23         25      0.00      0.00      0.00      0.00      0.00    100.00
01:45:23         26      0.00      0.00      0.00      0.00      0.00    100.00
01:45:23         27      0.00      0.00      0.00      0.00      0.00    100.00
01:45:23         28      0.00      0.00      0.00      0.00      0.00    100.00
01:45:23         29      0.00      0.00      0.00      0.00      0.00    100.00
01:45:23         30      0.00      0.00      0.00      0.00      0.00    100.00
01:45:23         31      0.00      0.00      0.00      0.00      0.00    100.00
01:45:23         32      0.00      0.00      0.00      0.00      0.00    100.00
01:45:23         33      0.00      0.00      0.00      0.00      0.00    100.00
01:45:23         34      0.00      0.00      0.00      0.00      0.00    100.00
01:45:23         35      0.00      0.00      0.00      0.00      0.00    100.00
01:45:23         36      0.00      0.00      0.00      0.00      0.00    100.00
01:45:23         37      0.00      0.00      0.00      0.00      0.00    100.00
01:45:23         38      0.00      0.00      0.00      0.00      0.00    100.00
01:45:23         39      0.00      0.00      0.00      0.00      0.00    100.00

01:45:23        CPU     %user     %nice   %system   %iowait    %steal     %idle
01:45:24        all      0.02      0.00      0.05      0.00      0.00     99.93
01:45:24          0      0.00      0.00      0.00      0.00      0.00    100.00
01:45:24          1      0.00      0.00      0.99      0.00      0.00     99.01
01:45:24          2      1.00      0.00      0.00      0.00      0.00     99.00
01:45:24          3      0.00      0.00      0.00      0.00      0.00    100.00
01:45:24          4      0.00      0.00      0.00      0.00      0.00    100.00
01:45:24          5      0.00      0.00      0.00      0.00      0.00    100.00
01:45:24          6      0.00      0.00      0.00      0.00      0.00    100.00
01:45:24          7      0.00      0.00      0.00      0.00      0.00    100.00
01:45:24          8      0.00      0.00      0.00      0.00      0.00    100.00
01:45:24          9      0.00      0.00      0.00      0.00      0.00    100.00
01:45:24         10      0.00      0.00      0.00      0.00      0.00    100.00
01:45:24         11      0.00      0.00      0.00      0.00      0.00    100.00
01:45:24         12      0.00      0.00      0.00      0.00      0.00    100.00
01:45:24         13      0.00      0.00      0.00      0.00      0.00    100.00
01:45:24         14      0.00      0.00      0.00      0.00      0.00    100.00
01:45:24         15      0.00      0.00      0.00      0.00      0.00    100.00
01:45:24         16      0.00      0.00      0.00      0.00      0.00    100.00
01:45:24         17      0.00      0.00      0.00      0.00      0.00    100.00
01:45:24         18      0.00      0.00      0.00      0.00      0.00    100.00
01:45:24         19      0.00      0.00      0.00      0.00      0.00    100.00
01:45:24         20      0.00      0.00      0.00      0.00      0.00    100.00
01:45:24         21      0.00      0.00      0.00      0.00      0.00    100.00
01:45:24         22      0.00      0.00      0.00      0.00      0.00    100.00
01:45:24         23      0.00      0.00      0.00      0.00      0.00    100.00
01:45:24         24      0.00      0.00      0.00      0.00      0.00    100.00
01:45:24         25      0.00      0.00      0.00      0.00      0.00    100.00
01:45:24         26      0.00      0.00      0.00      0.00      0.00    100.00
01:45:24         27      0.00      0.00      0.00      0.00      0.00    100.00
01:45:24         28      0.00      0.00      0.00      0.00      0.00    100.00
01:45:24         29      0.00      0.00      0.00      0.00      0.00    100.00
01:45:24         30      0.00      0.00      0.00      0.00      0.00    100.00
01:45:24         31      0.00      0.00      0.00      0.00      0.00    100.00
01:45:24         32      0.00      0.00      0.00      0.00      0.00    100.00
01:45:24         33      0.00      0.00      0.00      0.00      0.00    100.00
01:45:24         34      0.00      0.00      0.00      0.00      0.00    100.00
01:45:24         35      0.00      0.00      0.00      0.00      0.00    100.00
01:45:24         36      0.00      0.00      0.00      0.00      0.00    100.00
01:45:24         37      0.00      0.00      0.00      0.00      0.00    100.00
01:45:24         38      0.00      0.00      0.99      0.00      0.00     99.01
01:45:24         39      0.00      0.00      0.00      0.00      0.00    100.00

01:45:24        CPU     %user     %nice   %system   %iowait    %steal     %idle
01:45:25        all      0.03      0.00      0.00      0.00      0.00     99.97
01:45:25          0      0.00      0.00      0.00      0.00      0.00    100.00
01:45:25          1      0.00      0.00      0.00      0.00      0.00    100.00
01:45:25          2      0.00      0.00      0.99      0.00      0.00     99.01
01:45:25          3      0.00      0.00      0.00      0.00      0.00    100.00
01:45:25          4      0.00      0.00      0.00      0.00      0.00    100.00
01:45:25          5      0.00      0.00      0.00      0.00      0.00    100.00
01:45:25          6      0.00      0.00      0.00      0.00      0.00    100.00
01:45:25          7      0.00      0.00      0.00      0.00      0.00    100.00
01:45:25          8      0.00      0.00      0.00      0.00      0.00    100.00
01:45:25          9      0.00      0.00      0.00      0.00      0.00    100.00
01:45:25         10      0.00      0.00      0.00      0.00      0.00    100.00
01:45:25         11      0.00      0.00      0.00      0.00      0.00    100.00
01:45:25         12      0.00      0.00      0.00      0.00      0.00    100.00
01:45:25         13      0.99      0.00      0.00      0.00      0.00     99.01
01:45:25         14      0.00      0.00      0.00      0.00      0.00    100.00
01:45:25         15      0.00      0.00      0.00      0.00      0.00    100.00
01:45:25         16      0.00      0.00      0.00      0.00      0.00    100.00
01:45:25         17      0.00      0.00      0.00      0.00      0.00    100.00
01:45:25         18      0.00      0.00      0.00      0.00      0.00    100.00
01:45:25         19      0.00      0.00      0.00      0.00      0.00    100.00
01:45:25         20      0.00      0.00      0.00      0.00      0.00    100.00
01:45:25         21      0.00      0.00      0.00      0.00      0.00    100.00
01:45:25         22      0.00      0.00      0.00      0.00      0.00    100.00
01:45:25         23      0.00      0.00      0.00      0.00      0.00    100.00
01:45:25         24      0.00      0.00      0.00      0.00      0.00    100.00
01:45:25         25      0.00      0.00      0.00      0.00      0.00    100.00
01:45:25         26      0.00      0.00      0.00      0.00      0.00    100.00
01:45:25         27      0.00      0.00      0.00      0.00      0.00    100.00
01:45:25         28      0.00      0.00      0.00      0.00      0.00    100.00
01:45:25         29      0.00      0.00      0.00      0.00      0.00    100.00
01:45:25         30      0.00      0.00      0.00      0.00      0.00    100.00
01:45:25         31      0.00      0.00      0.00      0.00      0.00    100.00
01:45:25         32      0.00      0.00      0.00      0.00      0.00    100.00
01:45:25         33      0.00      0.00      0.00      0.00      0.00    100.00
01:45:25         34      0.00      0.00      0.00      0.00      0.00    100.00
01:45:25         35      0.00      0.00      0.00      0.00      0.00    100.00
01:45:25         36      0.00      0.00      0.00      0.00      0.00    100.00
01:45:25         37      0.00      0.00      0.00      0.00      0.00    100.00
01:45:25         38      0.00      0.00      0.00      0.00      0.00    100.00
01:45:25         39      0.00      0.00      0.00      0.00      0.00    100.00

01:45:25        CPU     %user     %nice   %system   %iowait    %steal     %idle
01:45:26        all      0.00      0.00      0.03      0.00      0.00     99.98
01:45:26          0      0.00      0.00      0.00      0.00      0.00    100.00
01:45:26          1      0.00      0.00      0.00      0.00      0.00    100.00
01:45:26          2      0.00      0.00      0.00      0.00      0.00    100.00
01:45:26          3      0.00      0.00      0.00      0.00      0.00    100.00
01:45:26          4      0.00      0.00      0.00      0.00      0.00    100.00
01:45:26          5      0.00      0.00      0.00      0.00      0.00    100.00
01:45:26          6      0.00      0.00      0.00      0.00      0.00    100.00
01:45:26          7      0.00      0.00      0.00      0.00      0.00    100.00
01:45:26          8      0.00      0.00      0.00      0.00      0.00    100.00
01:45:26          9      0.00      0.00      0.00      0.00      0.00    100.00
01:45:26         10      0.00      0.00      0.00      0.00      0.00    100.00
01:45:26         11      0.00      0.00      0.00      0.00      0.00    100.00
01:45:26         12      0.00      0.00      0.00      0.00      0.00    100.00
01:45:26         13      0.00      0.00      0.00      0.00      0.00    100.00
01:45:26         14      0.00      0.00      0.00      0.00      0.00    100.00
01:45:26         15      0.00      0.00      0.00      0.00      0.00    100.00
01:45:26         16      0.00      0.00      0.00      0.00      0.00    100.00
01:45:26         17      0.00      0.00      0.00      0.00      0.00    100.00
01:45:26         18      0.00      0.00      0.00      0.00      0.00    100.00
01:45:26         19      0.00      0.00      0.00      0.00      0.00    100.00
01:45:26         20      0.00      0.00      0.00      0.00      0.00    100.00
01:45:26         21      0.00      0.00      0.00      0.00      0.00    100.00
01:45:26         22      0.00      0.00      0.00      0.00      0.00    100.00
01:45:26         23      0.00      0.00      0.00      0.00      0.00    100.00
01:45:26         24      0.00      0.00      0.00      0.00      0.00    100.00
01:45:26         25      0.00      0.00      0.00      0.00      0.00    100.00
01:45:26         26      0.00      0.00      0.00      0.00      0.00    100.00
01:45:26         27      0.99      0.00      0.00      0.00      0.00     99.01
01:45:26         28      0.00      0.00      0.00      0.00      0.00    100.00
01:45:26         29      0.00      0.00      0.00      0.00      0.00    100.00
01:45:26         30      0.00      0.00      0.00      0.00      0.00    100.00
01:45:26         31      0.00      0.00      0.00      0.00      0.00    100.00
01:45:26         32      0.00      0.00      0.00      0.00      0.00    100.00
01:45:26         33      0.00      0.00      0.00      0.00      0.00    100.00
01:45:26         34      0.00      0.00      0.00      0.00      0.00    100.00
01:45:26         35      0.00      0.00      0.00      0.00      0.00    100.00
01:45:26         36      0.00      0.00      0.00      0.00      0.00    100.00
01:45:26         37      0.00      0.00      0.00      0.00      0.00    100.00
01:45:26         38      0.00      0.00      0.00      0.00      0.00    100.00
01:45:26         39      0.00      0.00      0.00      0.00      0.00    100.00

01:45:26        CPU     %user     %nice   %system   %iowait    %steal     %idle
01:45:27        all      0.05      0.00      0.02      0.00      0.00     99.93
01:45:27          0      0.00      0.00      0.00      0.00      0.00    100.00
01:45:27          1      0.00      0.00      0.00      0.00      0.00    100.00
01:45:27          2      0.00      0.00      0.00      0.00      0.00    100.00
01:45:27          3      0.00      0.00      0.00      0.00      0.00    100.00
01:45:27          4      0.00      0.00      0.00      0.00      0.00    100.00
01:45:27          5      0.00      0.00      0.00      0.00      0.00    100.00
01:45:27          6      0.00      0.00      0.00      0.00      0.00    100.00
01:45:27          7      0.00      0.00      0.00      0.00      0.00    100.00
01:45:27          8      0.00      0.00      0.00      0.00      0.00    100.00
01:45:27          9      0.00      0.00      0.00      0.00      0.00    100.00
01:45:27         10      0.00      0.00      0.00      0.00      0.00    100.00
01:45:27         11      0.00      0.00      0.00      0.00      0.00    100.00
01:45:27         12      0.00      0.00      0.00      0.00      0.00    100.00
01:45:27         13      0.00      0.00      0.99      0.00      0.00     99.01
01:45:27         14      0.00      0.00      0.00      0.00      0.00    100.00
01:45:27         15      0.00      0.00      0.00      0.00      0.00    100.00
01:45:27         16      0.00      0.00      0.00      0.00      0.00    100.00
01:45:27         17      0.00      0.00      0.00      0.00      0.00    100.00
01:45:27         18      0.00      0.00      0.00      0.00      0.00    100.00
01:45:27         19      0.00      0.00      0.00      0.00      0.00    100.00
01:45:27         20      0.00      0.00      0.00      0.00      0.00    100.00
01:45:27         21      0.00      0.00      0.00      0.00      0.00    100.00
01:45:27         22      0.00      0.00      0.00      0.00      0.00    100.00
01:45:27         23      0.00      0.00      0.00      0.00      0.00    100.00
01:45:27         24      0.00      0.00      0.00      0.00      0.00    100.00
01:45:27         25      0.00      0.00      0.00      0.00      0.00    100.00
01:45:27         26      0.00      0.00      0.00      0.00      0.00    100.00
01:45:27         27      0.00      0.00      0.99      0.00      0.00     99.01
01:45:27         28      0.00      0.00      0.00      0.00      0.00    100.00
01:45:27         29      0.00      0.00      0.00      0.00      0.00    100.00
01:45:27         30      0.00      0.00      0.00      0.00      0.00    100.00
01:45:27         31      0.00      0.00      0.00      0.00      0.00    100.00
01:45:27         32      0.00      0.00      0.00      0.00      0.00    100.00
01:45:27         33      0.00      0.00      0.00      0.00      0.00    100.00
01:45:27         34      0.00      0.00      0.00      0.00      0.00    100.00
01:45:27         35      0.00      0.00      0.00      0.00      0.00    100.00
01:45:27         36      0.00      0.00      0.00      0.00      0.00    100.00
01:45:27         37      0.00      0.00      0.00      0.00      0.00    100.00
01:45:27         38      0.00      0.00      0.00      0.00      0.00    100.00
01:45:27         39      0.00      0.00      0.00      0.00      0.00    100.00

01:45:27        CPU     %user     %nice   %system   %iowait    %steal     %idle
01:45:28        all      0.05      0.00      0.00      0.00      0.00     99.95
01:45:28          0      0.00      0.00      0.00      0.00      0.00    100.00
01:45:28          1      0.00      0.00      0.00      0.00      0.00    100.00
01:45:28          2      0.00      0.00      0.00      0.00      0.00    100.00
01:45:28          3      0.99      0.00      0.00      0.00      0.00     99.01
01:45:28          4      0.00      0.00      0.00      0.00      0.00    100.00
01:45:28          5      0.00      0.00      0.00      0.00      0.00    100.00
01:45:28          6      0.00      0.00      0.00      0.00      0.00    100.00
01:45:28          7      0.00      0.00      0.00      0.00      0.00    100.00
01:45:28          8      0.00      0.00      0.00      0.00      0.00    100.00
01:45:28          9      0.00      0.00      0.00      0.00      0.00    100.00
01:45:28         10      0.00      0.00      0.00      0.00      0.00    100.00
01:45:28         11      0.00      0.00      0.00      0.00      0.00    100.00
01:45:28         12      0.99      0.00      0.00      0.00      0.00     99.01
01:45:28         13      1.00      0.00      0.00      0.00      0.00     99.00
01:45:28         14      0.00      0.00      0.00      0.00      0.00    100.00
01:45:28         15      0.00      0.00      0.00      0.00      0.00    100.00
01:45:28         16      0.00      0.00      0.00      0.00      0.00    100.00
01:45:28         17      0.00      0.00      0.00      0.00      0.00    100.00
01:45:28         18      0.99      0.00      0.00      0.00      0.00     99.01
01:45:28         19      0.00      0.00      0.00      0.00      0.00    100.00
01:45:28         20      0.00      0.00      0.00      0.00      0.00    100.00
01:45:28         21      0.00      0.00      0.00      0.00      0.00    100.00
01:45:28         22      0.00      0.00      0.00      0.00      0.00    100.00
01:45:28         23      0.00      0.00      0.00      0.00      0.00    100.00
01:45:28         24      0.00      0.00      0.00      0.00      0.00    100.00
01:45:28         25      0.00      0.00      0.00      0.00      0.00    100.00
01:45:28         26      0.00      0.00      0.00      0.00      0.00    100.00
01:45:28         27      0.00      0.00      0.00      0.00      0.00    100.00
01:45:28         28      0.00      0.00      0.00      0.00      0.00    100.00
01:45:28         29      0.00      0.00      0.00      0.00      0.00    100.00
01:45:28         30      0.00      0.00      0.00      0.00      0.00    100.00
01:45:28         31      0.00      0.00      0.00      0.00      0.00    100.00
01:45:28         32      0.00      0.00      0.00      0.00      0.00    100.00
01:45:28         33      0.00      0.00      0.00      0.00      0.00    100.00
01:45:28         34      0.00      0.00      0.00      0.00      0.00    100.00
01:45:28         35      0.00      0.00      0.00      0.00      0.00    100.00
01:45:28         36      0.00      0.00      0.00      0.00      0.00    100.00
01:45:28         37      0.00      0.00      0.00      0.00      0.00    100.00
01:45:28         38      0.00      0.00      0.00      0.00      0.00    100.00
01:45:28         39      0.00      0.00      0.00      0.00      0.00    100.00

01:45:28        CPU     %user     %nice   %system   %iowait    %steal     %idle
01:45:29        all      0.00      0.00      0.03      0.00      0.00     99.98
01:45:29          0      0.00      0.00      0.00      0.00      0.00    100.00
01:45:29          1      0.00      0.00      0.00      0.00      0.00    100.00
01:45:29          2      0.00      0.00      0.00      0.00      0.00    100.00
01:45:29          3      0.00      0.00      0.00      0.00      0.00    100.00
01:45:29          4      0.00      0.00      0.00      0.00      0.00    100.00
01:45:29          5      0.00      0.00      0.00      0.00      0.00    100.00
01:45:29          6      0.00      0.00      0.00      0.00      0.00    100.00
01:45:29          7      0.00      0.00      0.00      0.00      0.00    100.00
01:45:29          8      0.00      0.00      0.00      0.00      0.00    100.00
01:45:29          9      0.00      0.00      0.00      0.00      0.00    100.00
01:45:29         10      0.00      0.00      0.00      0.00      0.00    100.00
01:45:29         11      0.00      0.00      0.00      0.00      0.00    100.00
01:45:29         12      0.00      0.00      0.00      0.00      0.00    100.00
01:45:29         13      0.00      0.00      0.00      0.00      0.00    100.00
01:45:29         14      0.00      0.00      0.00      0.00      0.00    100.00
01:45:29         15      0.00      0.00      0.00      0.00      0.00    100.00
01:45:29         16      0.00      0.00      0.00      0.00      0.00    100.00
01:45:29         17      0.00      0.00      0.00      0.00      0.00    100.00
01:45:29         18      0.00      0.00      0.00      0.00      0.00    100.00
01:45:29         19      0.00      0.00      0.00      0.00      0.00    100.00
01:45:29         20      0.00      0.00      0.00      0.00      0.00    100.00
01:45:29         21      0.00      0.00      0.00      0.00      0.00    100.00
01:45:29         22      0.00      0.00      0.00      0.00      0.00    100.00
01:45:29         23      0.00      0.00      0.00      0.00      0.00    100.00
01:45:29         24      0.00      0.00      0.00      0.00      0.00    100.00
01:45:29         25      0.00      0.00      0.00      0.00      0.00    100.00
01:45:29         26      0.00      0.00      0.00      0.00      0.00    100.00
01:45:29         27      0.00      0.00      0.00      0.00      0.00    100.00
01:45:29         28      0.00      0.00      0.00      0.00      0.00    100.00
01:45:29         29      0.00      0.00      0.00      0.00      0.00    100.00
01:45:29         30      0.00      0.00      0.00      0.00      0.00    100.00
01:45:29         31      0.00      0.00      0.00      0.00      0.00    100.00
01:45:29         32      0.00      0.00      0.00      0.00      0.00    100.00
01:45:29         33      0.00      0.00      0.00      0.00      0.00    100.00
01:45:29         34      0.00      0.00      0.00      0.00      0.00    100.00
01:45:29         35      0.00      0.00      0.00      0.00      0.00    100.00
01:45:29         36      0.00      0.00      0.00      0.00      0.00    100.00
01:45:29         37      0.00      0.00      0.00      0.00      0.00    100.00
01:45:29         38      0.00      0.00      0.00      0.00      0.00    100.00
01:45:29         39      0.00      0.00      0.00      0.00      0.00    100.00

01:45:29        CPU     %user     %nice   %system   %iowait    %steal     %idle
01:45:30        all      0.03      0.00      0.03      0.00      0.00     99.95
01:45:30          0      0.00      0.00      0.00      0.00      0.00    100.00
01:45:30          1      0.00      0.00      0.00      0.00      0.00    100.00
01:45:30          2      0.00      0.00      0.00      0.00      0.00    100.00
01:45:30          3      0.00      0.00      1.00      0.00      0.00     99.00
01:45:30          4      0.00      0.00      0.00      0.00      0.00    100.00
01:45:30          5      0.00      0.00      0.00      0.00      0.00    100.00
01:45:30          6      0.00      0.00      0.00      0.00      0.00    100.00
01:45:30          7      0.00      0.00      0.00      0.00      0.00    100.00
01:45:30          8      0.00      0.00      0.00      0.00      0.00    100.00
01:45:30          9      0.00      0.00      0.00      0.00      0.00    100.00
01:45:30         10      0.00      0.00      0.00      0.00      0.00    100.00
01:45:30         11      0.00      0.00      0.00      0.00      0.00    100.00
01:45:30         12      0.00      0.00      1.00      0.00      0.00     99.00
01:45:30         13      0.00      0.00      0.00      0.00      0.00    100.00
01:45:30         14      0.00      0.00      0.00      0.00      0.00    100.00
01:45:30         15      0.00      0.00      0.00      0.00      0.00    100.00
01:45:30         16      0.00      0.00      0.00      0.00      0.00    100.00
01:45:30         17      0.00      0.00      0.00      0.00      0.00    100.00
01:45:30         18      0.00      0.00      0.00      0.00      0.00    100.00
01:45:30         19      0.00      0.00      0.00      0.00      0.00    100.00
01:45:30         20      0.00      0.00      0.00      0.00      0.00    100.00
01:45:30         21      0.00      0.00      0.00      0.00      0.00    100.00
01:45:30         22      0.00      0.00      0.00      0.00      0.00    100.00
01:45:30         23      0.00      0.00      0.00      0.00      0.00    100.00
01:45:30         24      0.00      0.00      0.00      0.00      0.00    100.00
01:45:30         25      0.00      0.00      0.00      0.00      0.00    100.00
01:45:30         26      0.00      0.00      0.00      0.00      0.00    100.00
01:45:30         27      0.00      0.00      0.99      0.00      0.00     99.01
01:45:30         28      0.00      0.00      0.00      0.00      0.00    100.00
01:45:30         29      0.00      0.00      0.00      0.00      0.00    100.00
01:45:30         30      0.00      0.00      0.00      0.00      0.00    100.00
01:45:30         31      0.00      0.00      0.00      0.00      0.00    100.00
01:45:30         32      0.00      0.00      0.00      0.00      0.00    100.00
01:45:30         33      0.00      0.00      0.00      0.00      0.00    100.00
01:45:30         34      0.00      0.00      0.00      0.00      0.00    100.00
01:45:30         35      0.00      0.00      0.00      0.00      0.00    100.00
01:45:30         36      0.00      0.00      0.00      0.00      0.00    100.00
01:45:30         37      0.00      0.00      0.00      0.00      0.00    100.00
01:45:30         38      0.00      0.00      0.00      0.00      0.00    100.00
01:45:30         39      0.00      0.00      0.00      0.00      0.00    100.00

01:45:30        CPU     %user     %nice   %system   %iowait    %steal     %idle
01:45:31        all      0.03      0.00      0.03      0.00      0.00     99.95
01:45:31          0      0.00      0.00      0.00      0.00      0.00    100.00
01:45:31          1      0.00      0.00      0.00      0.00      0.00    100.00
01:45:31          2      0.00      0.00      0.99      0.00      0.00     99.01
01:45:31          3      0.00      0.00      0.00      0.00      0.00    100.00
01:45:31          4      0.00      0.00      0.00      0.00      0.00    100.00
01:45:31          5      0.00      0.00      0.00      0.00      0.00    100.00
01:45:31          6      0.00      0.00      0.00      0.00      0.00    100.00
01:45:31          7      0.00      0.00      0.00      0.00      0.00    100.00
01:45:31          8      0.00      0.00      0.00      0.00      0.00    100.00
01:45:31          9      0.00      0.00      0.00      0.00      0.00    100.00
01:45:31         10      0.00      0.00      0.00      0.00      0.00    100.00
01:45:31         11      0.00      0.00      0.00      0.00      0.00    100.00
01:45:31         12      0.00      0.00      0.00      0.00      0.00    100.00
01:45:31         13      0.00      0.00      0.00      0.00      0.00    100.00
01:45:31         14      0.00      0.00      0.00      0.00      0.00    100.00
01:45:31         15      0.00      0.00      0.00      0.00      0.00    100.00
01:45:31         16      0.00      0.00      0.00      0.00      0.00    100.00
01:45:31         17      0.00      0.00      0.00      0.00      0.00    100.00
01:45:31         18      0.00      0.00      0.00      0.00      0.00    100.00
01:45:31         19      0.00      0.00      0.00      0.00      0.00    100.00
01:45:31         20      0.00      0.00      0.00      0.00      0.00    100.00
01:45:31         21      0.00      0.00      0.00      0.00      0.00    100.00
01:45:31         22      0.00      0.00      0.00      0.00      0.00    100.00
01:45:31         23      0.00      0.00      0.00      0.00      0.00    100.00
01:45:31         24      0.00      0.00      0.00      0.00      0.00    100.00
01:45:31         25      0.00      0.00      0.00      0.00      0.00    100.00
01:45:31         26      0.00      0.00      0.00      0.00      0.00    100.00
01:45:31         27      0.00      0.00      0.00      0.00      0.00    100.00
01:45:31         28      0.00      0.00      0.00      0.00      0.00    100.00
01:45:31         29      0.00      0.00      0.00      0.00      0.00    100.00
01:45:31         30      0.00      0.00      0.00      0.00      0.00    100.00
01:45:31         31      0.00      0.00      0.00      0.00      0.00    100.00
01:45:31         32      0.00      0.00      0.00      0.00      0.00    100.00
01:45:31         33      0.00      0.00      0.00      0.00      0.00    100.00
01:45:31         34      0.00      0.00      0.00      0.00      0.00    100.00
01:45:31         35      0.00      0.00      0.00      0.00      0.00    100.00
01:45:31         36      0.00      0.00      0.00      0.00      0.00    100.00
01:45:31         37      0.00      0.00      0.00      0.00      0.00    100.00
01:45:31         38      0.00      0.00      0.00      0.00      0.00    100.00
01:45:31         39      0.00      0.00      0.00      0.00      0.00    100.00

01:45:31        CPU     %user     %nice   %system   %iowait    %steal     %idle
01:45:32        all      0.02      0.00      0.02      0.00      0.00     99.95
01:45:32          0      0.00      0.00      0.00      0.00      0.00    100.00
01:45:32          1      0.00      0.00      0.00      0.00      0.00    100.00
01:45:32          2      0.00      0.00      0.00      0.00      0.00    100.00
01:45:32          3      0.00      0.00      0.00      0.00      0.00    100.00
01:45:32          4      0.00      0.00      0.00      0.00      0.00    100.00
01:45:32          5      0.00      0.00      0.00      0.00      0.00    100.00
01:45:32          6      0.00      0.00      0.00      0.00      0.00    100.00
01:45:32          7      0.00      0.00      0.00      0.00      0.00    100.00
01:45:32          8      0.00      0.00      0.00      0.00      0.00    100.00
01:45:32          9      0.00      0.00      0.00      0.00      0.00    100.00
01:45:32         10      0.00      0.00      0.00      0.00      0.00    100.00
01:45:32         11      0.00      0.00      0.00      0.00      0.00    100.00
01:45:32         12      0.00      0.00      0.00      0.00      0.00    100.00
01:45:32         13      0.99      0.00      0.00      0.00      0.00     99.01
01:45:32         14      0.00      0.00      0.00      0.00      0.00    100.00
01:45:32         15      0.00      0.00      0.00      0.00      0.00    100.00
01:45:32         16      0.00      0.00      0.00      0.00      0.00    100.00
01:45:32         17      1.00      0.00      0.00      0.00      0.00     99.00
01:45:32         18      0.00      0.00      0.00      0.00      0.00    100.00
01:45:32         19      0.00      0.00      0.00      0.00      0.00    100.00
01:45:32         20      0.00      0.00      0.00      0.00      0.00    100.00
01:45:32         21      0.00      0.00      0.00      0.00      0.00    100.00
01:45:32         22      0.00      0.00      0.00      0.00      0.00    100.00
01:45:32         23      0.00      0.00      0.00      0.00      0.00    100.00
01:45:32         24      0.00      0.00      0.00      0.00      0.00    100.00
01:45:32         25      0.00      0.00      0.00      0.00      0.00    100.00
01:45:32         26      0.00      0.00      0.00      0.00      0.00    100.00
01:45:32         27      0.99      0.00      0.00      0.00      0.00     99.01
01:45:32         28      0.00      0.00      0.00      0.00      0.00    100.00
01:45:32         29      0.00      0.00      0.00      0.00      0.00    100.00
01:45:32         30      0.00      0.00      0.00      0.00      0.00    100.00
01:45:32         31      0.00      0.00      0.00      0.00      0.00    100.00
01:45:32         32      0.00      0.00      0.00      0.00      0.00    100.00
01:45:32         33      0.00      0.00      0.00      0.00      0.00    100.00
01:45:32         34      0.00      0.00      0.00      0.00      0.00    100.00
01:45:32         35      0.00      0.00      0.00      0.00      0.00    100.00
01:45:32         36      0.00      0.00      0.00      0.00      0.00    100.00
01:45:32         37      0.00      0.00      0.00      0.00      0.00    100.00
01:45:32         38      0.00      0.00      0.00      0.00      0.00    100.00
01:45:32         39      0.00      0.00      0.00      0.00      0.00    100.00

01:45:32        CPU     %user     %nice   %system   %iowait    %steal     %idle
01:45:33        all      2.30      0.00      0.43      0.00      0.00     97.27
01:45:33          0      2.00      0.00      0.00      0.00      0.00     98.00
01:45:33          1      0.00      0.00      0.00      0.00      0.00    100.00
01:45:33          2      1.01      0.00      1.01      0.00      0.00     97.98
01:45:33          3      0.00      0.00      1.01      0.00      0.00     98.99
01:45:33          4      0.00      0.00      0.00      0.00      0.00    100.00
01:45:33          5      0.99      0.00      0.00      0.00      0.00     99.01
01:45:33          6      1.00      0.00      0.00      0.00      0.00     99.00
01:45:33          7      0.00      0.00      0.00      0.00      0.00    100.00
01:45:33          8      0.00      0.00      0.00      0.00      0.00    100.00
01:45:33          9      0.00      0.00      0.00      0.00      0.00    100.00
01:45:33         10      3.96      0.00      0.99      0.00      0.00     95.05
01:45:33         11      7.84      0.00      0.98      0.00      0.00     91.18
01:45:33         12     18.00      0.00      1.00      0.00      0.00     81.00
01:45:33         13     13.13      0.00      1.01      0.00      0.00     85.86
01:45:33         14     10.10      0.00      2.02      0.00      0.00     87.88
01:45:33         15      0.00      0.00      1.00      0.00      0.00     99.00
01:45:33         16      0.00      0.00      0.00      0.00      0.00    100.00
01:45:33         17      0.00      0.00      1.00      0.00      0.00     99.00
01:45:33         18      0.00      0.00      0.00      0.00      0.00    100.00
01:45:33         19      4.95      0.00      0.99      0.00      0.00     94.06
01:45:33         20      0.00      0.00      0.00      0.00      0.00    100.00
01:45:33         21      0.00      0.00      0.00      0.00      0.00    100.00
01:45:33         22      0.00      0.00      0.00      0.00      0.00    100.00
01:45:33         23      0.00      0.00      0.00      0.00      0.00    100.00
01:45:33         24      2.00      0.00      1.00      0.00      0.00     97.00
01:45:33         25      0.99      0.00      0.99      0.00      0.00     98.02
01:45:33         26      0.00      0.00      0.99      0.00      0.00     99.01
01:45:33         27      2.00      0.00      1.00      0.00      0.00     97.00
01:45:33         28      0.00      0.00      0.00      0.00      0.00    100.00
01:45:33         29      0.00      0.00      0.00      0.00      0.00    100.00
01:45:33         30      0.00      0.00      0.00      0.00      0.00    100.00
01:45:33         31      9.00      0.00      1.00      0.00      0.00     90.00
01:45:33         32      0.00      0.00      0.00      0.00      0.00    100.00
01:45:33         33      1.96      0.00      1.96      0.00      0.00     96.08
01:45:33         34      1.00      0.00      0.00      0.00      0.00     99.00
01:45:33         35      0.00      0.00      0.00      0.00      0.00    100.00
01:45:33         36      0.00      0.00      0.00      0.00      0.00    100.00
01:45:33         37      0.00      0.00      0.99      0.00      0.00     99.01
01:45:33         38      2.02      0.00      1.01      0.00      0.00     96.97
01:45:33         39      9.00      0.00      0.00      0.00      0.00     91.00

01:45:33        CPU     %user     %nice   %system   %iowait    %steal     %idle
01:45:34        all      6.27      0.00      1.65      0.10      0.00     91.98
01:45:34          0      2.02      0.00      1.01      1.01      0.00     95.96
01:45:34          1     39.80      0.00      5.10      0.00      0.00     55.10
01:45:34          2      4.00      0.00      2.00      0.00      0.00     94.00
01:45:34          3     22.22      0.00      3.03      0.00      0.00     74.75
01:45:34          4      1.00      0.00      1.00      0.00      0.00     98.00
01:45:34          5     13.27      0.00      3.06      0.00      0.00     83.67
01:45:34          6      5.05      0.00      0.00      0.00      0.00     94.95
01:45:34          7      1.00      0.00      0.00      0.00      0.00     99.00
01:45:34          8      2.00      0.00      1.00      0.00      0.00     97.00
01:45:34          9      0.00      0.00      1.98      0.00      0.00     98.02
01:45:34         10      2.02      0.00      0.00      0.00      0.00     97.98
01:45:34         11      0.00      0.00      1.02      0.00      0.00     98.98
01:45:34         12      2.00      0.00      1.00      0.00      0.00     97.00
01:45:34         13      2.00      0.00      1.00      0.00      0.00     97.00
01:45:34         14     35.64      0.00      7.92      0.00      0.00     56.44
01:45:34         15     26.73      0.00      4.95      0.00      0.00     68.32
01:45:34         16      1.00      0.00      1.00      0.00      0.00     98.00
01:45:34         17     15.00      0.00      2.00      0.00      0.00     83.00
01:45:34         18      9.09      0.00      2.02      0.00      0.00     88.89
01:45:34         19      1.00      0.00      1.00      0.00      0.00     98.00
01:45:34         20      0.00      0.00      0.99      0.00      0.00     99.01
01:45:34         21      1.00      0.00      0.00      0.00      0.00     99.00
01:45:34         22      8.82      0.00      0.98      0.00      0.00     90.20
01:45:34         23      0.00      0.00      1.00      0.00      0.00     99.00
01:45:34         24      0.00      0.00      0.00      0.00      0.00    100.00
01:45:34         25      5.05      0.00      3.03      0.00      0.00     91.92
01:45:34         26      2.02      0.00      1.01      0.00      0.00     96.97
01:45:34         27      0.00      0.00      1.00      0.00      0.00     99.00
01:45:34         28      2.94      0.00      1.96      0.00      0.00     95.10
01:45:34         29      1.01      0.00      0.00      0.00      0.00     98.99
01:45:34         30      0.00      0.00      1.01      1.01      0.00     97.98
01:45:34         31      3.03      0.00      1.01      0.00      0.00     95.96
01:45:34         32      0.00      0.00      0.00      1.02      0.00     98.98
01:45:34         33      0.00      0.00      0.00      0.00      0.00    100.00
01:45:34         34      0.00      0.00      0.99      0.00      0.00     99.01
01:45:34         35      7.14      0.00      0.00      0.00      0.00     92.86
01:45:34         36     21.00      0.00      4.00      0.00      0.00     75.00
01:45:34         37     12.24      0.00      2.04      0.00      0.00     85.71
01:45:34         38      1.01      0.00      0.00      0.00      0.00     98.99
01:45:34         39      1.00      0.00      1.00      0.00      0.00     98.00

01:45:34        CPU     %user     %nice   %system   %iowait    %steal     %idle
01:45:35        all      0.00      0.00      0.03      0.00      0.00     99.98
01:45:35          0      0.00      0.00      0.00      0.00      0.00    100.00
01:45:35          1      0.00      0.00      0.00      0.00      0.00    100.00
01:45:35          2      0.00      0.00      0.00      0.00      0.00    100.00
01:45:35          3      0.00      0.00      0.00      0.00      0.00    100.00
01:45:35          4      0.00      0.00      0.00      0.00      0.00    100.00
01:45:35          5      0.00      0.00      0.00      0.00      0.00    100.00
01:45:35          6      0.00      0.00      0.00      0.00      0.00    100.00
01:45:35          7      0.00      0.00      0.00      0.00      0.00    100.00
01:45:35          8      0.00      0.00      0.00      0.00      0.00    100.00
01:45:35          9      0.00      0.00      0.00      0.00      0.00    100.00
01:45:35         10      0.00      0.00      0.00      0.00      0.00    100.00
01:45:35         11      0.00      0.00      0.00      0.00      0.00    100.00
01:45:35         12      0.00      0.00      0.00      0.00      0.00    100.00
01:45:35         13      0.00      0.00      0.00      0.00      0.00    100.00
01:45:35         14      0.00      0.00      0.00      0.00      0.00    100.00
01:45:35         15      0.00      0.00      0.00      0.00      0.00    100.00
01:45:35         16      0.00      0.00      0.00      0.00      0.00    100.00
01:45:35         17      0.00      0.00      0.00      0.00      0.00    100.00
01:45:35         18      0.00      0.00      0.00      0.00      0.00    100.00
01:45:35         19      0.00      0.00      0.00      0.00      0.00    100.00
01:45:35         20      0.00      0.00      0.00      0.00      0.00    100.00
01:45:35         21      0.00      0.00      0.00      0.00      0.00    100.00
01:45:35         22      0.00      0.00      0.00      0.00      0.00    100.00
01:45:35         23      0.00      0.00      0.00      0.00      0.00    100.00
01:45:35         24      0.00      0.00      0.00      0.00      0.00    100.00
01:45:35         25      0.00      0.00      0.00      0.00      0.00    100.00
01:45:35         26      0.00      0.00      0.00      0.00      0.00    100.00
01:45:35         27      0.00      0.00      0.00      0.00      0.00    100.00
01:45:35         28      0.00      0.00      0.00      0.00      0.00    100.00
01:45:35         29      0.00      0.00      0.00      0.00      0.00    100.00
01:45:35         30      0.00      0.00      0.00      0.00      0.00    100.00
01:45:35         31      0.00      0.00      0.00      0.00      0.00    100.00
01:45:35         32      0.00      0.00      0.00      0.00      0.00    100.00
01:45:35         33      0.00      0.00      0.00      0.00      0.00    100.00
01:45:35         34      0.00      0.00      0.00      0.00      0.00    100.00
01:45:35         35      0.00      0.00      0.00      0.00      0.00    100.00
01:45:35         36      0.00      0.00      0.00      0.00      0.00    100.00
01:45:35         37      0.00      0.00      0.00      0.00      0.00    100.00
01:45:35         38      0.00      0.00      0.00      0.00      0.00    100.00
01:45:35         39      0.00      0.00      0.00      0.00      0.00    100.00

01:45:35        CPU     %user     %nice   %system   %iowait    %steal     %idle
01:45:36        all      0.03      0.00      0.03      0.00      0.00     99.95
01:45:36          0      0.00      0.00      0.00      0.00      0.00    100.00
01:45:36          1      0.00      0.00      0.00      0.00      0.00    100.00
01:45:36          2      0.99      0.00      0.00      0.00      0.00     99.01
01:45:36          3      0.00      0.00      0.00      0.00      0.00    100.00
01:45:36          4      0.00      0.00      0.00      0.00      0.00    100.00
01:45:36          5      0.00      0.00      0.00      0.00      0.00    100.00
01:45:36          6      0.00      0.00      0.00      0.00      0.00    100.00
01:45:36          7      0.00      0.00      0.00      0.00      0.00    100.00
01:45:36          8      0.00      0.00      0.00      0.00      0.00    100.00
01:45:36          9      0.00      0.00      0.00      0.00      0.00    100.00
01:45:36         10      0.00      0.00      0.00      0.00      0.00    100.00
01:45:36         11      0.00      0.00      0.00      0.00      0.00    100.00
01:45:36         12      0.00      0.00      0.99      0.00      0.00     99.01
01:45:36         13      0.00      0.00      0.00      0.00      0.00    100.00
01:45:36         14      0.00      0.00      0.00      0.00      0.00    100.00
01:45:36         15      0.00      0.00      0.00      0.00      0.00    100.00
01:45:36         16      0.00      0.00      0.00      0.00      0.00    100.00
01:45:36         17      0.00      0.00      0.00      0.00      0.00    100.00
01:45:36         18      0.00      0.00      0.00      0.00      0.00    100.00
01:45:36         19      0.00      0.00      0.00      0.00      0.00    100.00
01:45:36         20      0.00      0.00      0.00      0.00      0.00    100.00
01:45:36         21      0.00      0.00      0.00      0.00      0.00    100.00
01:45:36         22      0.00      0.00      0.00      0.00      0.00    100.00
01:45:36         23      0.00      0.00      0.00      0.00      0.00    100.00
01:45:36         24      0.00      0.00      0.00      0.00      0.00    100.00
01:45:36         25      0.00      0.00      0.00      0.00      0.00    100.00
01:45:36         26      0.00      0.00      0.00      0.00      0.00    100.00
01:45:36         27      0.00      0.00      0.00      0.00      0.00    100.00
01:45:36         28      0.00      0.00      0.00      0.00      0.00    100.00
01:45:36         29      0.00      0.00      0.00      0.00      0.00    100.00
01:45:36         30      0.00      0.00      0.00      0.00      0.00    100.00
01:45:36         31      0.00      0.00      0.00      0.00      0.00    100.00
01:45:36         32      0.00      0.00      0.00      0.00      0.00    100.00
01:45:36         33      0.00      0.00      0.00      0.00      0.00    100.00
01:45:36         34      0.00      0.00      0.00      0.00      0.00    100.00
01:45:36         35      0.00      0.00      0.00      0.00      0.00    100.00
01:45:36         36      0.00      0.00      0.00      0.00      0.00    100.00
01:45:36         37      0.00      0.00      0.00      0.00      0.00    100.00
01:45:36         38      0.00      0.00      0.00      0.00      0.00    100.00
01:45:36         39      0.00      0.00      0.00      0.00      0.00    100.00

01:45:36        CPU     %user     %nice   %system   %iowait    %steal     %idle
01:45:37        all      0.00      0.00      0.03      0.08      0.00     99.90
01:45:37          0      0.00      0.00      0.00      0.00      0.00    100.00
01:45:37          1      0.00      0.00      0.00      0.00      0.00    100.00
01:45:37          2      0.00      0.00      0.00      0.00      0.00    100.00
01:45:37          3      0.99      0.00      0.00      0.00      0.00     99.01
01:45:37          4      0.00      0.00      0.00      0.00      0.00    100.00
01:45:37          5      0.00      0.00      0.00      0.00      0.00    100.00
01:45:37          6      0.00      0.00      0.00      0.00      0.00    100.00
01:45:37          7      0.00      0.00      0.00      0.00      0.00    100.00
01:45:37          8      0.00      0.00      0.00      0.00      0.00    100.00
01:45:37          9      0.00      0.00      0.00      0.00      0.00    100.00
01:45:37         10      0.00      0.00      0.00      0.00      0.00    100.00
01:45:37         11      0.00      0.00      0.00      0.00      0.00    100.00
01:45:37         12      0.00      0.00      0.00      0.00      0.00    100.00
01:45:37         13      0.00      0.00      0.00      0.00      0.00    100.00
01:45:37         14      0.00      0.00      0.00      0.00      0.00    100.00
01:45:37         15      0.00      0.00      0.00      0.00      0.00    100.00
01:45:37         16      0.00      0.00      0.00      0.00      0.00    100.00
01:45:37         17      0.00      0.00      0.99      0.00      0.00     99.01
01:45:37         18      0.00      0.00      0.00      0.00      0.00    100.00
01:45:37         19      0.00      0.00      0.00      0.00      0.00    100.00
01:45:37         20      0.00      0.00      0.00      0.00      0.00    100.00
01:45:37         21      0.00      0.00      0.00      0.00      0.00    100.00
01:45:37         22      0.00      0.00      0.00      4.00      0.00     96.00
01:45:37         23      0.00      0.00      0.00      0.00      0.00    100.00
01:45:37         24      0.00      0.00      0.00      0.00      0.00    100.00
01:45:37         25      0.00      0.00      0.00      0.00      0.00    100.00
01:45:37         26      0.00      0.00      0.00      0.00      0.00    100.00
01:45:37         27      0.00      0.00      0.99      0.00      0.00     99.01
01:45:37         28      0.00      0.00      0.00      0.00      0.00    100.00
01:45:37         29      0.00      0.00      0.00      0.00      0.00    100.00
01:45:37         30      0.00      0.00      0.00      0.00      0.00    100.00
01:45:37         31      0.00      0.00      0.00      0.00      0.00    100.00
01:45:37         32      0.00      0.00      0.00      0.00      0.00    100.00
01:45:37         33      0.00      0.00      0.00      0.00      0.00    100.00
01:45:37         34      0.00      0.00      0.00      0.00      0.00    100.00
01:45:37         35      0.00      0.00      0.00      0.00      0.00    100.00
01:45:37         36      0.00      0.00      0.00      0.00      0.00    100.00
01:45:37         37      0.00      0.00      0.00      0.00      0.00    100.00
01:45:37         38      0.00      0.00      0.00      0.00      0.00    100.00
01:45:37         39      0.00      0.00      0.00      0.00      0.00    100.00

01:45:37        CPU     %user     %nice   %system   %iowait    %steal     %idle
01:45:38        all      0.03      0.00      0.03      0.00      0.00     99.95
01:45:38          0      0.00      0.00      0.00      0.00      0.00    100.00
01:45:38          1      0.00      0.00      0.00      0.00      0.00    100.00
01:45:38          2      0.00      0.00      0.00      0.00      0.00    100.00
01:45:38          3      0.00      0.00      0.00      0.00      0.00    100.00
01:45:38          4      0.00      0.00      0.00      0.00      0.00    100.00
01:45:38          5      0.00      0.00      0.00      0.00      0.00    100.00
01:45:38          6      0.00      0.00      0.00      0.00      0.00    100.00
01:45:38          7      0.00      0.00      0.00      0.00      0.00    100.00
01:45:38          8      0.00      0.00      0.00      0.00      0.00    100.00
01:45:38          9      0.00      0.00      0.00      0.00      0.00    100.00
01:45:38         10      0.00      0.00      0.00      0.00      0.00    100.00
01:45:38         11      0.00      0.00      0.00      0.00      0.00    100.00
01:45:38         12      0.00      0.00      0.00      0.00      0.00    100.00
01:45:38         13      0.00      0.00      0.00      0.00      0.00    100.00
01:45:38         14      0.00      0.00      0.00      0.00      0.00    100.00
01:45:38         15      0.00      0.00      0.00      0.00      0.00    100.00
01:45:38         16      0.00      0.00      0.00      0.00      0.00    100.00
01:45:38         17      0.00      0.00      0.00      0.00      0.00    100.00
01:45:38         18      0.00      0.00      0.00      0.00      0.00    100.00
01:45:38         19      0.00      0.00      0.00      0.00      0.00    100.00
01:45:38         20      0.00      0.00      0.00      0.00      0.00    100.00
01:45:38         21      0.00      0.00      0.00      0.00      0.00    100.00
01:45:38         22      0.00      0.00      0.00      0.00      0.00    100.00
01:45:38         23      0.00      0.00      0.00      0.00      0.00    100.00
01:45:38         24      0.00      0.00      0.00      0.00      0.00    100.00
01:45:38         25      0.00      0.00      0.00      0.00      0.00    100.00
01:45:38         26      0.00      0.00      0.00      0.00      0.00    100.00
01:45:38         27      1.00      0.00      0.00      0.00      0.00     99.00
01:45:38         28      0.00      0.00      0.00      0.00      0.00    100.00
01:45:38         29      0.00      0.00      0.00      0.00      0.00    100.00
01:45:38         30      0.00      0.00      0.00      0.00      0.00    100.00
01:45:38         31      0.00      0.00      0.00      0.00      0.00    100.00
01:45:38         32      0.00      0.00      0.00      0.00      0.00    100.00
01:45:38         33      0.00      0.00      0.00      0.00      0.00    100.00
01:45:38         34      0.00      0.00      0.00      0.00      0.00    100.00
01:45:38         35      0.00      0.00      0.00      0.00      0.00    100.00
01:45:38         36      0.00      0.00      0.00      0.00      0.00    100.00
01:45:38         37      0.00      0.00      0.00      0.00      0.00    100.00
01:45:38         38      0.00      0.00      0.00      0.00      0.00    100.00
01:45:38         39      0.00      0.00      0.00      0.00      0.00    100.00

01:45:38        CPU     %user     %nice   %system   %iowait    %steal     %idle
01:45:39        all      0.03      0.00      0.00      0.00      0.00     99.98
01:45:39          0      0.00      0.00      0.00      0.00      0.00    100.00
01:45:39          1      0.00      0.00      0.00      0.00      0.00    100.00
01:45:39          2      0.00      0.00      0.00      0.00      0.00    100.00
01:45:39          3      0.00      0.00      0.00      0.00      0.00    100.00
01:45:39          4      0.00      0.00      0.00      0.00      0.00    100.00
01:45:39          5      0.00      0.00      0.00      0.00      0.00    100.00
01:45:39          6      0.00      0.00      0.00      0.00      0.00    100.00
01:45:39          7      0.00      0.00      0.00      0.00      0.00    100.00
01:45:39          8      0.00      0.00      0.00      0.00      0.00    100.00
01:45:39          9      0.00      0.00      0.00      0.00      0.00    100.00
01:45:39         10      0.00      0.00      0.00      0.00      0.00    100.00
01:45:39         11      0.00      0.00      0.00      0.00      0.00    100.00
01:45:39         12      0.99      0.00      0.00      0.00      0.00     99.01
01:45:39         13      0.00      0.00      0.00      0.00      0.00    100.00
01:45:39         14      0.00      0.00      0.00      0.00      0.00    100.00
01:45:39         15      0.00      0.00      0.00      0.00      0.00    100.00
01:45:39         16      0.00      0.00      0.00      0.00      0.00    100.00
01:45:39         17      0.00      0.00      0.99      0.00      0.00     99.01
01:45:39         18      0.00      0.00      0.00      0.00      0.00    100.00
01:45:39         19      0.00      0.00      0.00      0.00      0.00    100.00
01:45:39         20      0.00      0.00      0.00      0.00      0.00    100.00
01:45:39         21      0.00      0.00      0.00      0.00      0.00    100.00
01:45:39         22      0.00      0.00      0.00      0.00      0.00    100.00
01:45:39         23      0.00      0.00      0.00      0.00      0.00    100.00
01:45:39         24      0.00      0.00      0.00      0.00      0.00    100.00
01:45:39         25      0.00      0.00      0.00      0.00      0.00    100.00
01:45:39         26      0.00      0.00      0.00      0.00      0.00    100.00
01:45:39         27      0.00      0.00      0.00      0.00      0.00    100.00
01:45:39         28      0.00      0.00      0.00      0.00      0.00    100.00
01:45:39         29      0.00      0.00      0.00      0.00      0.00    100.00
01:45:39         30      0.00      0.00      0.00      0.00      0.00    100.00
01:45:39         31      0.00      0.00      0.00      0.00      0.00    100.00
01:45:39         32      0.00      0.00      0.00      0.00      0.00    100.00
01:45:39         33      0.00      0.00      0.00      0.00      0.00    100.00
01:45:39         34      0.00      0.00      0.00      0.00      0.00    100.00
01:45:39         35      0.00      0.00      0.00      0.00      0.00    100.00
01:45:39         36      0.00      0.00      0.00      0.00      0.00    100.00
01:45:39         37      0.00      0.00      0.00      0.00      0.00    100.00
01:45:39         38      0.00      0.00      0.00      0.00      0.00    100.00
01:45:39         39      0.00      0.00      0.00      0.00      0.00    100.00

01:45:39        CPU     %user     %nice   %system   %iowait    %steal     %idle
01:45:40        all      0.15      0.00      0.03      0.00      0.00     99.82
01:45:40          0      0.00      0.00      0.00      0.00      0.00    100.00
01:45:40          1      0.00      0.00      0.99      0.00      0.00     99.01
01:45:40          2      0.00      0.00      0.00      0.00      0.00    100.00
01:45:40          3      0.00      0.00      0.00      0.00      0.00    100.00
01:45:40          4      0.00      0.00      0.00      0.00      0.00    100.00
01:45:40          5      0.00      0.00      0.00      0.00      0.00    100.00
01:45:40          6      0.00      0.00      0.00      0.00      0.00    100.00
01:45:40          7      0.00      0.00      0.00      0.00      0.00    100.00
01:45:40          8      0.00      0.00      0.00      0.00      0.00    100.00
01:45:40          9      0.00      0.00      0.00      0.00      0.00    100.00
01:45:40         10      0.00      0.00      0.00      0.00      0.00    100.00
01:45:40         11      0.00      0.00      0.00      0.00      0.00    100.00
01:45:40         12      0.00      0.00      0.00      0.00      0.00    100.00
01:45:40         13      0.00      0.00      0.00      0.00      0.00    100.00
01:45:40         14      0.00      0.00      0.00      0.00      0.00    100.00
01:45:40         15      0.00      0.00      0.00      0.00      0.00    100.00
01:45:40         16      0.00      0.00      0.00      0.00      0.00    100.00
01:45:40         17      0.00      0.00      0.00      0.00      0.00    100.00
01:45:40         18      0.00      0.00      0.00      0.00      0.00    100.00
01:45:40         19      0.00      0.00      0.00      0.00      0.00    100.00
01:45:40         20      0.00      0.00      0.00      0.00      0.00    100.00
01:45:40         21      0.00      0.00      0.00      0.00      0.00    100.00
01:45:40         22      0.00      0.00      0.00      0.00      0.00    100.00
01:45:40         23      0.00      0.00      0.00      0.00      0.00    100.00
01:45:40         24      0.00      0.00      0.00      0.00      0.00    100.00
01:45:40         25      0.00      0.00      0.00      0.00      0.00    100.00
01:45:40         26      0.00      0.00      0.00      0.00      0.00    100.00
01:45:40         27      0.00      0.00      0.99      0.00      0.00     99.01
01:45:40         28      0.00      0.00      0.00      0.00      0.00    100.00
01:45:40         29      0.00      0.00      0.00      0.00      0.00    100.00
01:45:40         30      0.00      0.00      0.00      0.00      0.00    100.00
01:45:40         31      1.00      0.00      0.00      0.00      0.00     99.00
01:45:40         32      0.99      0.00      0.00      0.00      0.00     99.01
01:45:40         33      0.00      0.00      0.00      0.00      0.00    100.00
01:45:40         34      0.00      0.00      0.00      0.00      0.00    100.00
01:45:40         35      0.00      0.00      0.00      0.00      0.00    100.00
01:45:40         36      0.00      0.00      0.00      0.00      0.00    100.00
01:45:40         37      1.00      0.00      0.00      0.00      0.00     99.00
01:45:40         38      0.00      0.00      0.00      0.00      0.00    100.00
01:45:40         39      0.00      0.00      0.00      0.00      0.00    100.00

01:45:40        CPU     %user     %nice   %system   %iowait    %steal     %idle
01:45:41        all      0.00      0.00      0.03      0.00      0.00     99.98
01:45:41          0      0.00      0.00      0.00      0.00      0.00    100.00
01:45:41          1      0.00      0.00      0.00      0.00      0.00    100.00
01:45:41          2      0.00      0.00      0.00      0.00      0.00    100.00
01:45:41          3      0.00      0.00      0.00      0.00      0.00    100.00
01:45:41          4      0.00      0.00      0.00      0.00      0.00    100.00
01:45:41          5      0.00      0.00      0.00      0.00      0.00    100.00
01:45:41          6      0.00      0.00      0.00      0.00      0.00    100.00
01:45:41          7      0.00      0.00      0.00      0.00      0.00    100.00
01:45:41          8      0.00      0.00      0.00      0.00      0.00    100.00
01:45:41          9      0.00      0.00      0.00      0.00      0.00    100.00
01:45:41         10      0.00      0.00      0.00      0.00      0.00    100.00
01:45:41         11      0.00      0.00      0.00      0.00      0.00    100.00
01:45:41         12      0.00      0.00      0.99      0.00      0.00     99.01
01:45:41         13      0.00      0.00      0.99      0.00      0.00     99.01
01:45:41         14      0.00      0.00      0.00      0.00      0.00    100.00
01:45:41         15      0.00      0.00      0.00      0.00      0.00    100.00
01:45:41         16      0.00      0.00      0.00      0.00      0.00    100.00
01:45:41         17      0.00      0.00      0.00      0.00      0.00    100.00
01:45:41         18      0.00      0.00      0.00      0.00      0.00    100.00
01:45:41         19      0.00      0.00      0.00      0.00      0.00    100.00
01:45:41         20      0.00      0.00      0.00      0.00      0.00    100.00
01:45:41         21      0.00      0.00      0.00      0.00      0.00    100.00
01:45:41         22      0.00      0.00      0.00      0.00      0.00    100.00
01:45:41         23      0.00      0.00      0.00      0.00      0.00    100.00
01:45:41         24      0.00      0.00      0.00      0.00      0.00    100.00
01:45:41         25      0.00      0.00      0.00      0.00      0.00    100.00
01:45:41         26      0.00      0.00      0.00      0.00      0.00    100.00
01:45:41         27      0.00      0.00      0.00      0.00      0.00    100.00
01:45:41         28      0.00      0.00      0.00      0.00      0.00    100.00
01:45:41         29      0.00      0.00      0.00      0.00      0.00    100.00
01:45:41         30      0.00      0.00      0.00      0.00      0.00    100.00
01:45:41         31      0.00      0.00      0.00      0.00      0.00    100.00
01:45:41         32      0.00      0.00      0.00      0.00      0.00    100.00
01:45:41         33      0.00      0.00      0.00      0.00      0.00    100.00
01:45:41         34      0.00      0.00      0.00      0.00      0.00    100.00
01:45:41         35      0.00      0.00      0.00      0.00      0.00    100.00
01:45:41         36      0.00      0.00      0.00      0.00      0.00    100.00
01:45:41         37      0.00      0.00      0.00      0.00      0.00    100.00
01:45:41         38      0.00      0.00      0.00      0.00      0.00    100.00
01:45:41         39      0.00      0.00      0.00      0.00      0.00    100.00

01:45:41        CPU     %user     %nice   %system   %iowait    %steal     %idle
01:45:42        all      0.03      0.00      0.03      0.00      0.00     99.95
01:45:42          0      0.00      0.00      0.00      0.00      0.00    100.00
01:45:42          1      0.00      0.00      0.00      0.00      0.00    100.00
01:45:42          2      0.00      0.00      0.00      0.00      0.00    100.00
01:45:42          3      0.00      0.00      0.00      0.00      0.00    100.00
01:45:42          4      0.00      0.00      0.00      0.00      0.00    100.00
01:45:42          5      0.00      0.00      0.00      0.00      0.00    100.00
01:45:42          6      0.00      0.00      0.00      0.00      0.00    100.00
01:45:42          7      0.00      0.00      0.00      0.00      0.00    100.00
01:45:42          8      0.00      0.00      0.00      0.00      0.00    100.00
01:45:42          9      0.00      0.00      0.00      0.00      0.00    100.00
01:45:42         10      0.00      0.00      0.00      0.00      0.00    100.00
01:45:42         11      0.00      0.00      0.00      0.00      0.00    100.00
01:45:42         12      0.00      0.00      0.00      0.00      0.00    100.00
01:45:42         13      0.00      0.00      0.00      0.00      0.00    100.00
01:45:42         14      0.00      0.00      0.00      0.00      0.00    100.00
01:45:42         15      0.00      0.00      0.00      0.00      0.00    100.00
01:45:42         16      0.00      0.00      0.00      0.00      0.00    100.00
01:45:42         17      0.00      0.00      0.00      0.00      0.00    100.00
01:45:42         18      0.00      0.00      0.00      0.00      0.00    100.00
01:45:42         19      0.00      0.00      0.00      0.00      0.00    100.00
01:45:42         20      0.00      0.00      0.00      0.00      0.00    100.00
01:45:42         21      0.00      0.00      0.00      0.00      0.00    100.00
01:45:42         22      0.00      0.00      0.00      0.00      0.00    100.00
01:45:42         23      0.00      0.00      0.00      0.00      0.00    100.00
01:45:42         24      0.00      0.00      0.00      0.00      0.00    100.00
01:45:42         25      0.00      0.00      0.00      0.00      0.00    100.00
01:45:42         26      0.00      0.00      0.00      0.00      0.00    100.00
01:45:42         27      0.99      0.00      0.00      0.00      0.00     99.01
01:45:42         28      0.00      0.00      0.00      0.00      0.00    100.00
01:45:42         29      0.00      0.00      0.00      0.00      0.00    100.00
01:45:42         30      0.00      0.00      0.00      0.00      0.00    100.00
01:45:42         31      0.00      0.00      0.00      0.00      0.00    100.00
01:45:42         32      0.00      0.00      0.00      0.00      0.00    100.00
01:45:42         33      0.00      0.00      0.00      0.00      0.00    100.00
01:45:42         34      0.00      0.00      0.00      0.00      0.00    100.00
01:45:42         35      0.00      0.00      0.00      0.00      0.00    100.00
01:45:42         36      0.00      0.00      0.00      0.00      0.00    100.00
01:45:42         37      0.00      0.00      0.00      0.00      0.00    100.00
01:45:42         38      0.00      0.00      0.00      0.00      0.00    100.00
01:45:42         39      0.00      0.00      0.00      0.00      0.00    100.00

01:45:42        CPU     %user     %nice   %system   %iowait    %steal     %idle
01:45:43        all      0.53      0.00      0.10      0.00      0.00     99.37
01:45:43          0      0.00      0.00      0.00      0.00      0.00    100.00
01:45:43          1      0.00      0.00      0.00      0.00      0.00    100.00
01:45:43          2      0.00      0.00      0.00      0.00      0.00    100.00
01:45:43          3      0.00      0.00      0.00      0.00      0.00    100.00
01:45:43          4      0.00      0.00      0.00      0.00      0.00    100.00
01:45:43          5      0.00      0.00      0.00      0.00      0.00    100.00
01:45:43          6      0.00      0.00      0.00      0.00      0.00    100.00
01:45:43          7      0.00      0.00      0.00      0.00      0.00    100.00
01:45:43          8      0.00      0.00      0.00      0.00      0.00    100.00
01:45:43          9      0.00      0.00      0.00      0.00      0.00    100.00
01:45:43         10      0.00      0.00      0.00      0.00      0.00    100.00
01:45:43         11      0.00      0.00      0.00      0.00      0.00    100.00
01:45:43         12      1.00      0.00      0.00      0.00      0.00     99.00
01:45:43         13      0.00      0.00      0.00      0.00      0.00    100.00
01:45:43         14      0.00      0.00      0.00      0.00      0.00    100.00
01:45:43         15      0.00      0.00      0.00      0.00      0.00    100.00
01:45:43         16      0.00      0.00      0.00      0.00      0.00    100.00
01:45:43         17      0.00      0.00      0.00      0.00      0.00    100.00
01:45:43         18     15.15      0.00      1.01      0.00      0.00     83.84
01:45:43         19      0.00      0.00      0.00      0.00      0.00    100.00
01:45:43         20      0.00      0.00      0.00      0.00      0.00    100.00
01:45:43         21      0.00      0.00      0.00      0.00      0.00    100.00
01:45:43         22      0.00      0.00      0.00      0.00      0.00    100.00
01:45:43         23      0.00      0.00      0.00      0.00      0.00    100.00
01:45:43         24      0.00      0.00      0.00      0.00      0.00    100.00
01:45:43         25      0.00      0.00      0.00      0.00      0.00    100.00
01:45:43         26      0.00      0.00      0.00      0.00      0.00    100.00
01:45:43         27      0.00      0.00      0.00      0.00      0.00    100.00
01:45:43         28      0.00      0.00      0.00      0.00      0.00    100.00
01:45:43         29      0.00      0.00      0.00      0.00      0.00    100.00
01:45:43         30      0.00      0.00      0.00      0.00      0.00    100.00
01:45:43         31      0.00      0.00      0.00      0.00      0.00    100.00
01:45:43         32      0.00      0.00      0.00      0.00      0.00    100.00
01:45:43         33      0.00      0.00      0.00      0.00      0.00    100.00
01:45:43         34      0.00      0.00      0.00      0.00      0.00    100.00
01:45:43         35      0.00      0.00      0.00      0.00      0.00    100.00
01:45:43         36      1.00      0.00      0.00      0.00      0.00     99.00
01:45:43         37      0.00      0.00      0.00      0.00      0.00    100.00
01:45:43         38      2.97      0.00      0.99      0.00      0.00     96.04
01:45:43         39      0.00      0.00      0.00      0.00      0.00    100.00

01:45:43        CPU     %user     %nice   %system   %iowait    %steal     %idle
01:45:44        all      1.20      0.00      0.35      0.03      0.00     98.42
01:45:44          0      0.00      0.00      0.00      0.00      0.00    100.00
01:45:44          1      0.00      0.00      0.00      0.00      0.00    100.00
01:45:44          2      1.01      0.00      0.00      0.00      0.00     98.99
01:45:44          3      0.00      0.00      0.99      0.00      0.00     99.01
01:45:44          4      8.00      0.00      1.00      0.00      0.00     91.00
01:45:44          5      1.00      0.00      1.00      0.00      0.00     98.00
01:45:44          6      0.00      0.00      0.00      0.00      0.00    100.00
01:45:44          7      0.00      0.00      1.00      0.00      0.00     99.00
01:45:44          8      0.00      0.00      0.00      0.00      0.00    100.00
01:45:44          9      1.00      0.00      1.00      0.00      0.00     98.00
01:45:44         10      0.00      0.00      0.00      0.00      0.00    100.00
01:45:44         11      0.00      0.00      0.00      0.00      0.00    100.00
01:45:44         12      0.00      0.00      0.00      0.00      0.00    100.00
01:45:44         13      0.00      0.00      0.00      0.00      0.00    100.00
01:45:44         14      0.00      0.00      0.00      0.00      0.00    100.00
01:45:44         15      0.00      0.00      0.00      0.00      0.00    100.00
01:45:44         16      0.00      0.00      0.00      0.00      0.00    100.00
01:45:44         17      0.00      0.00      0.00      0.00      0.00    100.00
01:45:44         18     35.64      0.00      4.95      0.00      0.00     59.41
01:45:44         19      0.00      0.00      0.00      0.00      0.00    100.00
01:45:44         20      0.00      0.00      0.00      0.00      0.00    100.00
01:45:44         21      0.00      0.00      0.00      0.00      0.00    100.00
01:45:44         22      0.00      0.00      0.00      0.00      0.00    100.00
01:45:44         23      0.00      0.00      0.00      0.00      0.00    100.00
01:45:44         24      0.00      0.00      0.00      0.00      0.00    100.00
01:45:44         25      0.00      0.00      0.00      0.00      0.00    100.00
01:45:44         26      0.00      0.00      0.00      0.00      0.00    100.00
01:45:44         27      0.00      0.00      0.99      0.00      0.00     99.01
01:45:44         28      0.00      0.00      0.00      0.00      0.00    100.00
01:45:44         29      0.00      0.00      0.00      0.00      0.00    100.00
01:45:44         30      0.00      0.00      0.00      0.00      0.00    100.00
01:45:44         31      0.00      0.00      0.00      0.00      0.00    100.00
01:45:44         32      0.00      0.00      0.00      0.00      0.00    100.00
01:45:44         33      0.00      0.00      0.00      0.00      0.00    100.00
01:45:44         34      0.00      0.00      0.00      0.00      0.00    100.00
01:45:44         35      1.98      0.00      2.97      0.99      0.00     94.06
01:45:44         36      0.00      0.00      0.00      0.00      0.00    100.00
01:45:44         37      0.00      0.00      0.00      0.00      0.00    100.00
01:45:44         38      0.00      0.00      0.00      0.00      0.00    100.00
01:45:44         39      1.00      0.00      0.00      0.00      0.00     99.00

01:45:44        CPU     %user     %nice   %system   %iowait    %steal     %idle
01:45:45        all      0.00      0.00      0.03      0.00      0.00     99.97
01:45:45          0      0.00      0.00      0.00      0.00      0.00    100.00
01:45:45          1      0.00      0.00      1.00      0.00      0.00     99.00
01:45:45          2      0.00      0.00      0.00      0.00      0.00    100.00
01:45:45          3      0.00      0.00      0.00      0.00      0.00    100.00
01:45:45          4      0.00      0.00      0.00      0.00      0.00    100.00
01:45:45          5      0.00      0.00      0.00      0.00      0.00    100.00
01:45:45          6      0.00      0.00      0.00      0.00      0.00    100.00
01:45:45          7      0.00      0.00      0.00      0.00      0.00    100.00
01:45:45          8      0.00      0.00      0.00      0.00      0.00    100.00
01:45:45          9      0.00      0.00      0.00      0.00      0.00    100.00
01:45:45         10      0.00      0.00      0.00      0.00      0.00    100.00
01:45:45         11      0.00      0.00      0.00      0.00      0.00    100.00
01:45:45         12      0.00      0.00      0.00      0.00      0.00    100.00
01:45:45         13      0.00      0.00      0.00      0.00      0.00    100.00
01:45:45         14      0.00      0.00      0.00      0.00      0.00    100.00
01:45:45         15      0.00      0.00      0.00      0.00      0.00    100.00
01:45:45         16      0.00      0.00      0.00      0.00      0.00    100.00
01:45:45         17      0.00      0.00      0.00      0.00      0.00    100.00
01:45:45         18      0.00      0.00      0.00      0.00      0.00    100.00
01:45:45         19      0.00      0.00      0.00      0.00      0.00    100.00
01:45:45         20      0.00      0.00      0.00      0.00      0.00    100.00
01:45:45         21      0.00      0.00      0.00      0.00      0.00    100.00
01:45:45         22      0.00      0.00      0.00      0.00      0.00    100.00
01:45:45         23      0.00      0.00      0.00      0.00      0.00    100.00
01:45:45         24      0.00      0.00      0.00      0.00      0.00    100.00
01:45:45         25      0.00      0.00      0.00      0.00      0.00    100.00
01:45:45         26      0.00      0.00      0.00      0.00      0.00    100.00
01:45:45         27      0.99      0.00      0.00      0.00      0.00     99.01
01:45:45         28      0.00      0.00      0.00      0.00      0.00    100.00
01:45:45         29      0.00      0.00      0.00      0.00      0.00    100.00
01:45:45         30      0.00      0.00      0.00      0.00      0.00    100.00
01:45:45         31      0.00      0.00      0.00      0.00      0.00    100.00
01:45:45         32      0.00      0.00      0.00      0.00      0.00    100.00
01:45:45         33      0.00      0.00      0.00      0.00      0.00    100.00
01:45:45         34      0.00      0.00      0.00      0.00      0.00    100.00
01:45:45         35      0.00      0.00      0.00      0.00      0.00    100.00
01:45:45         36      0.00      0.00      0.00      0.00      0.00    100.00
01:45:45         37      0.00      0.00      0.00      0.00      0.00    100.00
01:45:45         38      0.00      0.00      0.00      0.00      0.00    100.00
01:45:45         39      0.00      0.00      0.00      0.00      0.00    100.00

01:45:45        CPU     %user     %nice   %system   %iowait    %steal     %idle
01:45:46        all      0.70      0.00      0.15      0.00      0.00     99.15
01:45:46          0      0.00      0.00      0.00      0.00      0.00    100.00
01:45:46          1      0.00      0.00      0.00      0.00      0.00    100.00
01:45:46          2      0.00      0.00      0.99      0.00      0.00     99.01
01:45:46          3      0.00      0.00      0.00      0.00      0.00    100.00
01:45:46          4      0.00      0.00      0.00      0.00      0.00    100.00
01:45:46          5      0.00      0.00      0.00      0.00      0.00    100.00
01:45:46          6      0.00      0.00      0.00      0.00      0.00    100.00
01:45:46          7      0.00      0.00      0.00      0.00      0.00    100.00
01:45:46          8      0.00      0.00      0.00      0.00      0.00    100.00
01:45:46          9      0.00      0.00      0.00      0.00      0.00    100.00
01:45:46         10     23.76      0.00      1.98      0.00      0.00     74.26
01:45:46         11      0.00      0.00      0.00      0.00      0.00    100.00
01:45:46         12      0.00      0.00      0.00      0.00      0.00    100.00
01:45:46         13      0.00      0.00      0.00      0.00      0.00    100.00
01:45:46         14      0.00      0.00      0.00      0.00      0.00    100.00
01:45:46         15      0.00      0.00      0.99      0.00      0.00     99.01
01:45:46         16      0.00      0.00      0.00      0.00      0.00    100.00
01:45:46         17      0.00      0.00      0.00      0.00      0.00    100.00
01:45:46         18      0.00      0.00      0.00      0.00      0.00    100.00
01:45:46         19      0.00      0.00      0.00      0.00      0.00    100.00
01:45:46         20      0.00      0.00      0.00      0.00      0.00    100.00
01:45:46         21      0.00      0.00      0.00      0.00      0.00    100.00
01:45:46         22      0.00      0.00      0.00      0.00      0.00    100.00
01:45:46         23      0.00      0.00      0.00      0.00      0.00    100.00
01:45:46         24      1.98      0.00      0.99      0.00      0.00     97.03
01:45:46         25      1.00      0.00      0.00      0.00      0.00     99.00
01:45:46         26      0.00      0.00      0.00      0.00      0.00    100.00
01:45:46         27      0.00      0.00      0.00      0.00      0.00    100.00
01:45:46         28      0.00      0.00      0.00      0.00      0.00    100.00
01:45:46         29      0.00      0.00      0.00      0.00      0.00    100.00
01:45:46         30      0.00      0.00      0.00      0.00      0.00    100.00
01:45:46         31      0.00      0.00      0.99      0.00      0.00     99.01
01:45:46         32      0.00      0.00      0.00      0.00      0.00    100.00
01:45:46         33      0.00      0.00      0.00      0.00      0.00    100.00
01:45:46         34      0.00      0.00      0.00      0.00      0.00    100.00
01:45:46         35      0.00      0.00      0.00      0.00      0.00    100.00
01:45:46         36      0.00      0.00      0.00      0.00      0.00    100.00
01:45:46         37      0.00      0.00      0.00      0.00      0.00    100.00
01:45:46         38      0.99      0.00      0.00      0.00      0.00     99.01
01:45:46         39      0.00      0.00      0.00      0.00      0.00    100.00
