Linux 6.6.23 (eternity1) 	05/24/25 	_x86_64_	(40 CPU)

01:48:11    kbmemfree   kbavail kbmemused  %memused kbbuffers  kbcached  kbcommit   %commit  kbactive   kbinact   kbdirty
01:48:12     63820720  63653468   1788148      2.73         0    394584   2965888      4.45     60808    677096      6852
01:48:13     63820348  63653096   1788520      2.73         0    394584   2965888      4.45     60796    675748      6856
01:48:14     63820484  63653232   1788384      2.73         0    394588   2965888      4.45     60796    675748      6860
01:48:15     63820308  63653056   1788560      2.73         0    394592   2965888      4.45     60796    675748      6864
01:48:16     63820316  63653068   1788552      2.73         0    394600   2965888      4.45     60800    675748      6884
01:48:17     63820316  63653068   1788552      2.73         0    394604   2965888      4.45     60800    675748      6888
01:48:18     63820316  63653068   1788552      2.73         0    394608   2965888      4.45     60800    675748      6892
01:48:19     63820316  63653068   1788552      2.73         0    394612   2965888      4.45     60800    675748      6896
01:48:20     63819344  63652096   1789524      2.73         0    394620   2965888      4.45     60800    675748      6904
01:48:21     63819252  63652008   1789616      2.73         0    394628   2965888      4.45     60800    675648      6912
01:48:22     63819924  63652680   1788944      2.73         0    394628   2965888      4.45     60800    675764      2360
01:48:23     63819924  63652680   1788944      2.73         0    394632   2965888      4.45     60800    675824      2368
01:48:24     63820164  63652924   1788704      2.73         0    394636   2965888      4.45     60800    675764      2372
01:48:25     63797320  63630112   1811548      2.76         0    394648   2989996      4.49     60808    697264      2376
01:48:26     63797256  63630292   1811612      2.76         0    394836   2989256      4.49     60892    697200      4592
01:48:27     63817220  63650344   1791648      2.73         0    394904   2965340      4.45     60896    675484      3068
01:48:28     63817220  63650344   1791648      2.73         0    394908   2965340      4.45     60896    675484      3076
01:48:29     63817220  63650344   1791648      2.73         0    394912   2965340      4.45     60896    675484      3080
01:48:30     63817356  63650480   1791512      2.73         0    394916   2965340      4.45     60896    675484      3084
01:48:31     63817688  63650812   1791180      2.73         0    394924   2965340      4.45     60896    675484      3096
01:48:32     63817688  63650812   1791180      2.73         0    394928   2965340      4.45     60896    675484      3100
01:48:33     63817688  63650812   1791180      2.73         0    394928   2965340      4.45     60896    675484      3100
01:48:34     63817812  63650936   1791056      2.73         0    394936   2965340      4.45     60896    675484      3108
01:48:35     63817812  63650936   1791056      2.73         0    394940   2965340      4.45     60896    675484      3112
01:48:36     63817812  63650936   1791056      2.73         0    394940   2965340      4.45     60896    675484      3112
01:48:37     63818228  63651448   1790640      2.73         0    395000   2969740      4.46     60944    678644      3124
01:48:38     63818160  63651380   1790708      2.73         0    395000   2965340      4.45     60924    675536      3124
01:48:39     63818160  63651380   1790708      2.73         0    395008   2965340      4.45     60924    675536      3132
01:48:40     63818160  63651380   1790708      2.73         0    395012   2965340      4.45     60924    675536      3136
01:48:41     63817668  63650888   1791200      2.73         0    395020   2965340      4.45     60924    675536      3144
01:48:42     63817684  63650904   1791184      2.73         0    395024   2965340      4.45     60924    675536       668
01:48:43     63817684  63650904   1791184      2.73         0    395028   2965340      4.45     60924    675536       676
01:48:44     63817684  63650904   1791184      2.73         0    395028   2965340      4.45     60924    675536       676
01:48:45     63817684  63650904   1791184      2.73         0    395028   2965340      4.45     60924    675536       676
01:48:46     63817684  63650904   1791184      2.73         0    395028   2965340      4.45     60924    675536       676
01:48:47     63817684  63650904   1791184      2.73         0    395028   2965888      4.45     60924    675972       676
01:48:48     63797428  63630700   1811440      2.76         0    395056   2988024      4.49     60940    696240      1972
01:48:49     63797772  63631124   1811096      2.76         0    395172   2989336      4.49     61024    697708      3148
