Linux 6.6.23 (eternity2) 	05/24/25 	_x86_64_	(40 CPU)

01:48:22        CPU     %user     %nice   %system   %iowait    %steal     %idle
01:48:23        all      2.10      0.00      0.63      0.73      0.00     96.55
01:48:23          0      0.00      0.00      0.00      0.00      0.00    100.00
01:48:23          1      7.92      0.00      0.99     11.88      0.00     79.21
01:48:23          2      0.00      0.00      2.00      5.00      0.00     93.00
01:48:23          3      0.00      0.00      1.01      0.00      0.00     98.99
01:48:23          4      0.00      0.00      1.00      2.00      0.00     97.00
01:48:23          5      0.00      0.00      1.00      0.00      0.00     99.00
01:48:23          6      0.00      0.00      0.00      0.00      0.00    100.00
01:48:23          7      2.97      0.00      2.97      6.93      0.00     87.13
01:48:23          8      1.01      0.00      0.00      2.02      0.00     96.97
01:48:23          9      1.00      0.00      0.00      1.00      0.00     98.00
01:48:23         10      0.00      0.00      0.00      0.00      0.00    100.00
01:48:23         11      0.00      0.00      0.00      0.00      0.00    100.00
01:48:23         12     38.38      0.00      3.03      0.00      0.00     58.59
01:48:23         13     10.10      0.00      2.02      0.00      0.00     87.88
01:48:23         14      2.00      0.00      0.00      0.00      0.00     98.00
01:48:23         15      1.01      0.00      0.00      0.00      0.00     98.99
01:48:23         16      0.00      0.00      1.00      0.00      0.00     99.00
01:48:23         17      0.00      0.00      0.00      0.00      0.00    100.00
01:48:23         18      0.00      0.00      1.01      0.00      0.00     98.99
01:48:23         19      0.00      0.00      0.00      0.00      0.00    100.00
01:48:23         20      0.00      0.00      0.00      0.00      0.00    100.00
01:48:23         21      0.00      0.00      0.00      0.00      0.00    100.00
01:48:23         22      0.00      0.00      0.00      0.00      0.00    100.00
01:48:23         23      0.00      0.00      0.00      0.00      0.00    100.00
01:48:23         24      0.00      0.00      0.00      0.00      0.00    100.00
01:48:23         25      0.00      0.00      0.00      0.00      0.00    100.00
01:48:23         26      0.00      0.00      0.99      0.00      0.00     99.01
01:48:23         27      0.00      0.00      0.99      0.00      0.00     99.01
01:48:23         28      0.00      0.00      0.00      0.00      0.00    100.00
01:48:23         29      0.00      0.00      0.00      0.00      0.00    100.00
01:48:23         30      0.98      0.00      1.96      0.00      0.00     97.06
01:48:23         31      6.00      0.00      1.00      0.00      0.00     93.00
01:48:23         32      8.08      0.00      1.01      0.00      0.00     90.91
01:48:23         33      0.00      0.00      0.00      0.00      0.00    100.00
01:48:23         34      5.00      0.00      0.00      0.00      0.00     95.00
01:48:23         35      0.00      0.00      0.99      0.00      0.00     99.01
01:48:23         36      0.00      0.00      0.00      0.00      0.00    100.00
01:48:23         37      0.00      0.00      0.00      0.00      0.00    100.00
01:48:23         38      0.00      0.00      0.00      0.00      0.00    100.00
01:48:23         39      1.00      0.00      0.00      0.00      0.00     99.00

01:48:23        CPU     %user     %nice   %system   %iowait    %steal     %idle
01:48:24        all      1.83      0.00      0.40      0.08      0.00     97.70
01:48:24          0      0.00      0.00      1.00      0.00      0.00     99.00
01:48:24          1      0.00      0.00      1.01      0.00      0.00     98.99
01:48:24          2      1.00      0.00      1.00      0.00      0.00     98.00
01:48:24          3      1.00      0.00      0.00      0.00      0.00     99.00
01:48:24          4      0.00      0.00      0.00      0.00      0.00    100.00
01:48:24          5      0.00      0.00      1.00      0.00      0.00     99.00
01:48:24          6      0.00      0.00      0.00      0.00      0.00    100.00
01:48:24          7      1.00      0.00      0.00      0.00      0.00     99.00
01:48:24          8      0.00      0.00      0.99      0.00      0.00     99.01
01:48:24          9      0.00      0.00      0.00      0.00      0.00    100.00
01:48:24         10      1.00      0.00      0.00      0.00      0.00     99.00
01:48:24         11      0.00      0.00      0.00      2.00      0.00     98.00
01:48:24         12      1.00      0.00      0.00      0.00      0.00     99.00
01:48:24         13     40.00      0.00      6.00      0.00      0.00     54.00
01:48:24         14      1.00      0.00      0.00      0.00      0.00     99.00
01:48:24         15      0.00      0.00      0.00      1.00      0.00     99.00
01:48:24         16      0.00      0.00      1.00      1.00      0.00     98.00
01:48:24         17      0.99      0.00      0.00      0.00      0.00     99.01
01:48:24         18      0.00      0.00      0.00      0.00      0.00    100.00
01:48:24         19      0.00      0.00      0.00      0.00      0.00    100.00
01:48:24         20      0.00      0.00      0.00      0.00      0.00    100.00
01:48:24         21      0.00      0.00      0.00      0.00      0.00    100.00
01:48:24         22      0.00      0.00      0.99      0.00      0.00     99.01
01:48:24         23      0.00      0.00      0.00      0.00      0.00    100.00
01:48:24         24      1.00      0.00      0.00      0.00      0.00     99.00
01:48:24         25      0.00      0.00      0.00      0.00      0.00    100.00
01:48:24         26      0.00      0.00      1.01      0.00      0.00     98.99
01:48:24         27      0.00      0.00      0.00      0.00      0.00    100.00
01:48:24         28      1.00      0.00      0.00      0.00      0.00     99.00
01:48:24         29      0.00      0.00      0.00      0.00      0.00    100.00
01:48:24         30      0.00      0.00      0.00      0.00      0.00    100.00
01:48:24         31      0.00      0.00      0.00      0.00      0.00    100.00
01:48:24         32      0.00      0.00      0.00      0.00      0.00    100.00
01:48:24         33      4.00      0.00      1.00      0.00      0.00     95.00
01:48:24         34      0.00      0.00      0.00      0.00      0.00    100.00
01:48:24         35      0.00      0.00      0.00      0.00      0.00    100.00
01:48:24         36      0.00      0.00      0.00      0.00      0.00    100.00
01:48:24         37      0.00      0.00      0.00      0.00      0.00    100.00
01:48:24         38      0.00      0.00      0.00      0.00      0.00    100.00
01:48:24         39     22.00      0.00      1.00      0.00      0.00     77.00

01:48:24        CPU     %user     %nice   %system   %iowait    %steal     %idle
01:48:25        all      1.20      0.00      0.35      0.00      0.00     98.45
01:48:25          0      0.00      0.00      1.00      0.00      0.00     99.00
01:48:25          1      0.00      0.00      0.00      0.00      0.00    100.00
01:48:25          2      0.99      0.00      0.00      0.00      0.00     99.01
01:48:25          3      0.00      0.00      1.00      0.00      0.00     99.00
01:48:25          4      0.00      0.00      0.00      0.00      0.00    100.00
01:48:25          5      0.00      0.00      0.00      0.00      0.00    100.00
01:48:25          6      0.00      0.00      0.00      0.00      0.00    100.00
01:48:25          7      0.00      0.00      0.99      0.00      0.00     99.01
01:48:25          8      0.00      0.00      0.00      0.00      0.00    100.00
01:48:25          9      0.00      0.00      1.01      0.00      0.00     98.99
01:48:25         10      3.00      0.00      2.00      0.00      0.00     95.00
01:48:25         11      0.00      0.00      0.00      0.00      0.00    100.00
01:48:25         12      0.00      0.00      0.00      0.00      0.00    100.00
01:48:25         13      0.99      0.00      1.98      0.00      0.00     97.03
01:48:25         14      0.00      0.00      0.00      0.00      0.00    100.00
01:48:25         15      0.00      0.00      0.00      0.00      0.00    100.00
01:48:25         16      0.99      0.00      0.99      0.00      0.00     98.02
01:48:25         17      0.00      0.00      0.00      0.00      0.00    100.00
01:48:25         18      0.00      0.00      0.00      0.00      0.00    100.00
01:48:25         19      0.00      0.00      0.00      0.00      0.00    100.00
01:48:25         20      0.00      0.00      0.00      0.00      0.00    100.00
01:48:25         21      0.00      0.00      0.00      0.00      0.00    100.00
01:48:25         22      0.00      0.00      0.00      0.00      0.00    100.00
01:48:25         23      0.00      0.00      0.00      0.00      0.00    100.00
01:48:25         24      0.00      0.00      0.00      0.00      0.00    100.00
01:48:25         25      0.00      0.00      0.00      0.00      0.00    100.00
01:48:25         26      0.00      0.00      0.00      0.00      0.00    100.00
01:48:25         27      0.00      0.00      0.99      0.00      0.00     99.01
01:48:25         28      0.00      0.00      0.00      0.00      0.00    100.00
01:48:25         29      0.00      0.00      0.00      0.00      0.00    100.00
01:48:25         30      3.03      0.00      0.00      0.00      0.00     96.97
01:48:25         31      0.00      0.00      0.00      0.00      0.00    100.00
01:48:25         32      0.00      0.00      0.00      0.00      0.00    100.00
01:48:25         33      0.00      0.00      0.00      0.00      0.00    100.00
01:48:25         34      0.00      0.00      0.00      0.00      0.00    100.00
01:48:25         35      0.00      0.00      0.00      0.00      0.00    100.00
01:48:25         36      0.00      0.00      0.00      0.00      0.00    100.00
01:48:25         37      0.00      0.00      1.98      0.00      0.00     98.02
01:48:25         38      0.00      0.00      0.00      0.00      0.00    100.00
01:48:25         39     37.37      0.00      5.05      0.00      0.00     57.58

01:48:25        CPU     %user     %nice   %system   %iowait    %steal     %idle
01:48:26        all      0.00      0.00      0.03      0.00      0.00     99.98
01:48:26          0      0.00      0.00      0.00      0.00      0.00    100.00
01:48:26          1      0.00      0.00      0.00      0.00      0.00    100.00
01:48:26          2      0.00      0.00      0.00      0.00      0.00    100.00
01:48:26          3      0.00      0.00      0.00      0.00      0.00    100.00
01:48:26          4      0.00      0.00      0.00      0.00      0.00    100.00
01:48:26          5      0.00      0.00      0.00      0.00      0.00    100.00
01:48:26          6      0.00      0.00      0.00      0.00      0.00    100.00
01:48:26          7      0.00      0.00      0.00      0.00      0.00    100.00
01:48:26          8      0.00      0.00      0.00      0.00      0.00    100.00
01:48:26          9      0.00      0.00      0.00      0.00      0.00    100.00
01:48:26         10      0.00      0.00      0.00      0.00      0.00    100.00
01:48:26         11      0.00      0.00      0.00      0.00      0.00    100.00
01:48:26         12      0.00      0.00      0.00      0.00      0.00    100.00
01:48:26         13      0.00      0.00      0.00      0.00      0.00    100.00
01:48:26         14      0.00      0.00      0.00      0.00      0.00    100.00
01:48:26         15      0.00      0.00      0.00      0.00      0.00    100.00
01:48:26         16      0.00      0.00      0.00      0.00      0.00    100.00
01:48:26         17      0.00      0.00      0.00      0.00      0.00    100.00
01:48:26         18      0.00      0.00      0.00      0.00      0.00    100.00
01:48:26         19      0.00      0.00      0.00      0.00      0.00    100.00
01:48:26         20      0.00      0.00      0.00      0.00      0.00    100.00
01:48:26         21      0.00      0.00      0.00      0.00      0.00    100.00
01:48:26         22      0.00      0.00      0.00      0.00      0.00    100.00
01:48:26         23      0.00      0.00      0.00      0.00      0.00    100.00
01:48:26         24      0.00      0.00      0.00      0.00      0.00    100.00
01:48:26         25      0.00      0.00      0.00      0.00      0.00    100.00
01:48:26         26      0.00      0.00      0.00      0.00      0.00    100.00
01:48:26         27      0.00      0.00      0.00      0.00      0.00    100.00
01:48:26         28      0.00      0.00      0.00      0.00      0.00    100.00
01:48:26         29      0.00      0.00      0.00      0.00      0.00    100.00
01:48:26         30      0.00      0.00      0.00      0.00      0.00    100.00
01:48:26         31      0.00      0.00      0.00      0.00      0.00    100.00
01:48:26         32      0.00      0.00      0.00      0.00      0.00    100.00
01:48:26         33      0.00      0.00      0.00      0.00      0.00    100.00
01:48:26         34      0.00      0.00      0.00      0.00      0.00    100.00
01:48:26         35      0.00      0.00      0.00      0.00      0.00    100.00
01:48:26         36      0.00      0.00      0.00      0.00      0.00    100.00
01:48:26         37      0.00      0.00      0.00      0.00      0.00    100.00
01:48:26         38      0.00      0.00      0.00      0.00      0.00    100.00
01:48:26         39      0.00      0.00      0.00      0.00      0.00    100.00

01:48:26        CPU     %user     %nice   %system   %iowait    %steal     %idle
01:48:27        all      0.00      0.00      0.00      0.00      0.00    100.00
01:48:27          0      0.00      0.00      0.00      0.00      0.00    100.00
01:48:27          1      0.00      0.00      0.00      0.00      0.00    100.00
01:48:27          2      0.00      0.00      0.00      0.00      0.00    100.00
01:48:27          3      0.00      0.00      0.00      0.00      0.00    100.00
01:48:27          4      0.00      0.00      0.00      0.00      0.00    100.00
01:48:27          5      0.00      0.00      0.00      0.00      0.00    100.00
01:48:27          6      0.00      0.00      0.00      0.00      0.00    100.00
01:48:27          7      0.00      0.00      0.00      0.00      0.00    100.00
01:48:27          8      0.00      0.00      0.00      0.00      0.00    100.00
01:48:27          9      0.00      0.00      0.00      0.00      0.00    100.00
01:48:27         10      0.00      0.00      0.00      0.00      0.00    100.00
01:48:27         11      0.00      0.00      0.00      0.00      0.00    100.00
01:48:27         12      0.00      0.00      0.00      0.00      0.00    100.00
01:48:27         13      0.00      0.00      0.00      0.00      0.00    100.00
01:48:27         14      0.00      0.00      0.00      0.00      0.00    100.00
01:48:27         15      0.00      0.00      0.00      0.00      0.00    100.00
01:48:27         16      0.00      0.00      0.00      0.00      0.00    100.00
01:48:27         17      0.00      0.00      0.00      0.00      0.00    100.00
01:48:27         18      0.00      0.00      0.00      0.00      0.00    100.00
01:48:27         19      0.00      0.00      0.00      0.00      0.00    100.00
01:48:27         20      0.00      0.00      0.00      0.00      0.00    100.00
01:48:27         21      0.00      0.00      0.00      0.00      0.00    100.00
01:48:27         22      0.00      0.00      0.00      0.00      0.00    100.00
01:48:27         23      0.00      0.00      0.00      0.00      0.00    100.00
01:48:27         24      0.00      0.00      0.00      0.00      0.00    100.00
01:48:27         25      0.00      0.00      0.00      0.00      0.00    100.00
01:48:27         26      0.00      0.00      0.00      0.00      0.00    100.00
01:48:27         27      0.00      0.00      0.00      0.00      0.00    100.00
01:48:27         28      0.00      0.00      0.00      0.00      0.00    100.00
01:48:27         29      0.00      0.00      0.00      0.00      0.00    100.00
01:48:27         30      0.00      0.00      0.00      0.00      0.00    100.00
01:48:27         31      0.00      0.00      0.00      0.00      0.00    100.00
01:48:27         32      0.00      0.00      0.00      0.00      0.00    100.00
01:48:27         33      0.00      0.00      0.00      0.00      0.00    100.00
01:48:27         34      0.00      0.00      0.00      0.00      0.00    100.00
01:48:27         35      0.00      0.00      0.00      0.00      0.00    100.00
01:48:27         36      0.00      0.00      0.00      0.00      0.00    100.00
01:48:27         37      0.00      0.00      0.00      0.00      0.00    100.00
01:48:27         38      0.00      0.00      0.00      0.00      0.00    100.00
01:48:27         39      0.00      0.00      0.00      0.00      0.00    100.00

01:48:27        CPU     %user     %nice   %system   %iowait    %steal     %idle
01:48:28        all      0.00      0.00      0.00      0.00      0.00    100.00
01:48:28          0      0.00      0.00      0.00      0.00      0.00    100.00
01:48:28          1      0.00      0.00      0.00      0.00      0.00    100.00
01:48:28          2      0.00      0.00      0.00      0.00      0.00    100.00
01:48:28          3      0.00      0.00      0.00      0.00      0.00    100.00
01:48:28          4      0.00      0.00      0.00      0.00      0.00    100.00
01:48:28          5      0.00      0.00      0.00      0.00      0.00    100.00
01:48:28          6      0.00      0.00      0.00      0.00      0.00    100.00
01:48:28          7      0.00      0.00      0.00      0.00      0.00    100.00
01:48:28          8      0.00      0.00      0.00      0.00      0.00    100.00
01:48:28          9      0.00      0.00      0.00      0.00      0.00    100.00
01:48:28         10      0.00      0.00      0.00      0.00      0.00    100.00
01:48:28         11      0.00      0.00      0.00      0.00      0.00    100.00
01:48:28         12      0.00      0.00      0.00      0.00      0.00    100.00
01:48:28         13      0.00      0.00      0.00      0.00      0.00    100.00
01:48:28         14      0.00      0.00      0.00      0.00      0.00    100.00
01:48:28         15      0.00      0.00      0.00      0.00      0.00    100.00
01:48:28         16      0.00      0.00      0.00      0.00      0.00    100.00
01:48:28         17      0.00      0.00      0.00      0.00      0.00    100.00
01:48:28         18      0.00      0.00      0.00      0.00      0.00    100.00
01:48:28         19      0.00      0.00      0.00      0.00      0.00    100.00
01:48:28         20      0.00      0.00      0.00      0.00      0.00    100.00
01:48:28         21      0.00      0.00      0.00      0.00      0.00    100.00
01:48:28         22      0.00      0.00      0.00      0.00      0.00    100.00
01:48:28         23      0.00      0.00      0.00      0.00      0.00    100.00
01:48:28         24      0.00      0.00      0.00      0.00      0.00    100.00
01:48:28         25      0.00      0.00      0.00      0.00      0.00    100.00
01:48:28         26      0.00      0.00      0.00      0.00      0.00    100.00
01:48:28         27      0.00      0.00      0.00      0.00      0.00    100.00
01:48:28         28      0.00      0.00      0.00      0.00      0.00    100.00
01:48:28         29      0.00      0.00      0.00      0.00      0.00    100.00
01:48:28         30      0.00      0.00      0.00      0.00      0.00    100.00
01:48:28         31      0.00      0.00      0.00      0.00      0.00    100.00
01:48:28         32      0.00      0.00      0.00      0.00      0.00    100.00
01:48:28         33      0.00      0.00      0.00      0.00      0.00    100.00
01:48:28         34      0.00      0.00      0.00      0.00      0.00    100.00
01:48:28         35      0.00      0.00      0.00      0.00      0.00    100.00
01:48:28         36      0.00      0.00      0.00      0.00      0.00    100.00
01:48:28         37      0.00      0.00      0.00      0.00      0.00    100.00
01:48:28         38      0.00      0.00      0.00      0.00      0.00    100.00
01:48:28         39      0.00      0.00      0.00      0.00      0.00    100.00

01:48:28        CPU     %user     %nice   %system   %iowait    %steal     %idle
01:48:29        all      0.00      0.00      0.03      0.05      0.00     99.92
01:48:29          0      0.00      0.00      0.00      0.00      0.00    100.00
01:48:29          1      0.00      0.00      0.00      0.00      0.00    100.00
01:48:29          2      0.00      0.00      0.00      0.00      0.00    100.00
01:48:29          3      0.00      0.00      0.00      0.00      0.00    100.00
01:48:29          4      0.00      0.00      0.00      0.00      0.00    100.00
01:48:29          5      0.00      0.00      0.00      0.00      0.00    100.00
01:48:29          6      0.00      0.00      0.00      0.00      0.00    100.00
01:48:29          7      0.00      0.00      0.00      0.00      0.00    100.00
01:48:29          8      0.00      0.00      0.00      0.00      0.00    100.00
01:48:29          9      0.00      0.00      0.00      0.00      0.00    100.00
01:48:29         10      0.00      0.00      0.00      0.00      0.00    100.00
01:48:29         11      0.00      0.00      0.00      0.00      0.00    100.00
01:48:29         12      0.00      0.00      0.00      0.00      0.00    100.00
01:48:29         13      0.00      0.00      0.00      0.00      0.00    100.00
01:48:29         14      0.00      0.00      1.00      1.00      0.00     98.00
01:48:29         15      0.00      0.00      0.00      0.00      0.00    100.00
01:48:29         16      0.00      0.00      0.00      0.00      0.00    100.00
01:48:29         17      0.00      0.00      0.00      0.00      0.00    100.00
01:48:29         18      0.00      0.00      0.00      0.00      0.00    100.00
01:48:29         19      0.00      0.00      0.00      0.00      0.00    100.00
01:48:29         20      0.00      0.00      0.00      0.00      0.00    100.00
01:48:29         21      0.00      0.00      0.00      0.00      0.00    100.00
01:48:29         22      0.00      0.00      0.00      0.00      0.00    100.00
01:48:29         23      0.00      0.00      0.00      0.00      0.00    100.00
01:48:29         24      0.00      0.00      0.00      0.00      0.00    100.00
01:48:29         25      0.00      0.00      0.00      0.00      0.00    100.00
01:48:29         26      0.00      0.00      0.00      0.00      0.00    100.00
01:48:29         27      0.00      0.00      0.00      0.00      0.00    100.00
01:48:29         28      0.00      0.00      0.00      0.00      0.00    100.00
01:48:29         29      0.00      0.00      0.00      0.00      0.00    100.00
01:48:29         30      0.00      0.00      0.00      0.00      0.00    100.00
01:48:29         31      0.00      0.00      0.00      0.00      0.00    100.00
01:48:29         32      0.00      0.00      0.00      0.00      0.00    100.00
01:48:29         33      0.00      0.00      0.00      0.00      0.00    100.00
01:48:29         34      0.00      0.00      0.00      0.00      0.00    100.00
01:48:29         35      0.00      0.00      0.00      0.00      0.00    100.00
01:48:29         36      0.00      0.00      0.00      0.00      0.00    100.00
01:48:29         37      0.00      0.00      0.00      0.00      0.00    100.00
01:48:29         38      0.00      0.00      0.00      0.00      0.00    100.00
01:48:29         39      0.00      0.00      0.00      0.00      0.00    100.00

01:48:29        CPU     %user     %nice   %system   %iowait    %steal     %idle
01:48:30        all      0.00      0.00      0.00      0.00      0.00    100.00
01:48:30          0      0.00      0.00      0.00      0.00      0.00    100.00
01:48:30          1      0.00      0.00      0.00      0.00      0.00    100.00
01:48:30          2      0.00      0.00      0.00      0.00      0.00    100.00
01:48:30          3      0.00      0.00      0.00      0.00      0.00    100.00
01:48:30          4      0.00      0.00      0.00      0.00      0.00    100.00
01:48:30          5      0.00      0.00      0.00      0.00      0.00    100.00
01:48:30          6      0.00      0.00      0.00      0.00      0.00    100.00
01:48:30          7      0.00      0.00      0.00      0.00      0.00    100.00
01:48:30          8      0.00      0.00      0.00      0.00      0.00    100.00
01:48:30          9      0.00      0.00      0.00      0.00      0.00    100.00
01:48:30         10      0.00      0.00      0.00      0.00      0.00    100.00
01:48:30         11      0.00      0.00      0.00      0.00      0.00    100.00
01:48:30         12      0.00      0.00      0.00      0.00      0.00    100.00
01:48:30         13      1.00      0.00      0.00      0.00      0.00     99.00
01:48:30         14      0.00      0.00      0.00      0.00      0.00    100.00
01:48:30         15      0.00      0.00      0.00      0.00      0.00    100.00
01:48:30         16      0.00      0.00      0.00      0.00      0.00    100.00
01:48:30         17      0.00      0.00      0.00      0.00      0.00    100.00
01:48:30         18      0.00      0.00      0.00      0.00      0.00    100.00
01:48:30         19      0.00      0.00      0.00      0.00      0.00    100.00
01:48:30         20      0.00      0.00      0.00      0.00      0.00    100.00
01:48:30         21      0.00      0.00      0.00      0.00      0.00    100.00
01:48:30         22      0.00      0.00      0.00      0.00      0.00    100.00
01:48:30         23      0.00      0.00      0.00      0.00      0.00    100.00
01:48:30         24      0.00      0.00      0.00      0.00      0.00    100.00
01:48:30         25      0.00      0.00      0.00      0.00      0.00    100.00
01:48:30         26      0.00      0.00      0.00      0.00      0.00    100.00
01:48:30         27      0.00      0.00      0.00      0.00      0.00    100.00
01:48:30         28      0.00      0.00      0.00      0.00      0.00    100.00
01:48:30         29      0.00      0.00      0.00      0.00      0.00    100.00
01:48:30         30      0.00      0.00      0.00      0.00      0.00    100.00
01:48:30         31      0.00      0.00      0.00      0.00      0.00    100.00
01:48:30         32      0.00      0.00      0.00      0.00      0.00    100.00
01:48:30         33      0.00      0.00      0.00      0.00      0.00    100.00
01:48:30         34      0.00      0.00      0.00      0.00      0.00    100.00
01:48:30         35      0.00      0.00      0.00      0.00      0.00    100.00
01:48:30         36      0.00      0.00      0.00      0.00      0.00    100.00
01:48:30         37      0.00      0.00      0.00      0.00      0.00    100.00
01:48:30         38      0.00      0.00      0.00      0.00      0.00    100.00
01:48:30         39      0.00      0.00      0.00      0.00      0.00    100.00

01:48:30        CPU     %user     %nice   %system   %iowait    %steal     %idle
01:48:31        all      0.00      0.00      0.00      0.00      0.00    100.00
01:48:31          0      0.00      0.00      0.00      0.00      0.00    100.00
01:48:31          1      0.00      0.00      0.00      0.00      0.00    100.00
01:48:31          2      0.00      0.00      0.00      0.00      0.00    100.00
01:48:31          3      0.00      0.00      0.00      0.00      0.00    100.00
01:48:31          4      0.00      0.00      0.00      0.00      0.00    100.00
01:48:31          5      0.00      0.00      0.00      0.00      0.00    100.00
01:48:31          6      0.00      0.00      0.00      0.00      0.00    100.00
01:48:31          7      0.00      0.00      0.00      0.00      0.00    100.00
01:48:31          8      0.00      0.00      0.00      0.00      0.00    100.00
01:48:31          9      0.00      0.00      0.00      0.00      0.00    100.00
01:48:31         10      0.00      0.00      0.00      0.00      0.00    100.00
01:48:31         11      0.00      0.00      0.00      0.00      0.00    100.00
01:48:31         12      0.00      0.00      0.00      0.00      0.00    100.00
01:48:31         13      0.00      0.00      0.00      0.00      0.00    100.00
01:48:31         14      0.00      0.00      0.00      0.00      0.00    100.00
01:48:31         15      0.00      0.00      0.00      0.00      0.00    100.00
01:48:31         16      0.00      0.00      0.00      0.00      0.00    100.00
01:48:31         17      0.00      0.00      0.00      0.00      0.00    100.00
01:48:31         18      0.00      0.00      0.00      0.00      0.00    100.00
01:48:31         19      0.00      0.00      0.00      0.00      0.00    100.00
01:48:31         20      0.00      0.00      0.00      0.00      0.00    100.00
01:48:31         21      0.00      0.00      0.00      0.00      0.00    100.00
01:48:31         22      0.00      0.00      0.00      0.00      0.00    100.00
01:48:31         23      0.00      0.00      0.00      0.00      0.00    100.00
01:48:31         24      0.00      0.00      0.00      0.00      0.00    100.00
01:48:31         25      0.00      0.00      0.00      0.00      0.00    100.00
01:48:31         26      0.00      0.00      0.00      0.00      0.00    100.00
01:48:31         27      0.00      0.00      0.00      0.00      0.00    100.00
01:48:31         28      0.00      0.00      0.00      0.00      0.00    100.00
01:48:31         29      0.00      0.00      0.00      0.00      0.00    100.00
01:48:31         30      0.00      0.00      0.00      0.00      0.00    100.00
01:48:31         31      0.00      0.00      0.00      0.00      0.00    100.00
01:48:31         32      0.00      0.00      0.00      0.00      0.00    100.00
01:48:31         33      0.00      0.00      0.00      0.00      0.00    100.00
01:48:31         34      0.00      0.00      0.00      0.00      0.00    100.00
01:48:31         35      0.00      0.00      0.00      0.00      0.00    100.00
01:48:31         36      0.00      0.00      0.00      0.00      0.00    100.00
01:48:31         37      0.00      0.00      0.00      0.00      0.00    100.00
01:48:31         38      0.00      0.00      0.00      0.00      0.00    100.00
01:48:31         39      0.00      0.00      0.00      0.00      0.00    100.00

01:48:31        CPU     %user     %nice   %system   %iowait    %steal     %idle
01:48:32        all      0.03      0.00      0.00      0.00      0.00     99.98
01:48:32          0      0.00      0.00      0.00      0.00      0.00    100.00
01:48:32          1      0.00      0.00      0.00      0.00      0.00    100.00
01:48:32          2      0.00      0.00      0.00      0.00      0.00    100.00
01:48:32          3      0.00      0.00      0.00      0.00      0.00    100.00
01:48:32          4      0.00      0.00      0.00      0.00      0.00    100.00
01:48:32          5      0.00      0.00      0.00      0.00      0.00    100.00
01:48:32          6      0.00      0.00      0.00      0.00      0.00    100.00
01:48:32          7      0.00      0.00      0.00      0.00      0.00    100.00
01:48:32          8      0.00      0.00      0.00      0.00      0.00    100.00
01:48:32          9      0.00      0.00      0.00      0.00      0.00    100.00
01:48:32         10      0.00      0.00      0.00      0.00      0.00    100.00
01:48:32         11      0.00      0.00      0.00      0.00      0.00    100.00
01:48:32         12      0.00      0.00      0.00      0.00      0.00    100.00
01:48:32         13      0.00      0.00      0.00      0.00      0.00    100.00
01:48:32         14      0.00      0.00      0.00      0.00      0.00    100.00
01:48:32         15      0.00      0.00      0.00      0.00      0.00    100.00
01:48:32         16      0.00      0.00      0.00      0.00      0.00    100.00
01:48:32         17      0.00      0.00      0.00      0.00      0.00    100.00
01:48:32         18      0.00      0.00      0.00      0.00      0.00    100.00
01:48:32         19      0.00      0.00      0.00      0.00      0.00    100.00
01:48:32         20      0.00      0.00      0.00      0.00      0.00    100.00
01:48:32         21      0.00      0.00      0.00      0.00      0.00    100.00
01:48:32         22      0.00      0.00      0.00      0.00      0.00    100.00
01:48:32         23      0.00      0.00      0.00      0.00      0.00    100.00
01:48:32         24      0.00      0.00      0.00      0.00      0.00    100.00
01:48:32         25      0.00      0.00      0.00      0.00      0.00    100.00
01:48:32         26      0.00      0.00      0.00      0.00      0.00    100.00
01:48:32         27      0.00      0.00      0.00      0.00      0.00    100.00
01:48:32         28      0.00      0.00      0.00      0.00      0.00    100.00
01:48:32         29      0.00      0.00      0.00      0.00      0.00    100.00
01:48:32         30      0.00      0.00      0.00      0.00      0.00    100.00
01:48:32         31      0.00      0.00      0.00      0.00      0.00    100.00
01:48:32         32      0.00      0.00      0.00      0.00      0.00    100.00
01:48:32         33      0.00      0.00      0.00      0.00      0.00    100.00
01:48:32         34      0.00      0.00      0.00      0.00      0.00    100.00
01:48:32         35      0.00      0.00      0.00      0.00      0.00    100.00
01:48:32         36      0.00      0.00      0.00      0.00      0.00    100.00
01:48:32         37      0.00      0.00      0.00      0.00      0.00    100.00
01:48:32         38      0.00      0.00      0.00      0.00      0.00    100.00
01:48:32         39      0.00      0.00      0.00      0.00      0.00    100.00

01:48:32        CPU     %user     %nice   %system   %iowait    %steal     %idle
01:48:33        all      0.00      0.00      0.00      0.00      0.00    100.00
01:48:33          0      0.00      0.00      0.00      0.00      0.00    100.00
01:48:33          1      0.00      0.00      0.00      0.00      0.00    100.00
01:48:33          2      0.00      0.00      0.00      0.00      0.00    100.00
01:48:33          3      0.00      0.00      0.00      0.00      0.00    100.00
01:48:33          4      0.00      0.00      0.00      0.00      0.00    100.00
01:48:33          5      0.00      0.00      0.00      0.00      0.00    100.00
01:48:33          6      0.00      0.00      0.00      0.00      0.00    100.00
01:48:33          7      0.00      0.00      0.00      0.00      0.00    100.00
01:48:33          8      0.00      0.00      0.00      0.00      0.00    100.00
01:48:33          9      0.00      0.00      0.00      0.00      0.00    100.00
01:48:33         10      0.00      0.00      0.00      0.00      0.00    100.00
01:48:33         11      0.00      0.00      0.00      0.00      0.00    100.00
01:48:33         12      0.00      0.00      0.00      0.00      0.00    100.00
01:48:33         13      0.00      0.00      0.99      0.00      0.00     99.01
01:48:33         14      0.00      0.00      0.00      0.00      0.00    100.00
01:48:33         15      0.00      0.00      0.00      0.00      0.00    100.00
01:48:33         16      0.00      0.00      0.00      0.00      0.00    100.00
01:48:33         17      0.00      0.00      0.00      0.00      0.00    100.00
01:48:33         18      0.00      0.00      0.00      0.00      0.00    100.00
01:48:33         19      0.00      0.00      0.00      0.00      0.00    100.00
01:48:33         20      0.00      0.00      0.00      0.00      0.00    100.00
01:48:33         21      0.00      0.00      0.00      0.00      0.00    100.00
01:48:33         22      0.00      0.00      0.00      0.00      0.00    100.00
01:48:33         23      0.00      0.00      0.00      0.00      0.00    100.00
01:48:33         24      0.00      0.00      0.00      0.00      0.00    100.00
01:48:33         25      0.00      0.00      0.00      0.00      0.00    100.00
01:48:33         26      0.00      0.00      0.00      0.00      0.00    100.00
01:48:33         27      0.00      0.00      0.00      0.00      0.00    100.00
01:48:33         28      0.00      0.00      0.00      0.00      0.00    100.00
01:48:33         29      0.00      0.00      0.00      0.00      0.00    100.00
01:48:33         30      0.00      0.00      0.00      0.00      0.00    100.00
01:48:33         31      0.00      0.00      0.00      0.00      0.00    100.00
01:48:33         32      0.00      0.00      0.00      0.00      0.00    100.00
01:48:33         33      0.00      0.00      0.00      0.00      0.00    100.00
01:48:33         34      0.00      0.00      0.00      0.00      0.00    100.00
01:48:33         35      0.00      0.00      0.00      0.00      0.00    100.00
01:48:33         36      0.00      0.00      0.00      0.00      0.00    100.00
01:48:33         37      0.00      0.00      0.00      0.00      0.00    100.00
01:48:33         38      0.00      0.00      0.00      0.00      0.00    100.00
01:48:33         39      0.00      0.00      0.00      0.00      0.00    100.00

01:48:33        CPU     %user     %nice   %system   %iowait    %steal     %idle
01:48:34        all      0.00      0.00      0.00      0.00      0.00    100.00
01:48:34          0      0.00      0.00      0.00      0.00      0.00    100.00
01:48:34          1      0.00      0.00      0.00      0.00      0.00    100.00
01:48:34          2      0.00      0.00      0.00      0.00      0.00    100.00
01:48:34          3      0.00      0.00      0.00      0.00      0.00    100.00
01:48:34          4      0.00      0.00      0.00      0.00      0.00    100.00
01:48:34          5      0.00      0.00      0.00      0.00      0.00    100.00
01:48:34          6      0.00      0.00      0.00      0.00      0.00    100.00
01:48:34          7      0.00      0.00      0.00      0.00      0.00    100.00
01:48:34          8      0.00      0.00      0.00      0.00      0.00    100.00
01:48:34          9      0.00      0.00      0.00      0.00      0.00    100.00
01:48:34         10      0.00      0.00      0.00      0.00      0.00    100.00
01:48:34         11      0.00      0.00      0.00      0.00      0.00    100.00
01:48:34         12      0.00      0.00      0.00      0.00      0.00    100.00
01:48:34         13      0.00      0.00      0.00      0.00      0.00    100.00
01:48:34         14      0.00      0.00      0.00      0.00      0.00    100.00
01:48:34         15      0.00      0.00      0.00      0.00      0.00    100.00
01:48:34         16      0.00      0.00      0.00      0.00      0.00    100.00
01:48:34         17      0.00      0.00      0.00      0.00      0.00    100.00
01:48:34         18      0.00      0.00      0.00      0.00      0.00    100.00
01:48:34         19      0.00      0.00      0.00      0.00      0.00    100.00
01:48:34         20      0.00      0.00      0.00      0.00      0.00    100.00
01:48:34         21      0.00      0.00      0.00      0.00      0.00    100.00
01:48:34         22      0.00      0.00      0.00      0.00      0.00    100.00
01:48:34         23      0.00      0.00      0.00      0.00      0.00    100.00
01:48:34         24      0.00      0.00      0.00      0.00      0.00    100.00
01:48:34         25      0.00      0.00      0.00      0.00      0.00    100.00
01:48:34         26      0.00      0.00      0.00      0.00      0.00    100.00
01:48:34         27      0.00      0.00      0.00      0.00      0.00    100.00
01:48:34         28      0.00      0.00      0.00      0.00      0.00    100.00
01:48:34         29      0.00      0.00      0.00      0.00      0.00    100.00
01:48:34         30      0.00      0.00      0.00      0.00      0.00    100.00
01:48:34         31      0.00      0.00      0.00      0.00      0.00    100.00
01:48:34         32      0.00      0.00      0.00      0.00      0.00    100.00
01:48:34         33      0.00      0.00      0.00      0.00      0.00    100.00
01:48:34         34      0.00      0.00      0.00      0.00      0.00    100.00
01:48:34         35      0.00      0.00      0.00      0.00      0.00    100.00
01:48:34         36      0.00      0.00      0.00      0.00      0.00    100.00
01:48:34         37      0.00      0.00      0.00      0.00      0.00    100.00
01:48:34         38      0.00      0.00      0.00      0.00      0.00    100.00
01:48:34         39      0.00      0.00      0.00      0.00      0.00    100.00

01:48:34        CPU     %user     %nice   %system   %iowait    %steal     %idle
01:48:35        all      0.03      0.00      0.03      0.00      0.00     99.95
01:48:35          0      0.00      0.00      0.00      0.00      0.00    100.00
01:48:35          1      0.00      0.00      0.00      0.00      0.00    100.00
01:48:35          2      0.00      0.00      0.00      0.00      0.00    100.00
01:48:35          3      0.00      0.00      0.00      0.00      0.00    100.00
01:48:35          4      0.00      0.00      0.00      0.00      0.00    100.00
01:48:35          5      0.00      0.00      0.00      0.00      0.00    100.00
01:48:35          6      0.00      0.00      0.00      0.00      0.00    100.00
01:48:35          7      0.00      0.00      0.00      0.00      0.00    100.00
01:48:35          8      0.00      0.00      0.00      0.00      0.00    100.00
01:48:35          9      0.00      0.00      0.00      0.00      0.00    100.00
01:48:35         10      0.00      0.00      0.00      0.00      0.00    100.00
01:48:35         11      0.00      0.00      0.00      0.00      0.00    100.00
01:48:35         12      0.00      0.00      0.00      0.00      0.00    100.00
01:48:35         13      1.00      0.00      0.00      0.00      0.00     99.00
01:48:35         14      0.00      0.00      0.00      0.00      0.00    100.00
01:48:35         15      0.00      0.00      0.00      0.00      0.00    100.00
01:48:35         16      0.00      0.00      0.00      0.00      0.00    100.00
01:48:35         17      0.00      0.00      0.00      0.00      0.00    100.00
01:48:35         18      0.00      0.00      0.00      0.00      0.00    100.00
01:48:35         19      0.00      0.00      0.00      0.00      0.00    100.00
01:48:35         20      0.00      0.00      0.00      0.00      0.00    100.00
01:48:35         21      0.00      0.00      0.00      0.00      0.00    100.00
01:48:35         22      0.00      0.00      0.00      0.00      0.00    100.00
01:48:35         23      0.00      0.00      0.00      0.00      0.00    100.00
01:48:35         24      0.00      0.00      0.00      0.00      0.00    100.00
01:48:35         25      0.00      0.00      0.00      0.00      0.00    100.00
01:48:35         26      0.00      0.00      0.00      0.00      0.00    100.00
01:48:35         27      0.00      0.00      0.00      0.00      0.00    100.00
01:48:35         28      0.00      0.00      0.00      0.00      0.00    100.00
01:48:35         29      0.00      0.00      0.00      0.00      0.00    100.00
01:48:35         30      0.00      0.00      0.00      0.00      0.00    100.00
01:48:35         31      0.00      0.00      0.00      0.00      0.00    100.00
01:48:35         32      0.00      0.00      0.00      0.00      0.00    100.00
01:48:35         33      0.00      0.00      0.00      0.00      0.00    100.00
01:48:35         34      0.00      0.00      0.00      0.00      0.00    100.00
01:48:35         35      0.00      0.00      0.00      0.00      0.00    100.00
01:48:35         36      0.00      0.00      0.00      0.00      0.00    100.00
01:48:35         37      0.00      0.00      0.00      0.00      0.00    100.00
01:48:35         38      0.00      0.00      0.00      0.00      0.00    100.00
01:48:35         39      0.00      0.00      0.00      0.00      0.00    100.00

01:48:35        CPU     %user     %nice   %system   %iowait    %steal     %idle
01:48:36        all      0.00      0.00      0.00      0.00      0.00    100.00
01:48:36          0      0.00      0.00      0.00      0.00      0.00    100.00
01:48:36          1      0.00      0.00      0.00      0.00      0.00    100.00
01:48:36          2      0.00      0.00      0.00      0.00      0.00    100.00
01:48:36          3      0.00      0.00      0.00      0.00      0.00    100.00
01:48:36          4      0.00      0.00      0.00      0.00      0.00    100.00
01:48:36          5      0.00      0.00      0.00      0.00      0.00    100.00
01:48:36          6      0.00      0.00      0.00      0.00      0.00    100.00
01:48:36          7      0.00      0.00      0.00      0.00      0.00    100.00
01:48:36          8      0.00      0.00      0.00      0.00      0.00    100.00
01:48:36          9      0.00      0.00      0.00      0.00      0.00    100.00
01:48:36         10      0.00      0.00      0.00      0.00      0.00    100.00
01:48:36         11      0.00      0.00      0.00      0.00      0.00    100.00
01:48:36         12      0.00      0.00      0.00      0.00      0.00    100.00
01:48:36         13      0.00      0.00      0.00      0.00      0.00    100.00
01:48:36         14      0.00      0.00      0.00      0.00      0.00    100.00
01:48:36         15      0.00      0.00      0.00      0.00      0.00    100.00
01:48:36         16      0.00      0.00      0.00      0.00      0.00    100.00
01:48:36         17      0.00      0.00      0.00      0.00      0.00    100.00
01:48:36         18      0.00      0.00      0.00      0.00      0.00    100.00
01:48:36         19      0.00      0.00      0.00      0.00      0.00    100.00
01:48:36         20      0.00      0.00      0.00      0.00      0.00    100.00
01:48:36         21      0.00      0.00      0.00      0.00      0.00    100.00
01:48:36         22      0.00      0.00      0.00      0.00      0.00    100.00
01:48:36         23      0.00      0.00      0.00      0.00      0.00    100.00
01:48:36         24      0.00      0.00      0.00      0.00      0.00    100.00
01:48:36         25      0.00      0.00      0.00      0.00      0.00    100.00
01:48:36         26      0.00      0.00      0.00      0.00      0.00    100.00
01:48:36         27      0.00      0.00      0.00      0.00      0.00    100.00
01:48:36         28      0.00      0.00      0.00      0.00      0.00    100.00
01:48:36         29      0.00      0.00      0.00      0.00      0.00    100.00
01:48:36         30      0.00      0.00      0.00      0.00      0.00    100.00
01:48:36         31      0.00      0.00      0.00      0.00      0.00    100.00
01:48:36         32      0.00      0.00      0.00      0.00      0.00    100.00
01:48:36         33      0.00      0.00      0.00      0.00      0.00    100.00
01:48:36         34      0.00      0.00      0.00      0.00      0.00    100.00
01:48:36         35      0.00      0.00      0.00      0.00      0.00    100.00
01:48:36         36      0.00      0.00      0.00      0.00      0.00    100.00
01:48:36         37      0.00      0.00      0.00      0.00      0.00    100.00
01:48:36         38      0.00      0.00      0.00      0.00      0.00    100.00
01:48:36         39      0.00      0.00      0.00      0.00      0.00    100.00

01:48:36        CPU     %user     %nice   %system   %iowait    %steal     %idle
01:48:37        all      2.33      0.00      0.48      0.00      0.00     97.20
01:48:37          0      0.00      0.00      0.00      0.00      0.00    100.00
01:48:37          1      0.99      0.00      0.99      0.00      0.00     98.02
01:48:37          2      0.00      0.00      0.00      0.00      0.00    100.00
01:48:37          3      0.00      0.00      0.00      0.00      0.00    100.00
01:48:37          4      0.99      0.00      0.99      0.00      0.00     98.02
01:48:37          5      0.00      0.00      1.00      0.00      0.00     99.00
01:48:37          6      0.00      0.00      0.00      0.00      0.00    100.00
01:48:37          7      1.00      0.00      0.00      0.00      0.00     99.00
01:48:37          8      1.00      0.00      0.00      0.00      0.00     99.00
01:48:37          9      1.98      0.00      0.99      0.00      0.00     97.03
01:48:37         10      0.00      0.00      0.00      0.00      0.00    100.00
01:48:37         11      0.00      0.00      0.00      0.00      0.00    100.00
01:48:37         12      0.00      0.00      1.00      0.00      0.00     99.00
01:48:37         13      0.00      0.00      0.00      0.00      0.00    100.00
01:48:37         14     17.82      0.00      1.98      0.00      0.00     80.20
01:48:37         15      2.97      0.00      0.99      0.00      0.00     96.04
01:48:37         16      2.02      0.00      1.01      0.00      0.00     96.97
01:48:37         17      0.00      0.00      0.00      0.00      0.00    100.00
01:48:37         18     13.13      0.00      3.03      0.00      0.00     83.84
01:48:37         19      0.00      0.00      0.00      0.00      0.00    100.00
01:48:37         20      2.02      0.00      0.00      0.00      0.00     97.98
01:48:37         21      0.00      0.00      0.00      0.00      0.00    100.00
01:48:37         22      1.01      0.00      1.01      0.00      0.00     97.98
01:48:37         23      0.00      0.00      0.00      0.00      0.00    100.00
01:48:37         24      0.00      0.00      0.00      0.00      0.00    100.00
01:48:37         25      0.00      0.00      0.00      0.00      0.00    100.00
01:48:37         26      0.00      0.00      0.99      0.00      0.00     99.01
01:48:37         27      1.00      0.00      0.00      0.00      0.00     99.00
01:48:37         28      0.00      0.00      0.00      0.00      0.00    100.00
01:48:37         29      0.00      0.00      0.00      0.00      0.00    100.00
01:48:37         30      1.00      0.00      0.00      0.00      0.00     99.00
01:48:37         31      0.00      0.00      0.00      0.00      0.00    100.00
01:48:37         32      0.00      0.00      0.00      0.00      0.00    100.00
01:48:37         33     15.15      0.00      1.01      0.00      0.00     83.84
01:48:37         34      0.00      0.00      1.00      0.00      0.00     99.00
01:48:37         35      0.00      0.00      0.00      0.00      0.00    100.00
01:48:37         36     12.12      0.00      1.01      0.00      0.00     86.87
01:48:37         37      1.00      0.00      0.00      0.00      0.00     99.00
01:48:37         38      1.01      0.00      0.00      0.00      0.00     98.99
01:48:37         39     16.16      0.00      0.00      0.00      0.00     83.84

01:48:37        CPU     %user     %nice   %system   %iowait    %steal     %idle
01:48:38        all      6.23      0.00      1.75      0.30      0.00     91.72
01:48:38          0      1.01      0.00      1.01      0.00      0.00     97.98
01:48:38          1      1.00      0.00      4.00      0.00      0.00     95.00
01:48:38          2     28.00      0.00      6.00      0.00      0.00     66.00
01:48:38          3      4.95      0.00      3.96      0.00      0.00     91.09
01:48:38          4      0.00      0.00      0.00      0.00      0.00    100.00
01:48:38          5      1.98      0.00      1.98      2.97      0.00     93.07
01:48:38          6     13.73      0.00      4.90      0.00      0.00     81.37
01:48:38          7      1.01      0.00      2.02      0.00      0.00     96.97
01:48:38          8      9.18      0.00      2.04      0.00      0.00     88.78
01:48:38          9      1.00      0.00      1.00      0.00      0.00     98.00
01:48:38         10      6.06      0.00      1.01      0.00      0.00     92.93
01:48:38         11      1.00      0.00      1.00      0.00      0.00     98.00
01:48:38         12      0.00      0.00      1.01      0.00      0.00     98.99
01:48:38         13      3.00      0.00      1.00      0.00      0.00     96.00
01:48:38         14      1.00      0.00      2.00      1.00      0.00     96.00
01:48:38         15      1.00      0.00      3.00      2.00      0.00     94.00
01:48:38         16      0.99      0.00      0.99      0.00      0.00     98.02
01:48:38         17      4.95      0.00      3.96      0.00      0.00     91.09
01:48:38         18     45.00      0.00      7.00      0.00      0.00     48.00
01:48:38         19      9.90      0.00      0.99      0.00      0.00     89.11
01:48:38         20      0.00      0.00      1.98      0.00      0.00     98.02
01:48:38         21      0.99      0.00      0.99      0.00      0.00     98.02
01:48:38         22     18.81      0.00      2.97      0.00      0.00     78.22
01:48:38         23      2.00      0.00      1.00      0.00      0.00     97.00
01:48:38         24      0.00      0.00      2.00      0.00      0.00     98.00
01:48:38         25      0.00      0.00      0.00      0.00      0.00    100.00
01:48:38         26     15.84      0.00      2.97      2.97      0.00     78.22
01:48:38         27      0.00      0.00      0.00      0.00      0.00    100.00
01:48:38         28      0.00      0.00      0.00      0.00      0.00    100.00
01:48:38         29      0.00      0.00      0.00      0.00      0.00    100.00
01:48:38         30      6.00      0.00      1.00      0.00      0.00     93.00
01:48:38         31      0.00      0.00      0.00      0.00      0.00    100.00
01:48:38         32      0.00      0.00      0.00      0.00      0.00    100.00
01:48:38         33      7.00      0.00      1.00      2.00      0.00     90.00
01:48:38         34      0.00      0.00      0.00      0.00      0.00    100.00
01:48:38         35      0.00      0.00      0.00      0.00      0.00    100.00
01:48:38         36      0.00      0.00      1.00      2.00      0.00     97.00
01:48:38         37     27.00      0.00      2.00      0.00      0.00     71.00
01:48:38         38      0.00      0.00      0.99      0.00      0.00     99.01
01:48:38         39     36.00      0.00      6.00      0.00      0.00     58.00

01:48:38        CPU     %user     %nice   %system   %iowait    %steal     %idle
01:48:39        all      0.03      0.00      0.00      0.00      0.00     99.97
01:48:39          0      0.00      0.00      0.00      0.00      0.00    100.00
01:48:39          1      0.00      0.00      0.00      0.00      0.00    100.00
01:48:39          2      0.00      0.00      0.00      0.00      0.00    100.00
01:48:39          3      0.00      0.00      0.00      0.00      0.00    100.00
01:48:39          4      0.00      0.00      0.00      0.00      0.00    100.00
01:48:39          5      0.00      0.00      0.00      0.00      0.00    100.00
01:48:39          6      0.00      0.00      0.00      0.00      0.00    100.00
01:48:39          7      0.00      0.00      0.00      0.00      0.00    100.00
01:48:39          8      0.00      0.00      0.00      0.00      0.00    100.00
01:48:39          9      0.00      0.00      0.00      0.00      0.00    100.00
01:48:39         10      0.00      0.00      0.00      0.00      0.00    100.00
01:48:39         11      0.00      0.00      0.00      0.00      0.00    100.00
01:48:39         12      0.00      0.00      0.00      0.00      0.00    100.00
01:48:39         13      0.99      0.00      0.00      0.00      0.00     99.01
01:48:39         14      0.00      0.00      0.00      0.00      0.00    100.00
01:48:39         15      0.00      0.00      0.00      0.00      0.00    100.00
01:48:39         16      0.00      0.00      0.00      0.00      0.00    100.00
01:48:39         17      0.00      0.00      0.00      0.00      0.00    100.00
01:48:39         18      0.00      0.00      0.00      0.00      0.00    100.00
01:48:39         19      0.00      0.00      0.00      0.00      0.00    100.00
01:48:39         20      0.00      0.00      0.00      0.00      0.00    100.00
01:48:39         21      0.00      0.00      0.00      0.00      0.00    100.00
01:48:39         22      0.00      0.00      0.00      0.00      0.00    100.00
01:48:39         23      0.00      0.00      0.00      0.00      0.00    100.00
01:48:39         24      0.00      0.00      0.00      0.00      0.00    100.00
01:48:39         25      0.00      0.00      0.00      0.00      0.00    100.00
01:48:39         26      0.00      0.00      0.00      0.00      0.00    100.00
01:48:39         27      0.00      0.00      0.00      0.00      0.00    100.00
01:48:39         28      0.00      0.00      0.00      0.00      0.00    100.00
01:48:39         29      0.00      0.00      0.00      0.00      0.00    100.00
01:48:39         30      0.00      0.00      0.00      0.00      0.00    100.00
01:48:39         31      0.00      0.00      0.00      0.00      0.00    100.00
01:48:39         32      0.00      0.00      0.00      0.00      0.00    100.00
01:48:39         33      0.00      0.00      0.00      0.00      0.00    100.00
01:48:39         34      0.00      0.00      0.00      0.00      0.00    100.00
01:48:39         35      0.00      0.00      0.00      0.00      0.00    100.00
01:48:39         36      0.00      0.00      0.00      0.00      0.00    100.00
01:48:39         37      0.00      0.00      0.00      0.00      0.00    100.00
01:48:39         38      0.00      0.00      0.00      0.00      0.00    100.00
01:48:39         39      0.00      0.00      0.00      0.00      0.00    100.00

01:48:39        CPU     %user     %nice   %system   %iowait    %steal     %idle
01:48:40        all      0.00      0.00      0.00      0.08      0.00     99.92
01:48:40          0      0.00      0.00      0.00      0.00      0.00    100.00
01:48:40          1      0.00      0.00      0.00      0.00      0.00    100.00
01:48:40          2      0.00      0.00      0.00      0.00      0.00    100.00
01:48:40          3      0.00      0.00      0.00      0.00      0.00    100.00
01:48:40          4      0.00      0.00      0.00      0.00      0.00    100.00
01:48:40          5      0.00      0.00      0.00      0.00      0.00    100.00
01:48:40          6      0.00      0.00      0.00      0.00      0.00    100.00
01:48:40          7      0.00      0.00      0.00      0.00      0.00    100.00
01:48:40          8      0.00      0.00      0.00      0.00      0.00    100.00
01:48:40          9      0.00      0.00      0.00      0.00      0.00    100.00
01:48:40         10      0.00      0.00      0.00      0.00      0.00    100.00
01:48:40         11      0.00      0.00      0.00      0.00      0.00    100.00
01:48:40         12      0.00      0.00      0.00      0.00      0.00    100.00
01:48:40         13      0.00      0.00      0.00      0.00      0.00    100.00
01:48:40         14      0.00      0.00      0.00      0.00      0.00    100.00
01:48:40         15      0.00      0.00      0.00      2.00      0.00     98.00
01:48:40         16      0.00      0.00      0.00      0.00      0.00    100.00
01:48:40         17      0.00      0.00      0.00      0.00      0.00    100.00
01:48:40         18      0.00      0.00      0.00      0.00      0.00    100.00
01:48:40         19      0.00      0.00      0.00      0.00      0.00    100.00
01:48:40         20      0.00      0.00      0.00      0.00      0.00    100.00
01:48:40         21      0.00      0.00      0.00      0.00      0.00    100.00
01:48:40         22      0.00      0.00      0.00      0.00      0.00    100.00
01:48:40         23      0.00      0.00      0.00      0.00      0.00    100.00
01:48:40         24      0.00      0.00      0.00      0.00      0.00    100.00
01:48:40         25      0.00      0.00      0.00      0.00      0.00    100.00
01:48:40         26      0.00      0.00      0.00      0.00      0.00    100.00
01:48:40         27      0.00      0.00      0.00      0.00      0.00    100.00
01:48:40         28      0.00      0.00      0.00      0.00      0.00    100.00
01:48:40         29      0.00      0.00      0.00      0.00      0.00    100.00
01:48:40         30      0.00      0.00      0.00      0.00      0.00    100.00
01:48:40         31      0.00      0.00      0.00      0.00      0.00    100.00
01:48:40         32      0.00      0.00      0.00      0.00      0.00    100.00
01:48:40         33      0.00      0.00      0.00      0.00      0.00    100.00
01:48:40         34      0.00      0.00      0.00      0.00      0.00    100.00
01:48:40         35      0.00      0.00      0.00      0.00      0.00    100.00
01:48:40         36      0.00      0.00      0.00      0.00      0.00    100.00
01:48:40         37      0.00      0.00      0.00      0.00      0.00    100.00
01:48:40         38      0.00      0.00      0.00      0.00      0.00    100.00
01:48:40         39      0.00      0.00      0.00      0.00      0.00    100.00

01:48:40        CPU     %user     %nice   %system   %iowait    %steal     %idle
01:48:41        all      0.00      0.00      0.00      0.00      0.00    100.00
01:48:41          0      0.00      0.00      0.00      0.00      0.00    100.00
01:48:41          1      0.00      0.00      0.00      0.00      0.00    100.00
01:48:41          2      0.00      0.00      0.00      0.00      0.00    100.00
01:48:41          3      0.00      0.00      0.00      0.00      0.00    100.00
01:48:41          4      0.00      0.00      0.00      0.00      0.00    100.00
01:48:41          5      0.00      0.00      0.00      0.00      0.00    100.00
01:48:41          6      0.00      0.00      0.00      0.00      0.00    100.00
01:48:41          7      0.00      0.00      0.00      0.00      0.00    100.00
01:48:41          8      0.00      0.00      0.00      0.00      0.00    100.00
01:48:41          9      0.00      0.00      0.00      0.00      0.00    100.00
01:48:41         10      0.00      0.00      0.00      0.00      0.00    100.00
01:48:41         11      0.00      0.00      0.00      0.00      0.00    100.00
01:48:41         12      0.00      0.00      0.00      0.00      0.00    100.00
01:48:41         13      0.00      0.00      0.00      0.00      0.00    100.00
01:48:41         14      0.00      0.00      0.00      0.00      0.00    100.00
01:48:41         15      0.00      0.00      0.00      0.00      0.00    100.00
01:48:41         16      0.00      0.00      0.00      0.00      0.00    100.00
01:48:41         17      0.00      0.00      0.00      0.00      0.00    100.00
01:48:41         18      0.00      0.00      0.00      0.00      0.00    100.00
01:48:41         19      0.00      0.00      0.00      0.00      0.00    100.00
01:48:41         20      0.00      0.00      0.00      0.00      0.00    100.00
01:48:41         21      0.00      0.00      0.00      0.00      0.00    100.00
01:48:41         22      0.00      0.00      0.00      0.00      0.00    100.00
01:48:41         23      0.00      0.00      0.00      0.00      0.00    100.00
01:48:41         24      0.00      0.00      0.00      0.00      0.00    100.00
01:48:41         25      0.00      0.00      0.00      0.00      0.00    100.00
01:48:41         26      0.00      0.00      0.00      0.00      0.00    100.00
01:48:41         27      0.00      0.00      0.00      0.00      0.00    100.00
01:48:41         28      0.00      0.00      0.00      0.00      0.00    100.00
01:48:41         29      0.00      0.00      0.00      0.00      0.00    100.00
01:48:41         30      0.00      0.00      0.00      0.00      0.00    100.00
01:48:41         31      0.00      0.00      0.00      0.00      0.00    100.00
01:48:41         32      0.00      0.00      0.00      0.00      0.00    100.00
01:48:41         33      0.00      0.00      0.00      0.00      0.00    100.00
01:48:41         34      0.00      0.00      0.00      0.00      0.00    100.00
01:48:41         35      0.00      0.00      0.00      0.00      0.00    100.00
01:48:41         36      0.00      0.00      0.00      0.00      0.00    100.00
01:48:41         37      0.00      0.00      0.00      0.00      0.00    100.00
01:48:41         38      0.00      0.00      0.00      0.00      0.00    100.00
01:48:41         39      0.00      0.00      0.00      0.00      0.00    100.00

01:48:41        CPU     %user     %nice   %system   %iowait    %steal     %idle
01:48:42        all      0.00      0.00      0.03      0.00      0.00     99.98
01:48:42          0      0.00      0.00      0.00      0.00      0.00    100.00
01:48:42          1      0.00      0.00      0.00      0.00      0.00    100.00
01:48:42          2      0.00      0.00      0.00      0.00      0.00    100.00
01:48:42          3      0.00      0.00      0.00      0.00      0.00    100.00
01:48:42          4      0.00      0.00      0.00      0.00      0.00    100.00
01:48:42          5      0.00      0.00      0.00      0.00      0.00    100.00
01:48:42          6      0.00      0.00      0.00      0.00      0.00    100.00
01:48:42          7      0.00      0.00      0.00      0.00      0.00    100.00
01:48:42          8      0.00      0.00      0.00      0.00      0.00    100.00
01:48:42          9      0.00      0.00      0.00      0.00      0.00    100.00
01:48:42         10      0.00      0.00      0.00      0.00      0.00    100.00
01:48:42         11      0.00      0.00      0.00      0.00      0.00    100.00
01:48:42         12      0.00      0.00      0.00      0.00      0.00    100.00
01:48:42         13      0.00      0.00      0.00      0.00      0.00    100.00
01:48:42         14      0.00      0.00      0.00      0.00      0.00    100.00
01:48:42         15      0.00      0.00      0.00      0.00      0.00    100.00
01:48:42         16      0.00      0.00      0.00      0.00      0.00    100.00
01:48:42         17      0.00      0.00      0.00      0.00      0.00    100.00
01:48:42         18      0.00      0.00      0.00      0.00      0.00    100.00
01:48:42         19      0.00      0.00      0.00      0.00      0.00    100.00
01:48:42         20      0.00      0.00      0.00      0.00      0.00    100.00
01:48:42         21      0.00      0.00      0.00      0.00      0.00    100.00
01:48:42         22      0.00      0.00      0.00      0.00      0.00    100.00
01:48:42         23      0.00      0.00      0.00      0.00      0.00    100.00
01:48:42         24      0.00      0.00      0.00      0.00      0.00    100.00
01:48:42         25      0.00      0.00      0.00      0.00      0.00    100.00
01:48:42         26      0.00      0.00      0.00      0.00      0.00    100.00
01:48:42         27      0.00      0.00      0.00      0.00      0.00    100.00
01:48:42         28      0.00      0.00      0.00      0.00      0.00    100.00
01:48:42         29      0.00      0.00      0.00      0.00      0.00    100.00
01:48:42         30      0.00      0.00      0.00      0.00      0.00    100.00
01:48:42         31      0.00      0.00      0.00      0.00      0.00    100.00
01:48:42         32      0.00      0.00      0.00      0.00      0.00    100.00
01:48:42         33      0.00      0.00      0.00      0.00      0.00    100.00
01:48:42         34      0.00      0.00      0.00      0.00      0.00    100.00
01:48:42         35      0.00      0.00      0.00      0.00      0.00    100.00
01:48:42         36      0.00      0.00      0.00      0.00      0.00    100.00
01:48:42         37      0.00      0.00      0.00      0.00      0.00    100.00
01:48:42         38      0.00      0.00      0.00      0.00      0.00    100.00
01:48:42         39      0.00      0.00      0.00      0.00      0.00    100.00

01:48:42        CPU     %user     %nice   %system   %iowait    %steal     %idle
01:48:43        all      0.00      0.00      0.00      0.00      0.00    100.00
01:48:43          0      0.00      0.00      0.00      0.00      0.00    100.00
01:48:43          1      0.00      0.00      0.00      0.00      0.00    100.00
01:48:43          2      0.00      0.00      0.00      0.00      0.00    100.00
01:48:43          3      0.00      0.00      0.00      0.00      0.00    100.00
01:48:43          4      0.00      0.00      0.00      0.00      0.00    100.00
01:48:43          5      0.00      0.00      0.00      0.00      0.00    100.00
01:48:43          6      0.00      0.00      0.00      0.00      0.00    100.00
01:48:43          7      0.00      0.00      0.00      0.00      0.00    100.00
01:48:43          8      0.00      0.00      0.00      0.00      0.00    100.00
01:48:43          9      0.00      0.00      0.00      0.00      0.00    100.00
01:48:43         10      0.00      0.00      0.00      0.00      0.00    100.00
01:48:43         11      0.00      0.00      0.00      0.00      0.00    100.00
01:48:43         12      0.00      0.00      0.00      0.00      0.00    100.00
01:48:43         13      0.00      0.00      0.00      0.00      0.00    100.00
01:48:43         14      0.00      0.00      0.00      0.00      0.00    100.00
01:48:43         15      0.00      0.00      0.00      0.00      0.00    100.00
01:48:43         16      0.00      0.00      0.00      0.00      0.00    100.00
01:48:43         17      0.00      0.00      0.00      0.00      0.00    100.00
01:48:43         18      0.00      0.00      0.00      0.00      0.00    100.00
01:48:43         19      0.00      0.00      0.00      0.00      0.00    100.00
01:48:43         20      0.00      0.00      0.00      0.00      0.00    100.00
01:48:43         21      0.00      0.00      0.00      0.00      0.00    100.00
01:48:43         22      0.00      0.00      0.00      0.00      0.00    100.00
01:48:43         23      0.00      0.00      0.00      0.00      0.00    100.00
01:48:43         24      0.00      0.00      0.00      0.00      0.00    100.00
01:48:43         25      0.00      0.00      0.00      0.00      0.00    100.00
01:48:43         26      0.00      0.00      0.00      0.00      0.00    100.00
01:48:43         27      0.00      0.00      0.00      0.00      0.00    100.00
01:48:43         28      0.00      0.00      0.00      0.00      0.00    100.00
01:48:43         29      0.00      0.00      0.00      0.00      0.00    100.00
01:48:43         30      0.00      0.00      0.00      0.00      0.00    100.00
01:48:43         31      0.00      0.00      0.00      0.00      0.00    100.00
01:48:43         32      0.00      0.00      0.00      0.00      0.00    100.00
01:48:43         33      0.00      0.00      0.00      0.00      0.00    100.00
01:48:43         34      0.00      0.00      0.00      0.00      0.00    100.00
01:48:43         35      0.00      0.00      0.00      0.00      0.00    100.00
01:48:43         36      0.00      0.00      0.00      0.00      0.00    100.00
01:48:43         37      0.00      0.00      0.00      0.00      0.00    100.00
01:48:43         38      0.00      0.00      0.00      0.00      0.00    100.00
01:48:43         39      0.00      0.00      0.00      0.00      0.00    100.00

01:48:43        CPU     %user     %nice   %system   %iowait    %steal     %idle
01:48:44        all      0.00      0.00      0.00      0.00      0.00    100.00
01:48:44          0      0.00      0.00      0.00      0.00      0.00    100.00
01:48:44          1      0.00      0.00      0.00      0.00      0.00    100.00
01:48:44          2      0.00      0.00      0.00      0.00      0.00    100.00
01:48:44          3      0.00      0.00      0.00      0.00      0.00    100.00
01:48:44          4      0.00      0.00      0.00      0.00      0.00    100.00
01:48:44          5      0.00      0.00      0.00      0.00      0.00    100.00
01:48:44          6      0.00      0.00      0.00      0.00      0.00    100.00
01:48:44          7      0.00      0.00      0.00      0.00      0.00    100.00
01:48:44          8      0.00      0.00      0.00      0.00      0.00    100.00
01:48:44          9      0.00      0.00      0.00      0.00      0.00    100.00
01:48:44         10      0.00      0.00      0.00      0.00      0.00    100.00
01:48:44         11      0.00      0.00      0.00      0.00      0.00    100.00
01:48:44         12      0.00      0.00      0.00      0.00      0.00    100.00
01:48:44         13      0.00      0.00      0.00      0.00      0.00    100.00
01:48:44         14      0.00      0.00      0.00      0.00      0.00    100.00
01:48:44         15      0.00      0.00      0.00      0.00      0.00    100.00
01:48:44         16      0.00      0.00      0.00      0.00      0.00    100.00
01:48:44         17      0.00      0.00      0.00      0.00      0.00    100.00
01:48:44         18      0.00      0.00      0.00      0.00      0.00    100.00
01:48:44         19      0.00      0.00      0.00      0.00      0.00    100.00
01:48:44         20      0.00      0.00      0.00      0.00      0.00    100.00
01:48:44         21      0.00      0.00      0.00      0.00      0.00    100.00
01:48:44         22      0.00      0.00      0.00      0.00      0.00    100.00
01:48:44         23      0.00      0.00      0.00      0.00      0.00    100.00
01:48:44         24      0.00      0.00      0.00      0.00      0.00    100.00
01:48:44         25      0.00      0.00      0.00      0.00      0.00    100.00
01:48:44         26      0.00      0.00      0.00      0.00      0.00    100.00
01:48:44         27      0.00      0.00      0.00      0.00      0.00    100.00
01:48:44         28      0.00      0.00      0.00      0.00      0.00    100.00
01:48:44         29      0.00      0.00      0.00      0.00      0.00    100.00
01:48:44         30      0.00      0.00      0.00      0.00      0.00    100.00
01:48:44         31      0.00      0.00      0.00      0.00      0.00    100.00
01:48:44         32      0.00      0.00      0.00      0.00      0.00    100.00
01:48:44         33      0.00      0.00      0.00      0.00      0.00    100.00
01:48:44         34      0.00      0.00      0.00      0.00      0.00    100.00
01:48:44         35      0.00      0.00      0.00      0.00      0.00    100.00
01:48:44         36      0.00      0.00      0.00      0.00      0.00    100.00
01:48:44         37      0.00      0.00      0.00      0.00      0.00    100.00
01:48:44         38      0.00      0.00      0.00      0.00      0.00    100.00
01:48:44         39      0.00      0.00      0.00      0.00      0.00    100.00

01:48:44        CPU     %user     %nice   %system   %iowait    %steal     %idle
01:48:45        all      0.03      0.00      0.00      0.00      0.00     99.97
01:48:45          0      0.00      0.00      0.00      0.00      0.00    100.00
01:48:45          1      0.00      0.00      0.00      0.00      0.00    100.00
01:48:45          2      0.00      0.00      0.00      0.00      0.00    100.00
01:48:45          3      0.00      0.00      0.00      0.00      0.00    100.00
01:48:45          4      0.00      0.00      0.00      0.00      0.00    100.00
01:48:45          5      0.00      0.00      0.00      0.00      0.00    100.00
01:48:45          6      0.00      0.00      0.00      0.00      0.00    100.00
01:48:45          7      0.00      0.00      0.00      0.00      0.00    100.00
01:48:45          8      0.00      0.00      0.00      0.00      0.00    100.00
01:48:45          9      0.00      0.00      0.00      0.00      0.00    100.00
01:48:45         10      0.00      0.00      0.00      0.00      0.00    100.00
01:48:45         11      0.00      0.00      0.00      0.00      0.00    100.00
01:48:45         12      0.00      0.00      0.00      0.00      0.00    100.00
01:48:45         13      0.99      0.00      0.00      0.00      0.00     99.01
01:48:45         14      0.00      0.00      0.00      0.00      0.00    100.00
01:48:45         15      0.00      0.00      0.00      0.00      0.00    100.00
01:48:45         16      0.00      0.00      0.00      0.00      0.00    100.00
01:48:45         17      0.00      0.00      0.00      0.00      0.00    100.00
01:48:45         18      0.00      0.00      0.00      0.00      0.00    100.00
01:48:45         19      0.00      0.00      0.00      0.00      0.00    100.00
01:48:45         20      0.00      0.00      0.00      0.00      0.00    100.00
01:48:45         21      0.00      0.00      0.00      0.00      0.00    100.00
01:48:45         22      0.00      0.00      0.00      0.00      0.00    100.00
01:48:45         23      0.00      0.00      0.00      0.00      0.00    100.00
01:48:45         24      0.00      0.00      0.00      0.00      0.00    100.00
01:48:45         25      0.00      0.00      0.00      0.00      0.00    100.00
01:48:45         26      0.00      0.00      0.00      0.00      0.00    100.00
01:48:45         27      0.00      0.00      0.00      0.00      0.00    100.00
01:48:45         28      0.00      0.00      0.00      0.00      0.00    100.00
01:48:45         29      0.00      0.00      0.00      0.00      0.00    100.00
01:48:45         30      0.00      0.00      0.00      0.00      0.00    100.00
01:48:45         31      0.00      0.00      0.00      0.00      0.00    100.00
01:48:45         32      0.00      0.00      0.00      0.00      0.00    100.00
01:48:45         33      0.00      0.00      0.00      0.00      0.00    100.00
01:48:45         34      0.00      0.00      0.00      0.00      0.00    100.00
01:48:45         35      0.00      0.00      0.00      0.00      0.00    100.00
01:48:45         36      0.00      0.00      0.00      0.00      0.00    100.00
01:48:45         37      0.00      0.00      0.00      0.00      0.00    100.00
01:48:45         38      0.00      0.00      0.00      0.00      0.00    100.00
01:48:45         39      0.00      0.00      0.00      0.00      0.00    100.00

01:48:45        CPU     %user     %nice   %system   %iowait    %steal     %idle
01:48:46        all      0.00      0.00      0.00      0.00      0.00    100.00
01:48:46          0      0.00      0.00      0.00      0.00      0.00    100.00
01:48:46          1      0.00      0.00      0.00      0.00      0.00    100.00
01:48:46          2      0.00      0.00      0.00      0.00      0.00    100.00
01:48:46          3      0.00      0.00      0.00      0.00      0.00    100.00
01:48:46          4      0.00      0.00      0.00      0.00      0.00    100.00
01:48:46          5      0.00      0.00      0.00      0.00      0.00    100.00
01:48:46          6      0.00      0.00      0.00      0.00      0.00    100.00
01:48:46          7      0.00      0.00      0.00      0.00      0.00    100.00
01:48:46          8      0.00      0.00      0.00      0.00      0.00    100.00
01:48:46          9      0.00      0.00      0.00      0.00      0.00    100.00
01:48:46         10      0.00      0.00      0.00      0.00      0.00    100.00
01:48:46         11      0.00      0.00      0.00      0.00      0.00    100.00
01:48:46         12      0.00      0.00      0.00      0.00      0.00    100.00
01:48:46         13      0.00      0.00      0.00      0.00      0.00    100.00
01:48:46         14      0.00      0.00      0.00      0.00      0.00    100.00
01:48:46         15      0.00      0.00      0.00      0.00      0.00    100.00
01:48:46         16      0.00      0.00      0.00      0.00      0.00    100.00
01:48:46         17      0.00      0.00      0.00      0.00      0.00    100.00
01:48:46         18      0.00      0.00      0.00      0.00      0.00    100.00
01:48:46         19      0.00      0.00      0.00      0.00      0.00    100.00
01:48:46         20      0.00      0.00      0.00      0.00      0.00    100.00
01:48:46         21      0.00      0.00      0.00      0.00      0.00    100.00
01:48:46         22      0.00      0.00      0.00      0.00      0.00    100.00
01:48:46         23      0.00      0.00      0.00      0.00      0.00    100.00
01:48:46         24      0.00      0.00      0.00      0.00      0.00    100.00
01:48:46         25      0.00      0.00      0.00      0.00      0.00    100.00
01:48:46         26      0.00      0.00      0.00      0.00      0.00    100.00
01:48:46         27      0.00      0.00      0.00      0.00      0.00    100.00
01:48:46         28      0.00      0.00      0.00      0.00      0.00    100.00
01:48:46         29      0.00      0.00      0.00      0.00      0.00    100.00
01:48:46         30      0.00      0.00      0.00      0.00      0.00    100.00
01:48:46         31      0.00      0.00      0.00      0.00      0.00    100.00
01:48:46         32      0.00      0.00      0.00      0.00      0.00    100.00
01:48:46         33      0.00      0.00      0.00      0.00      0.00    100.00
01:48:46         34      0.00      0.00      0.00      0.00      0.00    100.00
01:48:46         35      0.00      0.00      0.00      0.00      0.00    100.00
01:48:46         36      0.00      0.00      0.00      0.00      0.00    100.00
01:48:46         37      0.00      0.00      0.00      0.00      0.00    100.00
01:48:46         38      0.00      0.00      0.00      0.00      0.00    100.00
01:48:46         39      0.00      0.00      0.00      0.00      0.00    100.00

01:48:46        CPU     %user     %nice   %system   %iowait    %steal     %idle
01:48:47        all      0.50      0.00      0.10      0.00      0.00     99.40
01:48:47          0      0.00      0.00      0.00      0.00      0.00    100.00
01:48:47          1      0.00      0.00      0.00      0.00      0.00    100.00
01:48:47          2      0.00      0.00      0.00      0.00      0.00    100.00
01:48:47          3      0.00      0.00      0.00      0.00      0.00    100.00
01:48:47          4      0.00      0.00      0.00      0.00      0.00    100.00
01:48:47          5      0.00      0.00      0.00      0.00      0.00    100.00
01:48:47          6      0.00      0.00      0.00      0.00      0.00    100.00
01:48:47          7      0.00      0.00      0.00      0.00      0.00    100.00
01:48:47          8      0.00      0.00      0.00      0.00      0.00    100.00
01:48:47          9      0.00      0.00      0.00      0.00      0.00    100.00
01:48:47         10      0.00      0.00      0.00      0.00      0.00    100.00
01:48:47         11      0.00      0.00      0.00      0.00      0.00    100.00
01:48:47         12      0.00      0.00      0.00      0.00      0.00    100.00
01:48:47         13      0.00      0.00      0.00      0.00      0.00    100.00
01:48:47         14      0.00      0.00      0.00      0.00      0.00    100.00
01:48:47         15      3.00      0.00      1.00      0.00      0.00     96.00
01:48:47         16      0.00      0.00      0.00      0.00      0.00    100.00
01:48:47         17      0.00      0.00      0.00      0.00      0.00    100.00
01:48:47         18      0.00      0.00      0.00      0.00      0.00    100.00
01:48:47         19      0.00      0.00      0.00      0.00      0.00    100.00
01:48:47         20      0.00      0.00      0.00      0.00      0.00    100.00
01:48:47         21      0.00      0.00      0.00      0.00      0.00    100.00
01:48:47         22      0.00      0.00      0.00      0.00      0.00    100.00
01:48:47         23      0.00      0.00      0.00      0.00      0.00    100.00
01:48:47         24      0.99      0.00      0.00      0.00      0.00     99.01
01:48:47         25      0.00      0.00      0.00      0.00      0.00    100.00
01:48:47         26      0.00      0.00      0.00      0.00      0.00    100.00
01:48:47         27      0.99      0.00      0.00      0.00      0.00     99.01
01:48:47         28      0.00      0.00      0.00      0.00      0.00    100.00
01:48:47         29      0.00      0.00      0.00      0.00      0.00    100.00
01:48:47         30      0.00      0.00      0.00      0.00      0.00    100.00
01:48:47         31      0.99      0.00      0.99      0.00      0.00     98.02
01:48:47         32      0.00      0.00      0.00      0.00      0.00    100.00
01:48:47         33      0.00      0.00      0.00      0.00      0.00    100.00
01:48:47         34      0.00      0.00      0.00      0.00      0.00    100.00
01:48:47         35     14.85      0.00      0.99      0.00      0.00     84.16
01:48:47         36      0.00      0.00      0.00      0.00      0.00    100.00
01:48:47         37      0.00      0.00      0.00      0.00      0.00    100.00
01:48:47         38      0.00      0.00      0.00      0.00      0.00    100.00
01:48:47         39      0.98      0.00      1.96      0.00      0.00     97.06

01:48:47        CPU     %user     %nice   %system   %iowait    %steal     %idle
01:48:48        all      1.13      0.00      0.48      0.03      0.00     98.37
01:48:48          0      0.00      0.00      1.00      0.00      0.00     99.00
01:48:48          1      0.00      0.00      0.00      0.00      0.00    100.00
01:48:48          2      0.00      0.00      0.00      0.00      0.00    100.00
01:48:48          3      0.00      0.00      0.00      0.00      0.00    100.00
01:48:48          4      0.00      0.00      0.00      0.00      0.00    100.00
01:48:48          5      0.00      0.00      0.00      0.00      0.00    100.00
01:48:48          6      0.00      0.00      0.00      0.00      0.00    100.00
01:48:48          7      0.00      0.00      0.00      0.00      0.00    100.00
01:48:48          8      0.00      0.00      0.00      0.00      0.00    100.00
01:48:48          9      0.00      0.00      0.00      0.00      0.00    100.00
01:48:48         10      2.02      0.00      1.01      0.00      0.00     96.97
01:48:48         11      0.00      0.00      0.00      0.00      0.00    100.00
01:48:48         12      0.00      0.00      1.00      0.00      0.00     99.00
01:48:48         13      0.00      0.00      1.00      0.00      0.00     99.00
01:48:48         14      0.00      0.00      0.00      0.00      0.00    100.00
01:48:48         15      3.00      0.00      0.00      0.00      0.00     97.00
01:48:48         16      0.00      0.00      1.00      0.00      0.00     99.00
01:48:48         17      0.00      0.00      0.00      0.00      0.00    100.00
01:48:48         18      1.00      0.00      0.00      0.00      0.00     99.00
01:48:48         19      0.00      0.00      0.00      0.00      0.00    100.00
01:48:48         20      0.00      0.00      0.00      0.00      0.00    100.00
01:48:48         21      0.00      0.00      0.00      0.00      0.00    100.00
01:48:48         22      0.00      0.00      0.00      0.00      0.00    100.00
01:48:48         23      0.00      0.00      1.00      0.00      0.00     99.00
01:48:48         24      0.00      0.00      0.00      2.02      0.00     97.98
01:48:48         25      0.00      0.00      0.00      0.00      0.00    100.00
01:48:48         26      0.00      0.00      0.00      0.00      0.00    100.00
01:48:48         27      0.00      0.00      0.00      0.00      0.00    100.00
01:48:48         28      0.00      0.00      0.00      0.00      0.00    100.00
01:48:48         29      0.00      0.00      0.00      0.00      0.00    100.00
01:48:48         30      0.00      0.00      0.99      0.00      0.00     99.01
01:48:48         31      0.00      0.00      0.00      0.00      0.00    100.00
01:48:48         32      0.00      0.00      0.00      0.00      0.00    100.00
01:48:48         33      0.00      0.00      0.00      0.00      0.00    100.00
01:48:48         34      0.00      0.00      0.99      0.00      0.00     99.01
01:48:48         35     30.30      0.00      8.08      0.00      0.00     61.62
01:48:48         36      0.00      0.00      1.00      0.00      0.00     99.00
01:48:48         37      1.98      0.00      0.00      0.00      0.00     98.02
01:48:48         38      0.00      0.00      0.00      0.00      0.00    100.00
01:48:48         39      6.00      0.00      2.00      0.00      0.00     92.00

01:48:48        CPU     %user     %nice   %system   %iowait    %steal     %idle
01:48:49        all      0.00      0.00      0.00      0.00      0.00    100.00
01:48:49          0      0.00      0.00      0.00      0.00      0.00    100.00
01:48:49          1      0.00      0.00      0.00      0.00      0.00    100.00
01:48:49          2      0.00      0.00      0.00      0.00      0.00    100.00
01:48:49          3      0.00      0.00      0.00      0.00      0.00    100.00
01:48:49          4      0.00      0.00      0.00      0.00      0.00    100.00
01:48:49          5      0.00      0.00      0.00      0.00      0.00    100.00
01:48:49          6      0.00      0.00      0.00      0.00      0.00    100.00
01:48:49          7      0.00      0.00      0.00      0.00      0.00    100.00
01:48:49          8      0.00      0.00      0.00      0.00      0.00    100.00
01:48:49          9      0.00      0.00      0.00      0.00      0.00    100.00
01:48:49         10      0.00      0.00      0.00      0.00      0.00    100.00
01:48:49         11      0.00      0.00      0.00      0.00      0.00    100.00
01:48:49         12      0.00      0.00      0.00      0.00      0.00    100.00
01:48:49         13      0.00      0.00      0.00      0.00      0.00    100.00
01:48:49         14      0.00      0.00      0.00      0.00      0.00    100.00
01:48:49         15      0.00      0.00      0.00      0.00      0.00    100.00
01:48:49         16      0.00      0.00      0.00      0.00      0.00    100.00
01:48:49         17      0.00      0.00      0.00      0.00      0.00    100.00
01:48:49         18      0.00      0.00      0.00      0.00      0.00    100.00
01:48:49         19      0.00      0.00      0.00      0.00      0.00    100.00
01:48:49         20      0.00      0.00      0.00      0.00      0.00    100.00
01:48:49         21      0.00      0.00      0.00      0.00      0.00    100.00
01:48:49         22      0.00      0.00      0.00      0.00      0.00    100.00
01:48:49         23      0.00      0.00      0.00      0.00      0.00    100.00
01:48:49         24      0.00      0.00      0.00      0.00      0.00    100.00
01:48:49         25      0.00      0.00      0.00      0.00      0.00    100.00
01:48:49         26      0.00      0.00      0.00      0.00      0.00    100.00
01:48:49         27      0.00      0.00      0.00      0.00      0.00    100.00
01:48:49         28      0.00      0.00      0.00      0.00      0.00    100.00
01:48:49         29      0.00      0.00      0.00      0.00      0.00    100.00
01:48:49         30      0.00      0.00      0.00      0.00      0.00    100.00
01:48:49         31      0.00      0.00      0.00      0.00      0.00    100.00
01:48:49         32      0.00      0.00      0.00      0.00      0.00    100.00
01:48:49         33      0.00      0.00      0.00      0.00      0.00    100.00
01:48:49         34      0.00      0.00      0.00      0.00      0.00    100.00
01:48:49         35      0.00      0.00      0.00      0.00      0.00    100.00
01:48:49         36      0.00      0.00      0.00      0.00      0.00    100.00
01:48:49         37      0.00      0.00      0.00      0.00      0.00    100.00
01:48:49         38      0.00      0.00      0.00      0.00      0.00    100.00
01:48:49         39      0.00      0.00      0.00      0.00      0.00    100.00

01:48:49        CPU     %user     %nice   %system   %iowait    %steal     %idle
01:48:50        all      0.63      0.00      0.10      0.00      0.00     99.27
01:48:50          0      0.00      0.00      0.00      0.00      0.00    100.00
01:48:50          1      0.00      0.00      0.00      0.00      0.00    100.00
01:48:50          2      0.00      0.00      0.00      0.00      0.00    100.00
01:48:50          3      0.00      0.00      0.00      0.00      0.00    100.00
01:48:50          4      0.00      0.00      0.00      0.00      0.00    100.00
01:48:50          5      0.00      0.00      0.99      0.00      0.00     99.01
01:48:50          6      0.00      0.00      0.00      0.00      0.00    100.00
01:48:50          7      0.00      0.00      0.00      0.00      0.00    100.00
01:48:50          8      0.00      0.00      0.00      0.00      0.00    100.00
01:48:50          9      0.00      0.00      0.00      0.00      0.00    100.00
01:48:50         10      0.00      0.00      0.00      0.00      0.00    100.00
01:48:50         11      0.99      0.00      0.00      0.00      0.00     99.01
01:48:50         12      0.00      0.00      0.00      0.00      0.00    100.00
01:48:50         13      0.00      0.00      0.00      0.00      0.00    100.00
01:48:50         14      0.00      0.00      0.00      0.00      0.00    100.00
01:48:50         15     22.22      0.00      2.02      0.00      0.00     75.76
01:48:50         16      0.00      0.00      0.00      0.00      0.00    100.00
01:48:50         17      0.00      0.00      0.00      0.00      0.00    100.00
01:48:50         18      0.00      0.00      0.00      0.00      0.00    100.00
01:48:50         19      0.00      0.00      0.00      0.00      0.00    100.00
01:48:50         20      0.00      0.00      0.00      0.00      0.00    100.00
01:48:50         21      0.00      0.00      0.00      0.00      0.00    100.00
01:48:50         22      0.99      0.00      0.00      0.00      0.00     99.01
01:48:50         23      0.00      0.00      0.00      0.00      0.00    100.00
01:48:50         24      0.00      0.00      0.00      0.00      0.00    100.00
01:48:50         25      0.00      0.00      0.00      0.00      0.00    100.00
01:48:50         26      0.00      0.00      0.00      0.00      0.00    100.00
01:48:50         27      0.00      0.00      0.00      0.00      0.00    100.00
01:48:50         28      0.00      0.00      0.00      0.00      0.00    100.00
01:48:50         29      0.00      0.00      0.00      0.00      0.00    100.00
01:48:50         30      0.00      0.00      0.00      0.00      0.00    100.00
01:48:50         31      0.00      0.00      0.00      0.00      0.00    100.00
01:48:50         32      0.00      0.00      0.00      0.00      0.00    100.00
01:48:50         33      0.00      0.00      0.00      0.00      0.00    100.00
01:48:50         34      0.00      0.00      0.00      0.00      0.00    100.00
01:48:50         35      0.00      0.00      0.00      0.00      0.00    100.00
01:48:50         36      1.00      0.00      0.00      0.00      0.00     99.00
01:48:50         37      0.00      0.00      0.00      0.00      0.00    100.00
01:48:50         38      0.00      0.00      0.00      0.00      0.00    100.00
01:48:50         39      0.00      0.00      0.00      0.00      0.00    100.00
