Linux 6.6.23 (eternity2) 	05/24/25 	_x86_64_	(40 CPU)

01:48:23    kbmemfree   kbavail kbmemused  %memused kbbuffers  kbcached  kbcommit   %commit  kbactive   kbinact   kbdirty
01:48:24     64271292  64022532   1337660      2.04       244    235452   2079652      3.12     52744    278196      1268
01:48:25     64271820  64023060   1337132      2.04       244    235452   2079652      3.12     52736    277804      1272
01:48:26     64271964  64023204   1336988      2.04       244    235456   2079652      3.12     52736    277804      1276
01:48:27     64272076  64023316   1336876      2.04       244    235460   2079652      3.12     52736    277804      1280
01:48:28     64272076  64023316   1336876      2.04       244    235464   2079652      3.12     52736    277804      1284
01:48:29     64272092  64023332   1336860      2.04       244    235468   2079652      3.12     52736    277804        12
01:48:30     64272344  64023584   1336608      2.04       244    235472   2079652      3.12     52736    277804        24
01:48:31     64272344  64023584   1336608      2.04       244    235476   2079652      3.12     52736    277804        28
01:48:32     64275396  64026636   1333556      2.03       244    235480   2079652      3.12     52736    277804        32
01:48:33     64275408  64026648   1333544      2.03       244    235492   2079652      3.12     52736    277804        44
01:48:34     64275420  64026660   1333532      2.03       244    235492   2079652      3.12     52736    277804         4
01:48:35     64275468  64026708   1333484      2.03       244    235496   2079652      3.12     52736    277804        20
01:48:36     64276632  64027892   1332320      2.03       244    235500   2091372      3.14     52744    280240        24
01:48:37     64262156  64013512   1346796      2.05       244    235756   2091532      3.14     52828    287728      1816
01:48:38     64267144  64018524   1341808      2.05       244    235796   2079652      3.12     52788    278232      2376
01:48:39     64266912  64018292   1342040      2.05       244    235796   2079652      3.12     52788    278232      2376
01:48:40     64266912  64018292   1342040      2.05       244    235800   2079652      3.12     52788    278232       452
01:48:41     64266912  64018292   1342040      2.05       244    235808   2079652      3.12     52788    278232        24
01:48:42     64266912  64018292   1342040      2.05       244    235812   2079652      3.12     52788    278232        32
01:48:43     64267176  64018556   1341776      2.05       244    235820   2079652      3.12     52788    278232        40
01:48:44     64267428  64018808   1341524      2.04       244    235824   2079652      3.12     52788    278232        44
01:48:45     64267428  64018808   1341524      2.04       244    235824   2079652      3.12     52788    278232        44
01:48:46     64266728  64018108   1342224      2.05       244    235824   2081996      3.13     52788    278748        44
01:48:47     64268528  64019972   1340424      2.04       244    235972   2079652      3.12     52820    279812      1156
01:48:48     64268632  64020076   1340320      2.04       244    235972   2079652      3.12     52856    278376      1312
01:48:49     64267680  64019124   1341272      2.04       244    235980   2082228      3.13     52856    278964      1320
