Linux 6.6.23 (eternity2) 	05/24/25 	_x86_64_	(40 CPU)

02:00:38    kbmemfree   kbavail kbmemused  %memused kbbuffers  kbcached  kbcommit   %commit  kbactive   kbinact   kbdirty
02:00:39     64261556  64014164   1347396      2.05       244    238264   2079856      3.12     52252    281612      4704
02:00:40     64262660  64015272   1346292      2.05       244    238268   2079856      3.12     52244    281364       516
02:00:41     64262660  64015272   1346292      2.05       244    238268   2079856      3.12     52244    281364       516
02:00:42     64262708  64015320   1346244      2.05       244    238268   2079856      3.12     52244    281364       516
02:00:43     64262708  64015320   1346244      2.05       244    238268   2079856      3.12     52244    281364       516
02:00:44     64262708  64015320   1346244      2.05       244    238268   2079856      3.12     52244    281364       516
02:00:45     64262708  64015320   1346244      2.05       244    238268   2079856      3.12     52244    281364        68
02:00:46     64262708  64015320   1346244      2.05       244    238268   2079856      3.12     52244    281364        68
02:00:47     64262708  64015320   1346244      2.05       244    238268   2079856      3.12     52244    281364        68
02:00:48     64262708  64015320   1346244      2.05       244    238268   2079856      3.12     52244    281364        68
02:00:49     64262708  64015320   1346244      2.05       244    238268   2079856      3.12     52244    281364        68
02:00:50     64262708  64015320   1346244      2.05       244    238268   2079856      3.12     52244    281364        68
02:00:51     64261032  64013648   1347920      2.05       244    238316   2091576      3.14     52264    285188        16
02:00:52     64252948  64005584   1356004      2.07       244    238344   2087852      3.13     52276    293076      1876
02:00:53     64258760  64011424   1350192      2.06       244    238404   2079856      3.12     52292    281640      2592
02:00:54     64258280  64010944   1350672      2.06       244    238404   2079856      3.12     52292    281640      2592
02:00:55     64258532  64011196   1350420      2.06       244    238408   2079856      3.12     52292    281640      2596
02:00:56     64258572  64011236   1350380      2.06       244    238416   2079856      3.12     52292    281644        12
02:00:57     64258572  64011236   1350380      2.06       244    238420   2079856      3.12     52292    281644        24
02:00:58     64258572  64011236   1350380      2.06       244    238424   2079856      3.12     52292    281644        28
02:00:59     64258572  64011236   1350380      2.06       244    238424   2079856      3.12     52292    281644        28
02:01:00     64258572  64011236   1350380      2.06       244    238424   2079856      3.12     52292    281644        28
02:01:01     64258068  64010732   1350884      2.06       244    238424   2082200      3.13     52292    282080        28
02:01:02     64254460  64007812   1354492      2.06       244    239844   2079856      3.12     52804    284444      2036
02:01:03     64254644  64007996   1354308      2.06       244    239848   2079856      3.12     52792    283404      2216
02:01:04     64254984  64008408   1353968      2.06       244    239992   2082200      3.13     52852    283248      2228
