Linux 6.6.23 (eternity2) 	05/24/25 	_x86_64_	(40 CPU)

02:00:36        CPU     %user     %nice   %system   %iowait    %steal     %idle
02:00:37        all      2.15      0.00      0.63      0.70      0.00     96.52
02:00:37          0      9.00      0.00      1.00      0.00      0.00     90.00
02:00:37          1      3.96      0.00      0.99      3.96      0.00     91.09
02:00:37          2     47.52      0.00      7.92      0.00      0.00     44.55
02:00:37          3      0.98      0.00      1.96      0.00      0.00     97.06
02:00:37          4      0.00      0.00      0.00      0.00      0.00    100.00
02:00:37          5      0.98      0.00      0.98      0.00      0.00     98.04
02:00:37          6      0.00      0.00      1.00      0.00      0.00     99.00
02:00:37          7      0.00      0.00      0.00      0.00      0.00    100.00
02:00:37          8      0.00      0.00      0.00      0.00      0.00    100.00
02:00:37          9      0.00      0.00      0.00      0.00      0.00    100.00
02:00:37         10      1.01      0.00      1.01      5.05      0.00     92.93
02:00:37         11      0.00      0.00      0.00      0.00      0.00    100.00
02:00:37         12      1.00      0.00      0.00      0.00      0.00     99.00
02:00:37         13      1.01      0.00      0.00      0.00      0.00     98.99
02:00:37         14      4.95      0.00      1.98      7.92      0.00     85.15
02:00:37         15      1.98      0.00      0.99      0.99      0.00     96.04
02:00:37         16      0.99      0.00      1.98      0.00      0.00     97.03
02:00:37         17      0.00      0.00      0.00      0.00      0.00    100.00
02:00:37         18      0.00      0.00      0.00      0.00      0.00    100.00
02:00:37         19      0.00      0.00      0.00      0.00      0.00    100.00
02:00:37         20      0.00      0.00      0.00      0.00      0.00    100.00
02:00:37         21      0.00      0.00      0.00      0.00      0.00    100.00
02:00:37         22      6.06      0.00      1.01      0.00      0.00     92.93
02:00:37         23      0.00      0.00      0.00      0.00      0.00    100.00
02:00:37         24      0.00      0.00      0.00      0.00      0.00    100.00
02:00:37         25      0.00      0.00      0.00      0.00      0.00    100.00
02:00:37         26      0.00      0.00      0.00      0.00      0.00    100.00
02:00:37         27      0.00      0.00      0.00      0.00      0.00    100.00
02:00:37         28      3.03      0.00      0.00      6.06      0.00     90.91
02:00:37         29      0.00      0.00      0.00      0.00      0.00    100.00
02:00:37         30      0.00      0.00      0.00      0.00      0.00    100.00
02:00:37         31      0.00      0.00      1.98      1.98      0.00     96.04
02:00:37         32      0.00      0.00      1.00      0.00      0.00     99.00
02:00:37         33      0.00      0.00      0.00      0.00      0.00    100.00
02:00:37         34      0.00      0.00      0.00      0.00      0.00    100.00
02:00:37         35      0.00      0.00      0.00      0.00      0.00    100.00
02:00:37         36      0.00      0.00      0.00      0.00      0.00    100.00
02:00:37         37      0.00      0.00      0.00      0.00      0.00    100.00
02:00:37         38      1.01      0.00      1.01      3.03      0.00     94.95
02:00:37         39      2.02      0.00      1.01      0.00      0.00     96.97

02:00:37        CPU     %user     %nice   %system   %iowait    %steal     %idle
02:00:38        all      1.78      0.00      0.43      0.00      0.00     97.80
02:00:38          0     58.16      0.00      7.14      0.00      0.00     34.69
02:00:38          1      0.00      0.00      1.01      0.00      0.00     98.99
02:00:38          2      6.06      0.00      0.00      0.00      0.00     93.94
02:00:38          3      0.00      0.00      0.00      0.00      0.00    100.00
02:00:38          4      0.00      0.00      0.00      0.00      0.00    100.00
02:00:38          5      1.01      0.00      0.00      0.00      0.00     98.99
02:00:38          6      0.00      0.00      0.00      0.00      0.00    100.00
02:00:38          7      0.00      0.00      0.00      0.00      0.00    100.00
02:00:38          8      0.00      0.00      1.00      0.00      0.00     99.00
02:00:38          9      0.00      0.00      0.99      0.00      0.00     99.01
02:00:38         10      0.00      0.00      0.00      0.00      0.00    100.00
02:00:38         11      0.00      0.00      0.00      0.00      0.00    100.00
02:00:38         12      0.00      0.00      0.00      0.00      0.00    100.00
02:00:38         13      0.00      0.00      0.00      0.00      0.00    100.00
02:00:38         14      0.00      0.00      0.00      0.00      0.00    100.00
02:00:38         15      0.00      0.00      0.00      0.00      0.00    100.00
02:00:38         16      0.00      0.00      0.00      0.00      0.00    100.00
02:00:38         17      1.01      0.00      1.01      0.00      0.00     97.98
02:00:38         18      0.00      0.00      0.00      0.00      0.00    100.00
02:00:38         19      0.00      0.00      0.00      0.00      0.00    100.00
02:00:38         20      0.00      0.00      0.00      0.00      0.00    100.00
02:00:38         21      0.00      0.00      0.00      0.00      0.00    100.00
02:00:38         22      0.00      0.00      0.00      0.00      0.00    100.00
02:00:38         23      0.00      0.00      0.00      0.00      0.00    100.00
02:00:38         24      0.00      0.00      1.00      0.00      0.00     99.00
02:00:38         25      0.00      0.00      0.00      0.00      0.00    100.00
02:00:38         26      0.00      0.00      0.99      0.00      0.00     99.01
02:00:38         27      0.00      0.00      0.00      0.00      0.00    100.00
02:00:38         28      1.00      0.00      1.00      0.00      0.00     98.00
02:00:38         29      0.00      0.00      0.00      0.00      0.00    100.00
02:00:38         30      0.00      0.00      0.00      0.00      0.00    100.00
02:00:38         31      1.98      0.00      0.99      0.00      0.00     97.03
02:00:38         32      0.00      0.00      0.00      0.00      0.00    100.00
02:00:38         33      0.00      0.00      0.00      0.00      0.00    100.00
02:00:38         34      0.00      0.00      0.00      0.00      0.00    100.00
02:00:38         35      0.00      0.00      0.00      0.00      0.00    100.00
02:00:38         36      0.00      0.00      0.00      0.00      0.00    100.00
02:00:38         37      0.00      0.00      0.00      0.00      0.00    100.00
02:00:38         38      0.00      0.00      1.00      0.00      0.00     99.00
02:00:38         39      0.00      0.00      0.00      0.00      0.00    100.00

02:00:38        CPU     %user     %nice   %system   %iowait    %steal     %idle
02:00:39        all      1.28      0.00      0.25      0.00      0.00     98.47
02:00:39          0     15.00      0.00      2.00      0.00      0.00     83.00
02:00:39          1      0.00      0.00      1.00      0.00      0.00     99.00
02:00:39          2      0.00      0.00      0.00      0.00      0.00    100.00
02:00:39          3     25.00      0.00      3.00      0.00      0.00     72.00
02:00:39          4      0.00      0.00      0.00      0.00      0.00    100.00
02:00:39          5      0.00      0.00      0.00      0.00      0.00    100.00
02:00:39          6      0.99      0.00      0.99      0.00      0.00     98.02
02:00:39          7      0.99      0.00      0.00      0.00      0.00     99.01
02:00:39          8      3.92      0.00      0.98      0.00      0.00     95.10
02:00:39          9      0.00      0.00      0.00      0.00      0.00    100.00
02:00:39         10      0.00      0.00      1.00      0.00      0.00     99.00
02:00:39         11      0.00      0.00      0.00      0.00      0.00    100.00
02:00:39         12      0.00      0.00      0.00      0.00      0.00    100.00
02:00:39         13      0.00      0.00      0.00      0.00      0.00    100.00
02:00:39         14      0.00      0.00      0.00      0.00      0.00    100.00
02:00:39         15      0.00      0.00      0.00      0.00      0.00    100.00
02:00:39         16      0.00      0.00      0.00      0.00      0.00    100.00
02:00:39         17      0.00      0.00      0.00      0.00      0.00    100.00
02:00:39         18      0.00      0.00      0.00      0.00      0.00    100.00
02:00:39         19      0.00      0.00      0.99      0.00      0.00     99.01
02:00:39         20      0.00      0.00      0.00      0.00      0.00    100.00
02:00:39         21      0.00      0.00      0.00      0.00      0.00    100.00
02:00:39         22      0.99      0.00      0.99      0.00      0.00     98.02
02:00:39         23      0.00      0.00      0.00      0.00      0.00    100.00
02:00:39         24      1.00      0.00      0.00      0.00      0.00     99.00
02:00:39         25      0.00      0.00      0.00      0.00      0.00    100.00
02:00:39         26      1.00      0.00      0.00      0.00      0.00     99.00
02:00:39         27      0.00      0.00      0.00      0.00      0.00    100.00
02:00:39         28      4.00      0.00      1.00      0.00      0.00     95.00
02:00:39         29      0.00      0.00      1.00      0.00      0.00     99.00
02:00:39         30      0.00      0.00      0.00      0.00      0.00    100.00
02:00:39         31      0.00      0.00      0.00      0.00      0.00    100.00
02:00:39         32      0.00      0.00      0.00      0.00      0.00    100.00
02:00:39         33      0.00      0.00      0.00      0.00      0.00    100.00
02:00:39         34      0.00      0.00      0.00      0.00      0.00    100.00
02:00:39         35      0.00      0.00      0.00      0.00      0.00    100.00
02:00:39         36      0.00      0.00      0.00      0.00      0.00    100.00
02:00:39         37      0.00      0.00      0.00      0.00      0.00    100.00
02:00:39         38      1.00      0.00      0.00      0.00      0.00     99.00
02:00:39         39      0.00      0.00      0.00      0.00      0.00    100.00

02:00:39        CPU     %user     %nice   %system   %iowait    %steal     %idle
02:00:40        all      0.13      0.00      0.00      0.10      0.00     99.77
02:00:40          0      0.00      0.00      0.00      0.00      0.00    100.00
02:00:40          1      0.99      0.00      0.00      0.00      0.00     99.01
02:00:40          2      0.00      0.00      0.00      4.00      0.00     96.00
02:00:40          3      0.00      0.00      0.00      0.00      0.00    100.00
02:00:40          4      0.00      0.00      0.00      0.00      0.00    100.00
02:00:40          5      0.00      0.00      0.00      0.00      0.00    100.00
02:00:40          6      0.00      0.00      0.00      0.00      0.00    100.00
02:00:40          7      0.00      0.00      0.00      0.00      0.00    100.00
02:00:40          8      0.00      0.00      0.00      0.00      0.00    100.00
02:00:40          9      1.00      0.00      0.00      0.00      0.00     99.00
02:00:40         10      0.00      0.00      0.00      0.00      0.00    100.00
02:00:40         11      0.00      0.00      0.00      0.00      0.00    100.00
02:00:40         12      0.00      0.00      0.00      0.00      0.00    100.00
02:00:40         13      0.00      0.00      1.00      0.00      0.00     99.00
02:00:40         14      0.00      0.00      0.00      0.00      0.00    100.00
02:00:40         15      0.00      0.00      0.00      0.00      0.00    100.00
02:00:40         16      0.00      0.00      0.00      0.00      0.00    100.00
02:00:40         17      0.99      0.00      0.00      0.00      0.00     99.01
02:00:40         18      0.00      0.00      0.00      0.00      0.00    100.00
02:00:40         19      1.00      0.00      0.00      0.00      0.00     99.00
02:00:40         20      0.00      0.00      0.00      0.00      0.00    100.00
02:00:40         21      0.00      0.00      0.99      0.00      0.00     99.01
02:00:40         22      0.00      0.00      0.00      0.00      0.00    100.00
02:00:40         23      0.00      0.00      0.00      0.00      0.00    100.00
02:00:40         24      0.00      0.00      0.00      0.00      0.00    100.00
02:00:40         25      0.00      0.00      0.00      0.00      0.00    100.00
02:00:40         26      0.00      0.00      0.00      0.00      0.00    100.00
02:00:40         27      0.00      0.00      0.00      0.00      0.00    100.00
02:00:40         28      0.00      0.00      0.00      0.00      0.00    100.00
02:00:40         29      0.00      0.00      0.00      0.00      0.00    100.00
02:00:40         30      0.00      0.00      0.00      0.00      0.00    100.00
02:00:40         31      0.00      0.00      0.00      0.00      0.00    100.00
02:00:40         32      0.00      0.00      0.00      0.00      0.00    100.00
02:00:40         33      0.00      0.00      0.00      0.00      0.00    100.00
02:00:40         34      0.00      0.00      0.00      0.00      0.00    100.00
02:00:40         35      0.00      0.00      0.00      0.00      0.00    100.00
02:00:40         36      0.00      0.00      0.00      0.00      0.00    100.00
02:00:40         37      1.00      0.00      0.00      0.00      0.00     99.00
02:00:40         38      0.00      0.00      0.00      0.00      0.00    100.00
02:00:40         39      0.00      0.00      0.00      0.00      0.00    100.00

02:00:40        CPU     %user     %nice   %system   %iowait    %steal     %idle
02:00:41        all      0.00      0.00      0.00      0.00      0.00    100.00
02:00:41          0      0.00      0.00      0.00      0.00      0.00    100.00
02:00:41          1      0.00      0.00      0.00      0.00      0.00    100.00
02:00:41          2      0.00      0.00      0.00      0.00      0.00    100.00
02:00:41          3      0.00      0.00      0.00      0.00      0.00    100.00
02:00:41          4      0.00      0.00      0.00      0.00      0.00    100.00
02:00:41          5      0.00      0.00      0.00      0.00      0.00    100.00
02:00:41          6      0.00      0.00      0.00      0.00      0.00    100.00
02:00:41          7      0.00      0.00      0.00      0.00      0.00    100.00
02:00:41          8      0.00      0.00      0.00      0.00      0.00    100.00
02:00:41          9      0.00      0.00      0.00      0.00      0.00    100.00
02:00:41         10      0.00      0.00      0.00      0.00      0.00    100.00
02:00:41         11      0.00      0.00      0.00      0.00      0.00    100.00
02:00:41         12      0.00      0.00      0.00      0.00      0.00    100.00
02:00:41         13      0.00      0.00      0.00      0.00      0.00    100.00
02:00:41         14      0.00      0.00      0.00      0.00      0.00    100.00
02:00:41         15      0.00      0.00      0.00      0.00      0.00    100.00
02:00:41         16      0.00      0.00      0.00      0.00      0.00    100.00
02:00:41         17      0.00      0.00      0.00      0.00      0.00    100.00
02:00:41         18      0.00      0.00      0.00      0.00      0.00    100.00
02:00:41         19      0.00      0.00      0.00      0.00      0.00    100.00
02:00:41         20      0.00      0.00      0.00      0.00      0.00    100.00
02:00:41         21      0.00      0.00      0.00      0.00      0.00    100.00
02:00:41         22      0.00      0.00      0.00      0.00      0.00    100.00
02:00:41         23      0.00      0.00      0.00      0.00      0.00    100.00
02:00:41         24      0.00      0.00      0.00      0.00      0.00    100.00
02:00:41         25      0.00      0.00      0.00      0.00      0.00    100.00
02:00:41         26      0.00      0.00      0.00      0.00      0.00    100.00
02:00:41         27      0.00      0.00      0.00      0.00      0.00    100.00
02:00:41         28      0.00      0.00      0.00      0.00      0.00    100.00
02:00:41         29      0.00      0.00      0.00      0.00      0.00    100.00
02:00:41         30      0.00      0.00      0.00      0.00      0.00    100.00
02:00:41         31      0.00      0.00      0.00      0.00      0.00    100.00
02:00:41         32      0.00      0.00      0.00      0.00      0.00    100.00
02:00:41         33      0.00      0.00      0.00      0.00      0.00    100.00
02:00:41         34      0.00      0.00      0.00      0.00      0.00    100.00
02:00:41         35      0.00      0.00      0.00      0.00      0.00    100.00
02:00:41         36      0.00      0.00      0.00      0.00      0.00    100.00
02:00:41         37      0.00      0.00      0.00      0.00      0.00    100.00
02:00:41         38      0.00      0.00      0.00      0.00      0.00    100.00
02:00:41         39      0.00      0.00      0.00      0.00      0.00    100.00

02:00:41        CPU     %user     %nice   %system   %iowait    %steal     %idle
02:00:42        all      0.00      0.00      0.00      0.00      0.00    100.00
02:00:42          0      0.00      0.00      0.00      0.00      0.00    100.00
02:00:42          1      0.00      0.00      0.00      0.00      0.00    100.00
02:00:42          2      0.00      0.00      0.00      0.00      0.00    100.00
02:00:42          3      0.00      0.00      0.00      0.00      0.00    100.00
02:00:42          4      0.00      0.00      0.00      0.00      0.00    100.00
02:00:42          5      0.00      0.00      0.00      0.00      0.00    100.00
02:00:42          6      0.00      0.00      0.00      0.00      0.00    100.00
02:00:42          7      0.00      0.00      0.00      0.00      0.00    100.00
02:00:42          8      0.00      0.00      0.00      0.00      0.00    100.00
02:00:42          9      0.00      0.00      0.00      0.00      0.00    100.00
02:00:42         10      0.00      0.00      0.00      0.00      0.00    100.00
02:00:42         11      0.00      0.00      0.00      0.00      0.00    100.00
02:00:42         12      0.00      0.00      0.00      0.00      0.00    100.00
02:00:42         13      0.00      0.00      0.00      0.00      0.00    100.00
02:00:42         14      0.00      0.00      0.00      0.00      0.00    100.00
02:00:42         15      0.00      0.00      0.00      0.00      0.00    100.00
02:00:42         16      0.00      0.00      0.00      0.00      0.00    100.00
02:00:42         17      0.00      0.00      0.00      0.00      0.00    100.00
02:00:42         18      0.00      0.00      0.00      0.00      0.00    100.00
02:00:42         19      0.00      0.00      0.00      0.00      0.00    100.00
02:00:42         20      0.00      0.00      0.00      0.00      0.00    100.00
02:00:42         21      0.00      0.00      0.00      0.00      0.00    100.00
02:00:42         22      0.00      0.00      0.00      0.00      0.00    100.00
02:00:42         23      0.00      0.00      0.00      0.00      0.00    100.00
02:00:42         24      0.00      0.00      0.00      0.00      0.00    100.00
02:00:42         25      0.00      0.00      0.00      0.00      0.00    100.00
02:00:42         26      0.00      0.00      0.00      0.00      0.00    100.00
02:00:42         27      0.00      0.00      0.00      0.00      0.00    100.00
02:00:42         28      0.00      0.00      0.00      0.00      0.00    100.00
02:00:42         29      0.00      0.00      0.00      0.00      0.00    100.00
02:00:42         30      0.00      0.00      0.00      0.00      0.00    100.00
02:00:42         31      0.00      0.00      0.00      0.00      0.00    100.00
02:00:42         32      0.00      0.00      0.00      0.00      0.00    100.00
02:00:42         33      0.00      0.00      0.00      0.00      0.00    100.00
02:00:42         34      0.00      0.00      0.00      0.00      0.00    100.00
02:00:42         35      0.00      0.00      0.00      0.00      0.00    100.00
02:00:42         36      0.00      0.00      0.00      0.00      0.00    100.00
02:00:42         37      0.00      0.00      0.00      0.00      0.00    100.00
02:00:42         38      0.00      0.00      0.00      0.00      0.00    100.00
02:00:42         39      0.00      0.00      0.00      0.00      0.00    100.00

02:00:42        CPU     %user     %nice   %system   %iowait    %steal     %idle
02:00:43        all      0.00      0.00      0.00      0.00      0.00    100.00
02:00:43          0      0.00      0.00      0.00      0.00      0.00    100.00
02:00:43          1      0.00      0.00      0.00      0.00      0.00    100.00
02:00:43          2      0.00      0.00      0.00      0.00      0.00    100.00
02:00:43          3      0.00      0.00      0.00      0.00      0.00    100.00
02:00:43          4      0.00      0.00      0.00      0.00      0.00    100.00
02:00:43          5      0.00      0.00      0.00      0.00      0.00    100.00
02:00:43          6      0.00      0.00      0.00      0.00      0.00    100.00
02:00:43          7      0.00      0.00      0.00      0.00      0.00    100.00
02:00:43          8      0.00      0.00      0.00      0.00      0.00    100.00
02:00:43          9      0.00      0.00      0.00      0.00      0.00    100.00
02:00:43         10      0.00      0.00      0.00      0.00      0.00    100.00
02:00:43         11      0.00      0.00      0.00      0.00      0.00    100.00
02:00:43         12      0.00      0.00      0.00      0.00      0.00    100.00
02:00:43         13      0.00      0.00      0.00      0.00      0.00    100.00
02:00:43         14      0.00      0.00      0.00      0.00      0.00    100.00
02:00:43         15      0.00      0.00      0.00      0.00      0.00    100.00
02:00:43         16      0.00      0.00      0.00      0.00      0.00    100.00
02:00:43         17      0.00      0.00      0.00      0.00      0.00    100.00
02:00:43         18      0.00      0.00      0.00      0.00      0.00    100.00
02:00:43         19      0.00      0.00      0.00      0.00      0.00    100.00
02:00:43         20      0.00      0.00      0.00      0.00      0.00    100.00
02:00:43         21      0.00      0.00      0.00      0.00      0.00    100.00
02:00:43         22      0.00      0.00      0.00      0.00      0.00    100.00
02:00:43         23      0.00      0.00      0.00      0.00      0.00    100.00
02:00:43         24      0.00      0.00      0.00      0.00      0.00    100.00
02:00:43         25      0.00      0.00      0.00      0.00      0.00    100.00
02:00:43         26      0.00      0.00      0.00      0.00      0.00    100.00
02:00:43         27      0.00      0.00      0.00      0.00      0.00    100.00
02:00:43         28      0.00      0.00      0.00      0.00      0.00    100.00
02:00:43         29      0.00      0.00      0.00      0.00      0.00    100.00
02:00:43         30      0.00      0.00      0.00      0.00      0.00    100.00
02:00:43         31      0.00      0.00      0.00      0.00      0.00    100.00
02:00:43         32      0.00      0.00      0.00      0.00      0.00    100.00
02:00:43         33      0.00      0.00      0.00      0.00      0.00    100.00
02:00:43         34      0.00      0.00      0.00      0.00      0.00    100.00
02:00:43         35      0.00      0.00      0.00      0.00      0.00    100.00
02:00:43         36      0.00      0.00      0.00      0.00      0.00    100.00
02:00:43         37      0.00      0.00      0.00      0.00      0.00    100.00
02:00:43         38      0.00      0.00      0.00      0.00      0.00    100.00
02:00:43         39      0.00      0.00      0.00      0.00      0.00    100.00

02:00:43        CPU     %user     %nice   %system   %iowait    %steal     %idle
02:00:44        all      0.03      0.00      0.03      0.00      0.00     99.95
02:00:44          0      0.00      0.00      0.00      0.00      0.00    100.00
02:00:44          1      0.00      0.00      0.00      0.00      0.00    100.00
02:00:44          2      0.00      0.00      0.00      0.00      0.00    100.00
02:00:44          3      0.00      0.00      0.00      0.00      0.00    100.00
02:00:44          4      0.00      0.00      0.00      0.00      0.00    100.00
02:00:44          5      0.00      0.00      0.00      0.00      0.00    100.00
02:00:44          6      0.00      0.00      0.00      0.00      0.00    100.00
02:00:44          7      1.00      0.00      0.00      0.00      0.00     99.00
02:00:44          8      0.00      0.00      0.00      0.00      0.00    100.00
02:00:44          9      0.00      0.00      0.00      0.00      0.00    100.00
02:00:44         10      0.00      0.00      0.00      0.00      0.00    100.00
02:00:44         11      0.00      0.00      0.00      0.00      0.00    100.00
02:00:44         12      0.00      0.00      0.00      0.00      0.00    100.00
02:00:44         13      0.00      0.00      0.00      0.00      0.00    100.00
02:00:44         14      0.00      0.00      0.00      0.00      0.00    100.00
02:00:44         15      0.00      0.00      0.00      0.00      0.00    100.00
02:00:44         16      0.00      0.00      0.00      0.00      0.00    100.00
02:00:44         17      0.00      0.00      0.00      0.00      0.00    100.00
02:00:44         18      0.00      0.00      0.00      0.00      0.00    100.00
02:00:44         19      0.00      0.00      0.00      0.00      0.00    100.00
02:00:44         20      0.00      0.00      0.00      0.00      0.00    100.00
02:00:44         21      0.00      0.00      0.00      0.00      0.00    100.00
02:00:44         22      0.00      0.00      0.00      0.00      0.00    100.00
02:00:44         23      0.00      0.00      0.00      0.00      0.00    100.00
02:00:44         24      0.00      0.00      0.00      0.00      0.00    100.00
02:00:44         25      0.00      0.00      0.00      0.00      0.00    100.00
02:00:44         26      0.00      0.00      0.00      0.00      0.00    100.00
02:00:44         27      0.00      0.00      0.00      0.00      0.00    100.00
02:00:44         28      0.00      0.00      0.00      0.00      0.00    100.00
02:00:44         29      0.00      0.00      0.00      0.00      0.00    100.00
02:00:44         30      0.00      0.00      0.00      0.00      0.00    100.00
02:00:44         31      0.00      0.00      0.00      0.00      0.00    100.00
02:00:44         32      0.00      0.00      0.00      0.00      0.00    100.00
02:00:44         33      0.00      0.00      0.00      0.00      0.00    100.00
02:00:44         34      0.00      0.00      0.00      0.00      0.00    100.00
02:00:44         35      0.00      0.00      0.00      0.00      0.00    100.00
02:00:44         36      0.00      0.00      0.00      0.00      0.00    100.00
02:00:44         37      0.00      0.00      0.00      0.00      0.00    100.00
02:00:44         38      0.00      0.00      0.00      0.00      0.00    100.00
02:00:44         39      0.00      0.00      0.00      0.00      0.00    100.00

02:00:44        CPU     %user     %nice   %system   %iowait    %steal     %idle
02:00:45        all      0.00      0.00      0.00      0.00      0.00    100.00
02:00:45          0      0.00      0.00      0.00      0.00      0.00    100.00
02:00:45          1      0.00      0.00      0.00      0.00      0.00    100.00
02:00:45          2      0.00      0.00      0.00      0.00      0.00    100.00
02:00:45          3      0.00      0.00      0.00      0.00      0.00    100.00
02:00:45          4      0.00      0.00      0.00      0.00      0.00    100.00
02:00:45          5      0.00      0.00      0.00      1.00      0.00     99.00
02:00:45          6      0.00      0.00      0.00      0.00      0.00    100.00
02:00:45          7      0.00      0.00      0.00      0.00      0.00    100.00
02:00:45          8      0.00      0.00      0.00      0.00      0.00    100.00
02:00:45          9      0.00      0.00      0.00      0.00      0.00    100.00
02:00:45         10      0.00      0.00      0.00      0.00      0.00    100.00
02:00:45         11      0.00      0.00      0.00      0.00      0.00    100.00
02:00:45         12      0.00      0.00      0.00      0.00      0.00    100.00
02:00:45         13      0.00      0.00      0.00      0.00      0.00    100.00
02:00:45         14      0.00      0.00      0.00      0.00      0.00    100.00
02:00:45         15      0.00      0.00      0.00      0.00      0.00    100.00
02:00:45         16      0.00      0.00      0.00      0.00      0.00    100.00
02:00:45         17      0.00      0.00      0.00      0.00      0.00    100.00
02:00:45         18      0.00      0.00      0.00      0.00      0.00    100.00
02:00:45         19      0.00      0.00      0.00      0.00      0.00    100.00
02:00:45         20      0.00      0.00      0.00      0.00      0.00    100.00
02:00:45         21      0.00      0.00      0.00      0.00      0.00    100.00
02:00:45         22      0.00      0.00      0.00      0.00      0.00    100.00
02:00:45         23      0.00      0.00      0.00      0.00      0.00    100.00
02:00:45         24      0.00      0.00      0.00      0.00      0.00    100.00
02:00:45         25      0.00      0.00      0.00      0.00      0.00    100.00
02:00:45         26      0.00      0.00      0.00      0.00      0.00    100.00
02:00:45         27      0.00      0.00      0.00      0.00      0.00    100.00
02:00:45         28      0.00      0.00      0.00      0.00      0.00    100.00
02:00:45         29      0.00      0.00      0.00      0.00      0.00    100.00
02:00:45         30      0.00      0.00      0.00      0.00      0.00    100.00
02:00:45         31      0.00      0.00      0.00      0.00      0.00    100.00
02:00:45         32      0.00      0.00      0.00      0.00      0.00    100.00
02:00:45         33      0.00      0.00      0.00      0.00      0.00    100.00
02:00:45         34      0.00      0.00      0.00      0.00      0.00    100.00
02:00:45         35      0.00      0.00      0.00      0.00      0.00    100.00
02:00:45         36      0.00      0.00      0.00      0.00      0.00    100.00
02:00:45         37      0.00      0.00      0.00      0.00      0.00    100.00
02:00:45         38      0.00      0.00      0.00      0.00      0.00    100.00
02:00:45         39      0.00      0.00      0.00      0.00      0.00    100.00

02:00:45        CPU     %user     %nice   %system   %iowait    %steal     %idle
02:00:46        all      0.00      0.00      0.00      0.00      0.00    100.00
02:00:46          0      0.00      0.00      0.00      0.00      0.00    100.00
02:00:46          1      0.00      0.00      0.00      0.00      0.00    100.00
02:00:46          2      0.00      0.00      0.00      0.00      0.00    100.00
02:00:46          3      0.00      0.00      0.00      0.00      0.00    100.00
02:00:46          4      0.00      0.00      0.00      0.00      0.00    100.00
02:00:46          5      0.00      0.00      0.00      0.00      0.00    100.00
02:00:46          6      0.00      0.00      0.00      0.00      0.00    100.00
02:00:46          7      0.00      0.00      0.00      0.00      0.00    100.00
02:00:46          8      0.00      0.00      0.00      0.00      0.00    100.00
02:00:46          9      0.00      0.00      0.00      0.00      0.00    100.00
02:00:46         10      0.00      0.00      0.00      0.00      0.00    100.00
02:00:46         11      0.00      0.00      0.00      0.00      0.00    100.00
02:00:46         12      0.00      0.00      0.00      0.00      0.00    100.00
02:00:46         13      0.00      0.00      0.00      0.00      0.00    100.00
02:00:46         14      0.00      0.00      0.00      0.00      0.00    100.00
02:00:46         15      0.00      0.00      0.00      0.00      0.00    100.00
02:00:46         16      0.00      0.00      0.00      0.00      0.00    100.00
02:00:46         17      0.00      0.00      0.00      0.00      0.00    100.00
02:00:46         18      0.00      0.00      0.00      0.00      0.00    100.00
02:00:46         19      0.00      0.00      0.00      0.00      0.00    100.00
02:00:46         20      0.00      0.00      0.00      0.00      0.00    100.00
02:00:46         21      0.00      0.00      0.00      0.00      0.00    100.00
02:00:46         22      0.00      0.00      0.00      0.00      0.00    100.00
02:00:46         23      0.00      0.00      0.00      0.00      0.00    100.00
02:00:46         24      0.00      0.00      0.00      0.00      0.00    100.00
02:00:46         25      0.00      0.00      0.00      0.00      0.00    100.00
02:00:46         26      0.00      0.00      0.00      0.00      0.00    100.00
02:00:46         27      0.00      0.00      0.00      0.00      0.00    100.00
02:00:46         28      0.00      0.00      0.00      0.00      0.00    100.00
02:00:46         29      0.00      0.00      0.00      0.00      0.00    100.00
02:00:46         30      0.00      0.00      0.00      0.00      0.00    100.00
02:00:46         31      0.00      0.00      0.00      0.00      0.00    100.00
02:00:46         32      0.00      0.00      0.00      0.00      0.00    100.00
02:00:46         33      0.00      0.00      0.00      0.00      0.00    100.00
02:00:46         34      0.00      0.00      0.00      0.00      0.00    100.00
02:00:46         35      0.00      0.00      0.00      0.00      0.00    100.00
02:00:46         36      0.00      0.00      0.00      0.00      0.00    100.00
02:00:46         37      0.00      0.00      0.00      0.00      0.00    100.00
02:00:46         38      0.00      0.00      0.00      0.00      0.00    100.00
02:00:46         39      0.00      0.00      0.00      0.00      0.00    100.00

02:00:46        CPU     %user     %nice   %system   %iowait    %steal     %idle
02:00:47        all      0.00      0.00      0.00      0.00      0.00    100.00
02:00:47          0      0.00      0.00      0.00      0.00      0.00    100.00
02:00:47          1      0.00      0.00      0.00      0.00      0.00    100.00
02:00:47          2      0.00      0.00      0.00      0.00      0.00    100.00
02:00:47          3      0.00      0.00      0.00      0.00      0.00    100.00
02:00:47          4      0.00      0.00      0.00      0.00      0.00    100.00
02:00:47          5      0.00      0.00      0.00      0.00      0.00    100.00
02:00:47          6      0.00      0.00      0.00      0.00      0.00    100.00
02:00:47          7      0.00      0.00      0.00      0.00      0.00    100.00
02:00:47          8      0.00      0.00      0.00      0.00      0.00    100.00
02:00:47          9      0.00      0.00      0.00      0.00      0.00    100.00
02:00:47         10      0.00      0.00      0.00      0.00      0.00    100.00
02:00:47         11      0.00      0.00      0.00      0.00      0.00    100.00
02:00:47         12      0.00      0.00      0.00      0.00      0.00    100.00
02:00:47         13      0.00      0.00      0.00      0.00      0.00    100.00
02:00:47         14      0.00      0.00      0.00      0.00      0.00    100.00
02:00:47         15      0.00      0.00      0.00      0.00      0.00    100.00
02:00:47         16      0.00      0.00      0.00      0.00      0.00    100.00
02:00:47         17      0.00      0.00      0.00      0.00      0.00    100.00
02:00:47         18      0.00      0.00      0.00      0.00      0.00    100.00
02:00:47         19      0.00      0.00      0.00      0.00      0.00    100.00
02:00:47         20      0.00      0.00      0.00      0.00      0.00    100.00
02:00:47         21      0.00      0.00      0.00      0.00      0.00    100.00
02:00:47         22      0.00      0.00      0.00      0.00      0.00    100.00
02:00:47         23      0.00      0.00      0.00      0.00      0.00    100.00
02:00:47         24      0.00      0.00      0.00      0.00      0.00    100.00
02:00:47         25      0.00      0.00      0.00      0.00      0.00    100.00
02:00:47         26      0.00      0.00      0.00      0.00      0.00    100.00
02:00:47         27      0.00      0.00      0.00      0.00      0.00    100.00
02:00:47         28      0.00      0.00      0.00      0.00      0.00    100.00
02:00:47         29      0.00      0.00      0.00      0.00      0.00    100.00
02:00:47         30      0.00      0.00      0.00      0.00      0.00    100.00
02:00:47         31      0.00      0.00      0.00      0.00      0.00    100.00
02:00:47         32      0.00      0.00      0.00      0.00      0.00    100.00
02:00:47         33      0.00      0.00      0.00      0.00      0.00    100.00
02:00:47         34      0.00      0.00      0.00      0.00      0.00    100.00
02:00:47         35      0.00      0.00      0.00      0.00      0.00    100.00
02:00:47         36      0.00      0.00      0.00      0.00      0.00    100.00
02:00:47         37      0.00      0.00      0.00      0.00      0.00    100.00
02:00:47         38      0.00      0.00      0.00      0.00      0.00    100.00
02:00:47         39      0.00      0.00      0.00      0.00      0.00    100.00

02:00:47        CPU     %user     %nice   %system   %iowait    %steal     %idle
02:00:48        all      0.00      0.00      0.00      0.00      0.00    100.00
02:00:48          0      0.00      0.00      0.00      0.00      0.00    100.00
02:00:48          1      0.00      0.00      0.00      0.00      0.00    100.00
02:00:48          2      0.00      0.00      0.00      0.00      0.00    100.00
02:00:48          3      0.00      0.00      0.00      0.00      0.00    100.00
02:00:48          4      0.00      0.00      0.00      0.00      0.00    100.00
02:00:48          5      0.00      0.00      0.00      0.00      0.00    100.00
02:00:48          6      0.00      0.00      0.00      0.00      0.00    100.00
02:00:48          7      0.00      0.00      0.00      0.00      0.00    100.00
02:00:48          8      0.00      0.00      0.00      0.00      0.00    100.00
02:00:48          9      0.00      0.00      0.00      0.00      0.00    100.00
02:00:48         10      0.00      0.00      0.00      0.00      0.00    100.00
02:00:48         11      0.00      0.00      0.00      0.00      0.00    100.00
02:00:48         12      0.00      0.00      0.00      0.00      0.00    100.00
02:00:48         13      0.00      0.00      0.00      0.00      0.00    100.00
02:00:48         14      0.00      0.00      0.00      0.00      0.00    100.00
02:00:48         15      0.00      0.00      0.00      0.00      0.00    100.00
02:00:48         16      0.00      0.00      0.00      0.00      0.00    100.00
02:00:48         17      0.00      0.00      0.00      0.00      0.00    100.00
02:00:48         18      0.00      0.00      0.00      0.00      0.00    100.00
02:00:48         19      0.00      0.00      0.00      0.00      0.00    100.00
02:00:48         20      0.00      0.00      0.00      0.00      0.00    100.00
02:00:48         21      0.00      0.00      0.00      0.00      0.00    100.00
02:00:48         22      0.00      0.00      0.00      0.00      0.00    100.00
02:00:48         23      0.00      0.00      0.00      0.00      0.00    100.00
02:00:48         24      0.00      0.00      0.00      0.00      0.00    100.00
02:00:48         25      0.00      0.00      0.00      0.00      0.00    100.00
02:00:48         26      0.00      0.00      0.00      0.00      0.00    100.00
02:00:48         27      0.00      0.00      0.00      0.00      0.00    100.00
02:00:48         28      0.00      0.00      0.00      0.00      0.00    100.00
02:00:48         29      0.00      0.00      0.00      0.00      0.00    100.00
02:00:48         30      0.00      0.00      0.00      0.00      0.00    100.00
02:00:48         31      0.00      0.00      0.00      0.00      0.00    100.00
02:00:48         32      0.00      0.00      0.00      0.00      0.00    100.00
02:00:48         33      0.00      0.00      0.00      0.00      0.00    100.00
02:00:48         34      0.00      0.00      0.00      0.00      0.00    100.00
02:00:48         35      0.00      0.00      0.00      0.00      0.00    100.00
02:00:48         36      0.00      0.00      0.00      0.00      0.00    100.00
02:00:48         37      0.00      0.00      0.00      0.00      0.00    100.00
02:00:48         38      0.00      0.00      0.00      0.00      0.00    100.00
02:00:48         39      0.00      0.00      0.00      0.00      0.00    100.00

02:00:48        CPU     %user     %nice   %system   %iowait    %steal     %idle
02:00:49        all      0.00      0.00      0.00      0.00      0.00    100.00
02:00:49          0      0.00      0.00      0.00      0.00      0.00    100.00
02:00:49          1      0.00      0.00      0.00      0.00      0.00    100.00
02:00:49          2      0.00      0.00      0.00      0.00      0.00    100.00
02:00:49          3      0.00      0.00      0.00      0.00      0.00    100.00
02:00:49          4      0.00      0.00      0.00      0.00      0.00    100.00
02:00:49          5      0.00      0.00      0.00      0.00      0.00    100.00
02:00:49          6      0.00      0.00      0.00      0.00      0.00    100.00
02:00:49          7      0.00      0.00      0.00      0.00      0.00    100.00
02:00:49          8      0.00      0.00      0.00      0.00      0.00    100.00
02:00:49          9      0.00      0.00      0.00      0.00      0.00    100.00
02:00:49         10      0.00      0.00      0.00      0.00      0.00    100.00
02:00:49         11      0.00      0.00      0.00      0.00      0.00    100.00
02:00:49         12      0.00      0.00      0.00      0.00      0.00    100.00
02:00:49         13      0.00      0.00      0.00      0.00      0.00    100.00
02:00:49         14      0.00      0.00      0.00      0.00      0.00    100.00
02:00:49         15      0.00      0.00      0.00      0.00      0.00    100.00
02:00:49         16      0.00      0.00      0.00      0.00      0.00    100.00
02:00:49         17      0.00      0.00      0.00      0.00      0.00    100.00
02:00:49         18      0.00      0.00      0.00      0.00      0.00    100.00
02:00:49         19      0.00      0.00      0.00      0.00      0.00    100.00
02:00:49         20      0.00      0.00      0.00      0.00      0.00    100.00
02:00:49         21      0.00      0.00      0.00      0.00      0.00    100.00
02:00:49         22      0.00      0.00      0.00      0.00      0.00    100.00
02:00:49         23      0.00      0.00      0.00      0.00      0.00    100.00
02:00:49         24      0.00      0.00      0.00      0.00      0.00    100.00
02:00:49         25      0.00      0.00      0.00      0.00      0.00    100.00
02:00:49         26      0.00      0.00      0.00      0.00      0.00    100.00
02:00:49         27      0.00      0.00      0.00      0.00      0.00    100.00
02:00:49         28      0.00      0.00      0.00      0.00      0.00    100.00
02:00:49         29      0.00      0.00      0.00      0.00      0.00    100.00
02:00:49         30      0.00      0.00      0.00      0.00      0.00    100.00
02:00:49         31      0.00      0.00      0.00      0.00      0.00    100.00
02:00:49         32      0.00      0.00      0.00      0.00      0.00    100.00
02:00:49         33      0.00      0.00      0.00      0.00      0.00    100.00
02:00:49         34      0.00      0.00      0.00      0.00      0.00    100.00
02:00:49         35      0.00      0.00      0.00      0.00      0.00    100.00
02:00:49         36      0.00      0.00      0.00      0.00      0.00    100.00
02:00:49         37      0.00      0.00      0.00      0.00      0.00    100.00
02:00:49         38      0.00      0.00      0.00      0.00      0.00    100.00
02:00:49         39      0.00      0.00      0.00      0.00      0.00    100.00

02:00:49        CPU     %user     %nice   %system   %iowait    %steal     %idle
02:00:50        all      0.00      0.00      0.00      0.03      0.00     99.97
02:00:50          0      0.00      0.00      0.00      0.00      0.00    100.00
02:00:50          1      0.00      0.00      0.00      0.00      0.00    100.00
02:00:50          2      0.00      0.00      0.00      0.00      0.00    100.00
02:00:50          3      0.00      0.00      0.00      0.00      0.00    100.00
02:00:50          4      0.00      0.00      0.00      0.00      0.00    100.00
02:00:50          5      0.00      0.00      0.00      0.00      0.00    100.00
02:00:50          6      0.00      0.00      0.00      0.00      0.00    100.00
02:00:50          7      0.00      0.00      0.00      0.00      0.00    100.00
02:00:50          8      0.00      0.00      0.00      0.00      0.00    100.00
02:00:50          9      0.00      0.00      0.00      0.00      0.00    100.00
02:00:50         10      0.00      0.00      0.00      0.00      0.00    100.00
02:00:50         11      0.00      0.00      0.00      0.00      0.00    100.00
02:00:50         12      0.00      0.00      0.00      0.00      0.00    100.00
02:00:50         13      0.00      0.00      0.00      0.00      0.00    100.00
02:00:50         14      0.00      0.00      0.00      0.00      0.00    100.00
02:00:50         15      0.00      0.00      0.00      0.00      0.00    100.00
02:00:50         16      0.00      0.00      0.00      0.00      0.00    100.00
02:00:50         17      0.00      0.00      0.00      0.00      0.00    100.00
02:00:50         18      0.00      0.00      0.00      0.00      0.00    100.00
02:00:50         19      0.00      0.00      0.00      0.00      0.00    100.00
02:00:50         20      0.00      0.00      0.00      0.00      0.00    100.00
02:00:50         21      0.00      0.00      0.00      0.00      0.00    100.00
02:00:50         22      0.00      0.00      0.00      0.00      0.00    100.00
02:00:50         23      0.00      0.00      0.00      0.00      0.00    100.00
02:00:50         24      0.00      0.00      0.00      0.00      0.00    100.00
02:00:50         25      0.00      0.00      0.00      0.00      0.00    100.00
02:00:50         26      0.00      0.00      0.00      0.00      0.00    100.00
02:00:50         27      0.00      0.00      0.00      0.00      0.00    100.00
02:00:50         28      0.00      0.00      0.00      0.00      0.00    100.00
02:00:50         29      0.00      0.00      0.00      0.00      0.00    100.00
02:00:50         30      0.00      0.00      0.00      0.00      0.00    100.00
02:00:50         31      0.00      0.00      0.00      0.00      0.00    100.00
02:00:50         32      0.00      0.00      0.00      0.00      0.00    100.00
02:00:50         33      0.00      0.00      0.00      0.00      0.00    100.00
02:00:50         34      0.00      0.00      0.00      0.00      0.00    100.00
02:00:50         35      0.00      0.00      0.00      0.00      0.00    100.00
02:00:50         36      0.00      0.00      0.00      0.00      0.00    100.00
02:00:50         37      0.00      0.00      0.00      0.00      0.00    100.00
02:00:50         38      0.00      0.00      0.00      0.00      0.00    100.00
02:00:50         39      0.00      0.00      0.00      0.00      0.00    100.00

02:00:50        CPU     %user     %nice   %system   %iowait    %steal     %idle
02:00:51        all      2.43      0.00      0.50      0.00      0.00     97.07
02:00:51          0      0.00      0.00      0.00      0.00      0.00    100.00
02:00:51          1     16.00      0.00      2.00      0.00      0.00     82.00
02:00:51          2      6.06      0.00      1.01      0.00      0.00     92.93
02:00:51          3     17.17      0.00      1.01      0.00      0.00     81.82
02:00:51          4      0.00      0.00      1.00      0.00      0.00     99.00
02:00:51          5      0.99      0.00      0.99      0.00      0.00     98.02
02:00:51          6      0.00      0.00      0.00      0.00      0.00    100.00
02:00:51          7      0.00      0.00      1.01      0.00      0.00     98.99
02:00:51          8      7.07      0.00      1.01      0.00      0.00     91.92
02:00:51          9     18.00      0.00      1.00      0.00      0.00     81.00
02:00:51         10      0.00      0.00      0.00      0.00      0.00    100.00
02:00:51         11      0.00      0.00      0.00      0.00      0.00    100.00
02:00:51         12      0.00      0.00      0.00      0.00      0.00    100.00
02:00:51         13      2.00      0.00      1.00      0.00      0.00     97.00
02:00:51         14      1.01      0.00      0.00      0.00      0.00     98.99
02:00:51         15      0.00      0.00      0.99      0.00      0.00     99.01
02:00:51         16      0.00      0.00      0.00      0.00      0.00    100.00
02:00:51         17      0.00      0.00      0.00      0.00      0.00    100.00
02:00:51         18      0.00      0.00      0.00      0.00      0.00    100.00
02:00:51         19      0.00      0.00      0.00      0.00      0.00    100.00
02:00:51         20      1.01      0.00      0.00      0.00      0.00     98.99
02:00:51         21      0.00      0.00      0.00      0.00      0.00    100.00
02:00:51         22      9.18      0.00      0.00      0.00      0.00     90.82
02:00:51         23      0.00      0.00      0.99      0.00      0.00     99.01
02:00:51         24      0.00      0.00      0.00      0.00      0.00    100.00
02:00:51         25      0.00      0.00      0.00      0.00      0.00    100.00
02:00:51         26      0.00      0.00      0.00      0.00      0.00    100.00
02:00:51         27      0.99      0.00      0.00      0.00      0.00     99.01
02:00:51         28     10.00      0.00      1.00      0.00      0.00     89.00
02:00:51         29      0.00      0.00      0.00      0.00      0.00    100.00
02:00:51         30      0.00      0.00      0.00      0.00      0.00    100.00
02:00:51         31      0.00      0.00      0.00      0.00      0.00    100.00
02:00:51         32      0.00      0.00      0.00      0.00      0.00    100.00
02:00:51         33      1.00      0.00      0.00      0.00      0.00     99.00
02:00:51         34      2.02      0.00      0.00      0.00      0.00     97.98
02:00:51         35      2.02      0.00      0.00      0.00      0.00     97.98
02:00:51         36      0.00      0.00      0.00      0.00      0.00    100.00
02:00:51         37      0.00      0.00      1.01      0.00      0.00     98.99
02:00:51         38      0.00      0.00      1.00      0.00      0.00     99.00
02:00:51         39      0.00      0.00      0.00      0.00      0.00    100.00

02:00:51        CPU     %user     %nice   %system   %iowait    %steal     %idle
02:00:52        all      5.99      0.00      1.78      0.15      0.00     92.08
02:00:52          0      0.00      0.00      1.00      0.00      0.00     99.00
02:00:52          1     31.31      0.00      4.04      0.00      0.00     64.65
02:00:52          2      8.91      0.00      2.97      0.00      0.00     88.12
02:00:52          3      1.98      0.00      1.98      0.00      0.00     96.04
02:00:52          4     31.68      0.00      2.97      0.99      0.00     64.36
02:00:52          5      1.00      0.00      2.00      0.00      0.00     97.00
02:00:52          6      9.90      0.00      1.98      0.00      0.00     88.12
02:00:52          7      0.99      0.00      1.98      0.00      0.00     97.03
02:00:52          8      0.98      0.00      2.94      0.00      0.00     96.08
02:00:52          9      3.03      0.00      1.01      0.00      0.00     95.96
02:00:52         10      2.00      0.00      1.00      0.00      0.00     97.00
02:00:52         11      1.00      0.00      2.00      1.00      0.00     96.00
02:00:52         12      1.01      0.00      0.00      0.00      0.00     98.99
02:00:52         13      1.00      0.00      1.00      0.00      0.00     98.00
02:00:52         14     16.16      0.00      6.06      0.00      0.00     77.78
02:00:52         15     13.27      0.00      3.06      0.00      0.00     83.67
02:00:52         16     14.14      0.00      1.01      0.00      0.00     84.85
02:00:52         17     28.28      0.00      4.04      0.00      0.00     67.68
02:00:52         18      9.00      0.00      3.00      0.00      0.00     88.00
02:00:52         19      3.06      0.00      0.00      0.00      0.00     96.94
02:00:52         20      1.96      0.00      2.94      1.96      0.00     93.14
02:00:52         21      9.09      0.00      3.03      0.00      0.00     87.88
02:00:52         22      0.00      0.00      1.00      0.00      0.00     99.00
02:00:52         23      4.04      0.00      2.02      0.00      0.00     93.94
02:00:52         24      5.00      0.00      3.00      0.00      0.00     92.00
02:00:52         25      0.00      0.00      0.00      0.00      0.00    100.00
02:00:52         26      2.97      0.00      0.99      0.00      0.00     96.04
02:00:52         27      0.00      0.00      0.00      0.00      0.00    100.00
02:00:52         28      0.00      0.00      0.00      0.00      0.00    100.00
02:00:52         29      1.00      0.00      0.00      0.00      0.00     99.00
02:00:52         30      0.00      0.00      0.00      0.00      0.00    100.00
02:00:52         31      0.00      0.00      0.00      0.00      0.00    100.00
02:00:52         32      1.00      0.00      1.00      0.00      0.00     98.00
02:00:52         33      0.00      0.00      1.00      0.00      0.00     99.00
02:00:52         34      2.04      0.00      0.00      0.00      0.00     97.96
02:00:52         35      3.96      0.00      2.97      0.00      0.00     93.07
02:00:52         36      5.94      0.00      2.97      0.00      0.00     91.09
02:00:52         37      7.00      0.00      2.00      2.00      0.00     89.00
02:00:52         38     10.89      0.00      2.97      0.99      0.00     85.15
02:00:52         39      8.08      0.00      2.02      0.00      0.00     89.90

02:00:52        CPU     %user     %nice   %system   %iowait    %steal     %idle
02:00:53        all      0.00      0.00      0.00      0.00      0.00    100.00
02:00:53          0      0.00      0.00      0.00      0.00      0.00    100.00
02:00:53          1      0.00      0.00      0.00      0.00      0.00    100.00
02:00:53          2      0.00      0.00      0.00      0.00      0.00    100.00
02:00:53          3      0.00      0.00      0.00      0.00      0.00    100.00
02:00:53          4      0.00      0.00      0.00      0.00      0.00    100.00
02:00:53          5      0.00      0.00      0.00      0.00      0.00    100.00
02:00:53          6      0.00      0.00      0.00      0.00      0.00    100.00
02:00:53          7      0.00      0.00      0.00      0.00      0.00    100.00
02:00:53          8      0.00      0.00      0.00      0.00      0.00    100.00
02:00:53          9      0.00      0.00      0.00      0.00      0.00    100.00
02:00:53         10      0.00      0.00      0.00      0.00      0.00    100.00
02:00:53         11      0.00      0.00      0.00      0.00      0.00    100.00
02:00:53         12      0.00      0.00      0.00      0.00      0.00    100.00
02:00:53         13      0.00      0.00      0.00      0.00      0.00    100.00
02:00:53         14      0.00      0.00      0.00      0.00      0.00    100.00
02:00:53         15      0.00      0.00      0.00      0.00      0.00    100.00
02:00:53         16      0.00      0.00      0.00      0.00      0.00    100.00
02:00:53         17      0.00      0.00      0.00      0.00      0.00    100.00
02:00:53         18      0.00      0.00      0.00      0.00      0.00    100.00
02:00:53         19      0.00      0.00      0.00      0.00      0.00    100.00
02:00:53         20      0.00      0.00      0.00      0.00      0.00    100.00
02:00:53         21      0.00      0.00      0.00      0.00      0.00    100.00
02:00:53         22      0.00      0.00      0.00      0.00      0.00    100.00
02:00:53         23      0.00      0.00      0.00      0.00      0.00    100.00
02:00:53         24      0.00      0.00      0.00      0.00      0.00    100.00
02:00:53         25      0.00      0.00      0.00      0.00      0.00    100.00
02:00:53         26      0.00      0.00      0.00      0.00      0.00    100.00
02:00:53         27      0.00      0.00      0.00      0.00      0.00    100.00
02:00:53         28      0.00      0.00      0.00      0.00      0.00    100.00
02:00:53         29      0.00      0.00      0.00      0.00      0.00    100.00
02:00:53         30      0.00      0.00      0.00      0.00      0.00    100.00
02:00:53         31      0.00      0.00      0.00      0.00      0.00    100.00
02:00:53         32      0.00      0.00      0.00      0.00      0.00    100.00
02:00:53         33      0.00      0.00      0.00      0.00      0.00    100.00
02:00:53         34      0.00      0.00      0.00      0.00      0.00    100.00
02:00:53         35      0.00      0.00      0.00      0.00      0.00    100.00
02:00:53         36      0.00      0.00      0.00      0.00      0.00    100.00
02:00:53         37      0.00      0.00      0.00      0.00      0.00    100.00
02:00:53         38      0.00      0.00      0.00      0.00      0.00    100.00
02:00:53         39      0.00      0.00      0.00      0.00      0.00    100.00

02:00:53        CPU     %user     %nice   %system   %iowait    %steal     %idle
02:00:54        all      0.03      0.00      0.03      0.00      0.00     99.95
02:00:54          0      0.00      0.00      0.00      0.00      0.00    100.00
02:00:54          1      0.00      0.00      0.00      0.00      0.00    100.00
02:00:54          2      0.00      0.00      0.00      0.00      0.00    100.00
02:00:54          3      0.00      0.00      0.00      0.00      0.00    100.00
02:00:54          4      0.00      0.00      0.00      0.00      0.00    100.00
02:00:54          5      0.00      0.00      0.00      0.00      0.00    100.00
02:00:54          6      0.00      0.00      0.00      0.00      0.00    100.00
02:00:54          7      0.00      0.00      0.99      0.00      0.00     99.01
02:00:54          8      0.00      0.00      0.00      0.00      0.00    100.00
02:00:54          9      0.00      0.00      0.00      0.00      0.00    100.00
02:00:54         10      0.00      0.00      0.00      0.00      0.00    100.00
02:00:54         11      0.00      0.00      0.00      0.00      0.00    100.00
02:00:54         12      0.00      0.00      0.00      0.00      0.00    100.00
02:00:54         13      0.00      0.00      0.00      0.00      0.00    100.00
02:00:54         14      0.00      0.00      0.00      0.00      0.00    100.00
02:00:54         15      0.00      0.00      0.00      0.00      0.00    100.00
02:00:54         16      0.00      0.00      0.00      0.00      0.00    100.00
02:00:54         17      0.00      0.00      0.00      0.00      0.00    100.00
02:00:54         18      0.00      0.00      0.00      0.00      0.00    100.00
02:00:54         19      0.00      0.00      0.00      0.00      0.00    100.00
02:00:54         20      0.00      0.00      0.00      0.00      0.00    100.00
02:00:54         21      0.00      0.00      0.00      0.00      0.00    100.00
02:00:54         22      0.00      0.00      0.00      0.00      0.00    100.00
02:00:54         23      0.00      0.00      0.00      0.00      0.00    100.00
02:00:54         24      0.00      0.00      0.00      0.00      0.00    100.00
02:00:54         25      0.00      0.00      0.00      0.00      0.00    100.00
02:00:54         26      0.00      0.00      0.00      0.00      0.00    100.00
02:00:54         27      0.00      0.00      0.00      0.00      0.00    100.00
02:00:54         28      0.00      0.00      0.00      0.00      0.00    100.00
02:00:54         29      0.00      0.00      0.00      0.00      0.00    100.00
02:00:54         30      0.00      0.00      0.00      0.00      0.00    100.00
02:00:54         31      0.00      0.00      0.00      0.00      0.00    100.00
02:00:54         32      0.00      0.00      0.00      0.00      0.00    100.00
02:00:54         33      0.99      0.00      0.00      0.00      0.00     99.01
02:00:54         34      0.00      0.00      0.00      0.00      0.00    100.00
02:00:54         35      0.00      0.00      0.00      0.00      0.00    100.00
02:00:54         36      0.00      0.00      0.00      0.00      0.00    100.00
02:00:54         37      0.00      0.00      0.00      0.00      0.00    100.00
02:00:54         38      0.00      0.00      0.00      0.00      0.00    100.00
02:00:54         39      0.00      0.00      0.00      0.00      0.00    100.00

02:00:54        CPU     %user     %nice   %system   %iowait    %steal     %idle
02:00:55        all      0.00      0.00      0.00      0.08      0.00     99.92
02:00:55          0      0.00      0.00      0.00      0.00      0.00    100.00
02:00:55          1      0.00      0.00      0.00      0.00      0.00    100.00
02:00:55          2      0.00      0.00      0.00      0.00      0.00    100.00
02:00:55          3      0.00      0.00      0.00      0.00      0.00    100.00
02:00:55          4      0.00      0.00      0.00      0.00      0.00    100.00
02:00:55          5      0.00      0.00      0.00      0.00      0.00    100.00
02:00:55          6      0.00      0.00      0.00      0.00      0.00    100.00
02:00:55          7      0.00      0.00      0.00      0.00      0.00    100.00
02:00:55          8      0.00      0.00      0.00      0.00      0.00    100.00
02:00:55          9      0.00      0.00      0.00      0.00      0.00    100.00
02:00:55         10      0.00      0.00      0.00      0.00      0.00    100.00
02:00:55         11      0.00      0.00      0.00      0.00      0.00    100.00
02:00:55         12      0.00      0.00      0.00      0.00      0.00    100.00
02:00:55         13      0.00      0.00      0.99      0.00      0.00     99.01
02:00:55         14      0.00      0.00      0.00      0.00      0.00    100.00
02:00:55         15      0.00      0.00      0.00      0.00      0.00    100.00
02:00:55         16      0.00      0.00      0.00      0.00      0.00    100.00
02:00:55         17      0.00      0.00      0.00      0.00      0.00    100.00
02:00:55         18      0.00      0.00      0.00      0.00      0.00    100.00
02:00:55         19      0.00      0.00      0.00      0.00      0.00    100.00
02:00:55         20      0.00      0.00      0.00      0.00      0.00    100.00
02:00:55         21      0.00      0.00      0.00      0.00      0.00    100.00
02:00:55         22      0.00      0.00      0.00      0.00      0.00    100.00
02:00:55         23      0.00      0.00      0.00      0.00      0.00    100.00
02:00:55         24      0.00      0.00      0.00      0.00      0.00    100.00
02:00:55         25      0.00      0.00      0.00      0.00      0.00    100.00
02:00:55         26      0.00      0.00      0.00      0.00      0.00    100.00
02:00:55         27      0.00      0.00      0.00      0.00      0.00    100.00
02:00:55         28      0.00      0.00      0.00      0.00      0.00    100.00
02:00:55         29      0.00      0.00      0.00      0.00      0.00    100.00
02:00:55         30      0.00      0.00      0.00      0.00      0.00    100.00
02:00:55         31      0.00      0.00      0.00      0.00      0.00    100.00
02:00:55         32      0.00      0.00      0.00      0.00      0.00    100.00
02:00:55         33      0.00      0.00      0.00      0.00      0.00    100.00
02:00:55         34      0.00      0.00      0.00      0.00      0.00    100.00
02:00:55         35      0.00      0.00      0.00      0.00      0.00    100.00
02:00:55         36      0.00      0.00      0.00      0.00      0.00    100.00
02:00:55         37      0.00      0.00      0.00      2.02      0.00     97.98
02:00:55         38      0.00      0.00      0.00      0.00      0.00    100.00
02:00:55         39      0.00      0.00      0.00      0.00      0.00    100.00

02:00:55        CPU     %user     %nice   %system   %iowait    %steal     %idle
02:00:56        all      0.00      0.00      0.00      0.00      0.00    100.00
02:00:56          0      0.00      0.00      0.00      0.00      0.00    100.00
02:00:56          1      0.00      0.00      0.00      0.00      0.00    100.00
02:00:56          2      0.00      0.00      0.00      0.00      0.00    100.00
02:00:56          3      0.00      0.00      0.00      0.00      0.00    100.00
02:00:56          4      0.00      0.00      0.00      0.00      0.00    100.00
02:00:56          5      0.00      0.00      0.00      0.00      0.00    100.00
02:00:56          6      0.00      0.00      0.00      0.00      0.00    100.00
02:00:56          7      0.00      0.00      0.00      0.00      0.00    100.00
02:00:56          8      0.00      0.00      0.00      0.00      0.00    100.00
02:00:56          9      0.00      0.00      0.00      0.00      0.00    100.00
02:00:56         10      0.00      0.00      0.00      0.00      0.00    100.00
02:00:56         11      0.00      0.00      0.00      0.00      0.00    100.00
02:00:56         12      0.00      0.00      0.00      0.00      0.00    100.00
02:00:56         13      0.00      0.00      0.00      0.00      0.00    100.00
02:00:56         14      0.00      0.00      0.00      0.00      0.00    100.00
02:00:56         15      0.00      0.00      0.00      0.00      0.00    100.00
02:00:56         16      0.00      0.00      0.00      0.00      0.00    100.00
02:00:56         17      0.00      0.00      0.00      0.00      0.00    100.00
02:00:56         18      0.00      0.00      0.00      0.00      0.00    100.00
02:00:56         19      0.00      0.00      0.00      0.00      0.00    100.00
02:00:56         20      0.00      0.00      0.00      0.00      0.00    100.00
02:00:56         21      0.00      0.00      0.00      0.00      0.00    100.00
02:00:56         22      0.00      0.00      0.00      0.00      0.00    100.00
02:00:56         23      0.00      0.00      0.00      0.00      0.00    100.00
02:00:56         24      0.00      0.00      0.00      0.00      0.00    100.00
02:00:56         25      0.00      0.00      0.00      0.00      0.00    100.00
02:00:56         26      0.00      0.00      0.00      0.00      0.00    100.00
02:00:56         27      0.00      0.00      0.00      0.00      0.00    100.00
02:00:56         28      0.00      0.00      0.00      0.00      0.00    100.00
02:00:56         29      0.00      0.00      0.00      0.00      0.00    100.00
02:00:56         30      0.00      0.00      0.00      0.00      0.00    100.00
02:00:56         31      0.00      0.00      0.00      0.00      0.00    100.00
02:00:56         32      0.00      0.00      0.00      0.00      0.00    100.00
02:00:56         33      0.00      0.00      0.00      0.00      0.00    100.00
02:00:56         34      0.00      0.00      0.00      0.00      0.00    100.00
02:00:56         35      0.00      0.00      0.00      0.00      0.00    100.00
02:00:56         36      0.00      0.00      0.00      0.00      0.00    100.00
02:00:56         37      0.00      0.00      0.00      0.00      0.00    100.00
02:00:56         38      0.00      0.00      0.00      0.00      0.00    100.00
02:00:56         39      0.00      0.00      0.00      0.00      0.00    100.00

02:00:56        CPU     %user     %nice   %system   %iowait    %steal     %idle
02:00:57        all      0.00      0.00      0.00      0.00      0.00    100.00
02:00:57          0      0.00      0.00      0.00      0.00      0.00    100.00
02:00:57          1      0.00      0.00      0.00      0.00      0.00    100.00
02:00:57          2      0.00      0.00      0.00      0.00      0.00    100.00
02:00:57          3      0.00      0.00      0.00      0.00      0.00    100.00
02:00:57          4      0.00      0.00      0.00      0.00      0.00    100.00
02:00:57          5      0.00      0.00      0.00      0.00      0.00    100.00
02:00:57          6      0.00      0.00      0.00      0.00      0.00    100.00
02:00:57          7      0.00      0.00      0.00      0.00      0.00    100.00
02:00:57          8      0.00      0.00      0.00      0.00      0.00    100.00
02:00:57          9      0.00      0.00      0.00      0.00      0.00    100.00
02:00:57         10      0.00      0.00      0.00      0.00      0.00    100.00
02:00:57         11      0.00      0.00      0.00      0.00      0.00    100.00
02:00:57         12      0.00      0.00      0.00      0.00      0.00    100.00
02:00:57         13      0.00      0.00      0.00      0.00      0.00    100.00
02:00:57         14      0.00      0.00      0.00      0.00      0.00    100.00
02:00:57         15      0.00      0.00      0.00      0.00      0.00    100.00
02:00:57         16      0.00      0.00      0.00      0.00      0.00    100.00
02:00:57         17      0.00      0.00      0.00      0.00      0.00    100.00
02:00:57         18      0.00      0.00      0.00      0.00      0.00    100.00
02:00:57         19      0.00      0.00      0.00      0.00      0.00    100.00
02:00:57         20      0.00      0.00      0.00      0.00      0.00    100.00
02:00:57         21      0.00      0.00      0.00      0.00      0.00    100.00
02:00:57         22      0.00      0.00      0.00      0.00      0.00    100.00
02:00:57         23      0.00      0.00      0.00      0.00      0.00    100.00
02:00:57         24      0.00      0.00      0.00      0.00      0.00    100.00
02:00:57         25      0.00      0.00      0.00      0.00      0.00    100.00
02:00:57         26      0.00      0.00      0.00      0.00      0.00    100.00
02:00:57         27      0.00      0.00      0.00      0.00      0.00    100.00
02:00:57         28      0.00      0.00      0.00      0.00      0.00    100.00
02:00:57         29      0.00      0.00      0.00      0.00      0.00    100.00
02:00:57         30      0.00      0.00      0.00      0.00      0.00    100.00
02:00:57         31      0.00      0.00      0.00      0.00      0.00    100.00
02:00:57         32      0.00      0.00      0.00      0.00      0.00    100.00
02:00:57         33      0.00      0.00      0.00      0.00      0.00    100.00
02:00:57         34      0.00      0.00      0.00      0.00      0.00    100.00
02:00:57         35      0.00      0.00      0.00      0.00      0.00    100.00
02:00:57         36      0.00      0.00      0.00      0.00      0.00    100.00
02:00:57         37      0.00      0.00      0.00      0.00      0.00    100.00
02:00:57         38      0.00      0.00      0.00      0.00      0.00    100.00
02:00:57         39      0.00      0.00      0.00      0.00      0.00    100.00

02:00:57        CPU     %user     %nice   %system   %iowait    %steal     %idle
02:00:58        all      0.00      0.00      0.00      0.00      0.00    100.00
02:00:58          0      0.00      0.00      0.00      0.00      0.00    100.00
02:00:58          1      0.00      0.00      0.00      0.00      0.00    100.00
02:00:58          2      0.00      0.00      0.00      0.00      0.00    100.00
02:00:58          3      0.00      0.00      0.00      0.00      0.00    100.00
02:00:58          4      0.00      0.00      0.00      0.00      0.00    100.00
02:00:58          5      0.00      0.00      0.00      0.00      0.00    100.00
02:00:58          6      0.00      0.00      0.00      0.00      0.00    100.00
02:00:58          7      0.00      0.00      0.00      0.00      0.00    100.00
02:00:58          8      0.00      0.00      0.00      0.00      0.00    100.00
02:00:58          9      0.00      0.00      0.00      0.00      0.00    100.00
02:00:58         10      0.00      0.00      0.00      0.00      0.00    100.00
02:00:58         11      0.00      0.00      0.00      0.00      0.00    100.00
02:00:58         12      0.00      0.00      0.00      0.00      0.00    100.00
02:00:58         13      0.00      0.00      0.00      0.00      0.00    100.00
02:00:58         14      0.00      0.00      0.00      0.00      0.00    100.00
02:00:58         15      0.00      0.00      0.00      0.00      0.00    100.00
02:00:58         16      0.00      0.00      0.00      0.00      0.00    100.00
02:00:58         17      0.00      0.00      0.00      0.00      0.00    100.00
02:00:58         18      0.00      0.00      0.00      0.00      0.00    100.00
02:00:58         19      0.00      0.00      0.00      0.00      0.00    100.00
02:00:58         20      0.00      0.00      0.00      0.00      0.00    100.00
02:00:58         21      0.00      0.00      0.00      0.00      0.00    100.00
02:00:58         22      0.00      0.00      0.00      0.00      0.00    100.00
02:00:58         23      0.00      0.00      0.00      0.00      0.00    100.00
02:00:58         24      0.00      0.00      0.00      0.00      0.00    100.00
02:00:58         25      0.00      0.00      0.00      0.00      0.00    100.00
02:00:58         26      0.00      0.00      0.00      0.00      0.00    100.00
02:00:58         27      0.00      0.00      0.00      0.00      0.00    100.00
02:00:58         28      0.00      0.00      0.00      0.00      0.00    100.00
02:00:58         29      0.00      0.00      0.00      0.00      0.00    100.00
02:00:58         30      0.00      0.00      0.00      0.00      0.00    100.00
02:00:58         31      0.00      0.00      0.00      0.00      0.00    100.00
02:00:58         32      0.00      0.00      0.00      0.00      0.00    100.00
02:00:58         33      0.00      0.00      0.00      0.00      0.00    100.00
02:00:58         34      0.00      0.00      0.00      0.00      0.00    100.00
02:00:58         35      0.00      0.00      0.00      0.00      0.00    100.00
02:00:58         36      0.00      0.00      0.00      0.00      0.00    100.00
02:00:58         37      0.00      0.00      0.00      0.00      0.00    100.00
02:00:58         38      0.00      0.00      0.00      0.00      0.00    100.00
02:00:58         39      0.00      0.00      0.00      0.00      0.00    100.00

02:00:58        CPU     %user     %nice   %system   %iowait    %steal     %idle
02:00:59        all      0.00      0.00      0.00      0.00      0.00    100.00
02:00:59          0      0.00      0.00      0.00      0.00      0.00    100.00
02:00:59          1      0.00      0.00      0.00      0.00      0.00    100.00
02:00:59          2      0.00      0.00      0.00      0.00      0.00    100.00
02:00:59          3      0.00      0.00      0.00      0.00      0.00    100.00
02:00:59          4      0.00      0.00      0.00      0.00      0.00    100.00
02:00:59          5      0.00      0.00      0.00      0.00      0.00    100.00
02:00:59          6      0.00      0.00      0.00      0.00      0.00    100.00
02:00:59          7      0.00      0.00      0.00      0.00      0.00    100.00
02:00:59          8      0.00      0.00      0.00      0.00      0.00    100.00
02:00:59          9      0.00      0.00      0.00      0.00      0.00    100.00
02:00:59         10      0.00      0.00      0.00      0.00      0.00    100.00
02:00:59         11      0.00      0.00      0.00      0.00      0.00    100.00
02:00:59         12      0.00      0.00      0.00      0.00      0.00    100.00
02:00:59         13      0.00      0.00      0.00      0.00      0.00    100.00
02:00:59         14      0.00      0.00      0.00      0.00      0.00    100.00
02:00:59         15      0.00      0.00      0.00      0.00      0.00    100.00
02:00:59         16      0.00      0.00      0.00      0.00      0.00    100.00
02:00:59         17      0.00      0.00      0.00      0.00      0.00    100.00
02:00:59         18      0.00      0.00      0.00      0.00      0.00    100.00
02:00:59         19      0.00      0.00      0.00      0.00      0.00    100.00
02:00:59         20      0.00      0.00      0.00      0.00      0.00    100.00
02:00:59         21      0.00      0.00      0.00      0.00      0.00    100.00
02:00:59         22      0.00      0.00      0.00      0.00      0.00    100.00
02:00:59         23      0.00      0.00      0.00      0.00      0.00    100.00
02:00:59         24      0.00      0.00      0.00      0.00      0.00    100.00
02:00:59         25      0.00      0.00      0.00      0.00      0.00    100.00
02:00:59         26      0.00      0.00      0.00      0.00      0.00    100.00
02:00:59         27      0.00      0.00      0.00      0.00      0.00    100.00
02:00:59         28      0.00      0.00      0.00      0.00      0.00    100.00
02:00:59         29      0.00      0.00      0.00      0.00      0.00    100.00
02:00:59         30      0.00      0.00      0.00      0.00      0.00    100.00
02:00:59         31      0.00      0.00      0.00      0.00      0.00    100.00
02:00:59         32      0.00      0.00      0.00      0.00      0.00    100.00
02:00:59         33      0.00      0.00      0.00      0.00      0.00    100.00
02:00:59         34      0.00      0.00      0.00      0.00      0.00    100.00
02:00:59         35      0.00      0.00      0.00      0.00      0.00    100.00
02:00:59         36      0.00      0.00      0.00      0.00      0.00    100.00
02:00:59         37      0.00      0.00      0.00      0.00      0.00    100.00
02:00:59         38      0.00      0.00      0.00      0.00      0.00    100.00
02:00:59         39      0.00      0.00      0.00      0.00      0.00    100.00

02:00:59        CPU     %user     %nice   %system   %iowait    %steal     %idle
02:01:00        all      0.00      0.00      0.00      0.00      0.00    100.00
02:01:00          0      0.00      0.00      0.00      0.00      0.00    100.00
02:01:00          1      0.00      0.00      0.00      0.00      0.00    100.00
02:01:00          2      0.00      0.00      0.00      0.00      0.00    100.00
02:01:00          3      0.00      0.00      0.00      0.00      0.00    100.00
02:01:00          4      0.00      0.00      0.00      0.00      0.00    100.00
02:01:00          5      0.00      0.00      0.00      0.00      0.00    100.00
02:01:00          6      0.00      0.00      0.00      0.00      0.00    100.00
02:01:00          7      0.00      0.00      0.00      0.00      0.00    100.00
02:01:00          8      0.00      0.00      0.00      0.00      0.00    100.00
02:01:00          9      0.00      0.00      0.00      0.00      0.00    100.00
02:01:00         10      0.00      0.00      0.00      0.00      0.00    100.00
02:01:00         11      0.00      0.00      0.00      0.00      0.00    100.00
02:01:00         12      0.00      0.00      0.00      0.00      0.00    100.00
02:01:00         13      0.00      0.00      0.00      0.00      0.00    100.00
02:01:00         14      0.00      0.00      0.00      0.00      0.00    100.00
02:01:00         15      0.00      0.00      0.00      0.00      0.00    100.00
02:01:00         16      0.00      0.00      0.00      0.00      0.00    100.00
02:01:00         17      0.00      0.00      0.00      0.00      0.00    100.00
02:01:00         18      0.00      0.00      0.00      0.00      0.00    100.00
02:01:00         19      0.00      0.00      0.00      0.00      0.00    100.00
02:01:00         20      0.00      0.00      0.00      0.00      0.00    100.00
02:01:00         21      0.00      0.00      0.00      0.00      0.00    100.00
02:01:00         22      0.00      0.00      0.00      0.00      0.00    100.00
02:01:00         23      0.00      0.00      0.00      0.00      0.00    100.00
02:01:00         24      0.00      0.00      0.00      0.00      0.00    100.00
02:01:00         25      0.00      0.00      0.00      0.00      0.00    100.00
02:01:00         26      0.00      0.00      0.00      0.00      0.00    100.00
02:01:00         27      0.00      0.00      0.00      0.00      0.00    100.00
02:01:00         28      0.00      0.00      0.00      0.00      0.00    100.00
02:01:00         29      0.00      0.00      0.00      0.00      0.00    100.00
02:01:00         30      0.00      0.00      0.00      0.00      0.00    100.00
02:01:00         31      0.00      0.00      0.00      0.00      0.00    100.00
02:01:00         32      0.00      0.00      0.00      0.00      0.00    100.00
02:01:00         33      0.00      0.00      0.00      0.00      0.00    100.00
02:01:00         34      0.00      0.00      0.00      0.00      0.00    100.00
02:01:00         35      0.00      0.00      0.00      0.00      0.00    100.00
02:01:00         36      0.00      0.00      0.00      0.00      0.00    100.00
02:01:00         37      0.00      0.00      0.00      0.00      0.00    100.00
02:01:00         38      0.00      0.00      0.00      0.00      0.00    100.00
02:01:00         39      0.00      0.00      0.00      0.00      0.00    100.00

02:01:00        CPU     %user     %nice   %system   %iowait    %steal     %idle
02:01:01        all      0.53      0.00      0.13      0.23      0.00     99.12
02:01:01          0      1.00      0.00      0.00      0.00      0.00     99.00
02:01:01          1      0.00      0.00      1.00      9.00      0.00     90.00
02:01:01          2     17.17      0.00      1.01      0.00      0.00     81.82
02:01:01          3      0.99      0.00      0.00      0.00      0.00     99.01
02:01:01          4      0.00      0.00      0.00      0.00      0.00    100.00
02:01:01          5      0.00      0.00      0.00      0.00      0.00    100.00
02:01:01          6      0.00      0.00      0.00      0.00      0.00    100.00
02:01:01          7      0.00      0.00      0.00      0.00      0.00    100.00
02:01:01          8      0.00      0.00      0.00      0.00      0.00    100.00
02:01:01          9      0.00      0.00      0.00      0.00      0.00    100.00
02:01:01         10      0.00      0.00      0.00      0.00      0.00    100.00
02:01:01         11      0.00      0.00      0.00      0.00      0.00    100.00
02:01:01         12      0.00      0.00      0.99      0.00      0.00     99.01
02:01:01         13      0.00      0.00      0.00      0.00      0.00    100.00
02:01:01         14      0.00      0.00      0.00      0.00      0.00    100.00
02:01:01         15      1.00      0.00      0.00      0.00      0.00     99.00
02:01:01         16      0.00      0.00      0.00      0.00      0.00    100.00
02:01:01         17      0.00      0.00      0.00      0.00      0.00    100.00
02:01:01         18      0.00      0.00      0.00      0.00      0.00    100.00
02:01:01         19      0.00      0.00      0.00      0.00      0.00    100.00
02:01:01         20      0.00      0.00      0.00      0.00      0.00    100.00
02:01:01         21      0.00      0.00      0.00      0.00      0.00    100.00
02:01:01         22      0.00      0.00      0.00      0.00      0.00    100.00
02:01:01         23      0.00      0.00      0.00      0.00      0.00    100.00
02:01:01         24      0.00      0.00      0.00      0.00      0.00    100.00
02:01:01         25      0.00      0.00      0.00      0.00      0.00    100.00
02:01:01         26      0.00      0.00      0.00      0.00      0.00    100.00
02:01:01         27      0.00      0.00      0.00      0.00      0.00    100.00
02:01:01         28      0.00      0.00      1.00      0.00      0.00     99.00
02:01:01         29      0.00      0.00      0.00      0.00      0.00    100.00
02:01:01         30      0.00      0.00      0.00      0.00      0.00    100.00
02:01:01         31      0.00      0.00      0.00      0.00      0.00    100.00
02:01:01         32      0.00      0.00      0.00      0.00      0.00    100.00
02:01:01         33      0.00      0.00      0.00      0.00      0.00    100.00
02:01:01         34      0.00      0.00      0.00      0.00      0.00    100.00
02:01:01         35      0.00      0.00      0.00      0.00      0.00    100.00
02:01:01         36      0.00      0.00      0.00      0.00      0.00    100.00
02:01:01         37      1.00      0.00      1.00      0.00      0.00     98.00
02:01:01         38      0.00      0.00      0.00      0.00      0.00    100.00
02:01:01         39      0.00      0.00      0.00      0.00      0.00    100.00

02:01:01        CPU     %user     %nice   %system   %iowait    %steal     %idle
02:01:02        all      1.23      0.00      0.35      0.05      0.00     98.37
02:01:02          0      0.00      0.00      0.00      0.00      0.00    100.00
02:01:02          1      0.99      0.00      0.00      0.00      0.00     99.01
02:01:02          2     42.00      0.00      6.00      0.00      0.00     52.00
02:01:02          3      0.00      0.00      1.00      0.00      0.00     99.00
02:01:02          4      0.00      0.00      0.00      0.00      0.00    100.00
02:01:02          5      0.00      0.00      1.00      0.00      0.00     99.00
02:01:02          6      0.00      0.00      1.00      0.00      0.00     99.00
02:01:02          7      0.00      0.00      0.00      0.00      0.00    100.00
02:01:02          8      0.00      0.00      0.00      0.00      0.00    100.00
02:01:02          9      0.00      0.00      0.00      0.00      0.00    100.00
02:01:02         10      0.00      0.00      0.00      0.00      0.00    100.00
02:01:02         11      0.00      0.00      0.00      0.00      0.00    100.00
02:01:02         12      0.00      0.00      0.00      0.00      0.00    100.00
02:01:02         13      0.99      0.00      0.99      0.00      0.00     98.02
02:01:02         14      0.99      0.00      0.00      0.00      0.00     99.01
02:01:02         15      0.00      0.00      0.00      0.00      0.00    100.00
02:01:02         16      0.00      0.00      0.00      0.00      0.00    100.00
02:01:02         17      0.00      0.00      0.00      0.00      0.00    100.00
02:01:02         18      0.00      0.00      0.00      0.00      0.00    100.00
02:01:02         19      0.00      0.00      0.99      0.00      0.00     99.01
02:01:02         20      0.00      0.00      0.00      0.00      0.00    100.00
02:01:02         21      1.00      0.00      0.00      0.00      0.00     99.00
02:01:02         22      1.00      0.00      2.00      1.00      0.00     96.00
02:01:02         23      1.00      0.00      0.00      0.00      0.00     99.00
02:01:02         24      0.00      0.00      0.00      0.00      0.00    100.00
02:01:02         25      0.00      0.00      0.00      0.00      0.00    100.00
02:01:02         26      0.00      0.00      0.00      0.00      0.00    100.00
02:01:02         27      1.00      0.00      0.00      0.00      0.00     99.00
02:01:02         28      0.00      0.00      0.00      0.00      0.00    100.00
02:01:02         29      0.00      0.00      0.00      0.00      0.00    100.00
02:01:02         30      0.00      0.00      0.00      0.00      0.00    100.00
02:01:02         31      0.99      0.00      0.00      0.00      0.00     99.01
02:01:02         32      0.00      0.00      0.00      0.00      0.00    100.00
02:01:02         33      0.00      0.00      0.00      0.00      0.00    100.00
02:01:02         34      0.00      0.00      0.00      0.00      0.00    100.00
02:01:02         35      0.00      0.00      0.00      0.00      0.00    100.00
02:01:02         36      1.00      0.00      0.00      0.00      0.00     99.00
02:01:02         37      0.00      0.00      0.00      0.00      0.00    100.00
02:01:02         38      0.00      0.00      0.00      0.00      0.00    100.00
02:01:02         39      0.00      0.00      0.00      0.00      0.00    100.00

02:01:02        CPU     %user     %nice   %system   %iowait    %steal     %idle
02:01:03        all      0.00      0.00      0.00      0.00      0.00    100.00
02:01:03          0      0.00      0.00      0.00      0.00      0.00    100.00
02:01:03          1      0.00      0.00      0.00      0.00      0.00    100.00
02:01:03          2      0.00      0.00      0.00      0.00      0.00    100.00
02:01:03          3      0.00      0.00      0.00      0.00      0.00    100.00
02:01:03          4      0.00      0.00      0.00      0.00      0.00    100.00
02:01:03          5      0.00      0.00      0.00      0.00      0.00    100.00
02:01:03          6      0.00      0.00      0.00      0.00      0.00    100.00
02:01:03          7      0.00      0.00      0.00      0.00      0.00    100.00
02:01:03          8      0.00      0.00      0.00      0.00      0.00    100.00
02:01:03          9      0.00      0.00      0.00      0.00      0.00    100.00
02:01:03         10      0.00      0.00      0.00      0.00      0.00    100.00
02:01:03         11      0.00      0.00      0.00      0.00      0.00    100.00
02:01:03         12      0.00      0.00      0.00      0.00      0.00    100.00
02:01:03         13      0.00      0.00      0.00      0.00      0.00    100.00
02:01:03         14      0.00      0.00      0.00      0.00      0.00    100.00
02:01:03         15      0.00      0.00      0.00      0.00      0.00    100.00
02:01:03         16      0.00      0.00      0.00      0.00      0.00    100.00
02:01:03         17      0.00      0.00      0.00      0.00      0.00    100.00
02:01:03         18      0.00      0.00      0.00      0.00      0.00    100.00
02:01:03         19      0.00      0.00      0.00      0.00      0.00    100.00
02:01:03         20      0.00      0.00      0.00      0.00      0.00    100.00
02:01:03         21      0.00      0.00      0.00      0.00      0.00    100.00
02:01:03         22      0.00      0.00      0.00      0.00      0.00    100.00
02:01:03         23      0.00      0.00      0.00      0.00      0.00    100.00
02:01:03         24      0.00      0.00      0.00      0.00      0.00    100.00
02:01:03         25      0.00      0.00      0.00      0.00      0.00    100.00
02:01:03         26      0.00      0.00      0.00      0.00      0.00    100.00
02:01:03         27      0.00      0.00      0.00      0.00      0.00    100.00
02:01:03         28      0.00      0.00      0.00      0.00      0.00    100.00
02:01:03         29      0.00      0.00      0.00      0.00      0.00    100.00
02:01:03         30      0.00      0.00      0.00      0.00      0.00    100.00
02:01:03         31      0.00      0.00      0.00      0.00      0.00    100.00
02:01:03         32      0.00      0.00      0.00      0.00      0.00    100.00
02:01:03         33      0.00      0.00      0.99      0.00      0.00     99.01
02:01:03         34      0.00      0.00      0.00      0.00      0.00    100.00
02:01:03         35      0.00      0.00      0.00      0.00      0.00    100.00
02:01:03         36      0.00      0.00      0.00      0.00      0.00    100.00
02:01:03         37      0.00      0.00      0.00      0.00      0.00    100.00
02:01:03         38      0.00      0.00      0.00      0.00      0.00    100.00
02:01:03         39      0.00      0.00      0.00      0.00      0.00    100.00

02:01:03        CPU     %user     %nice   %system   %iowait    %steal     %idle
02:01:04        all      0.58      0.00      0.20      0.00      0.00     99.22
02:01:04          0      0.00      0.00      0.00      0.00      0.00    100.00
02:01:04          1      0.00      0.00      0.00      0.00      0.00    100.00
02:01:04          2      0.00      0.00      0.00      0.00      0.00    100.00
02:01:04          3      0.00      0.00      0.00      0.00      0.00    100.00
02:01:04          4      0.00      0.00      0.00      0.00      0.00    100.00
02:01:04          5      0.00      0.00      0.00      0.00      0.00    100.00
02:01:04          6      0.99      0.00      0.00      0.00      0.00     99.01
02:01:04          7      0.00      0.00      0.00      0.00      0.00    100.00
02:01:04          8      0.00      0.00      1.00      0.00      0.00     99.00
02:01:04          9      2.00      0.00      0.00      0.00      0.00     98.00
02:01:04         10      0.00      0.00      0.00      0.00      0.00    100.00
02:01:04         11      0.00      0.00      0.00      0.00      0.00    100.00
02:01:04         12      0.00      0.00      0.00      0.00      0.00    100.00
02:01:04         13      0.00      0.00      0.00      0.00      0.00    100.00
02:01:04         14      0.00      0.00      0.00      0.00      0.00    100.00
02:01:04         15      0.00      0.00      0.00      0.00      0.00    100.00
02:01:04         16      0.00      0.00      0.00      0.00      0.00    100.00
02:01:04         17      0.00      0.00      0.00      0.00      0.00    100.00
02:01:04         18      0.00      0.00      0.00      0.00      0.00    100.00
02:01:04         19      0.99      0.00      0.00      0.00      0.00     99.01
02:01:04         20      0.00      0.00      0.00      0.00      0.00    100.00
02:01:04         21      0.00      0.00      0.00      0.00      0.00    100.00
02:01:04         22      0.00      0.00      0.00      0.00      0.00    100.00
02:01:04         23      0.00      0.00      0.00      0.00      0.00    100.00
02:01:04         24      0.00      0.00      0.00      0.00      0.00    100.00
02:01:04         25      0.00      0.00      0.00      0.00      0.00    100.00
02:01:04         26      0.00      0.00      0.00      0.00      0.00    100.00
02:01:04         27      0.00      0.00      0.00      0.00      0.00    100.00
02:01:04         28      0.00      0.00      0.00      0.00      0.00    100.00
02:01:04         29     16.00      0.00      3.00      0.00      0.00     81.00
02:01:04         30      0.00      0.00      0.00      0.00      0.00    100.00
02:01:04         31      0.00      0.00      0.00      0.00      0.00    100.00
02:01:04         32      0.00      0.00      0.00      0.00      0.00    100.00
02:01:04         33      0.00      0.00      0.00      0.00      0.00    100.00
02:01:04         34      0.00      0.00      0.00      0.00      0.00    100.00
02:01:04         35      0.00      0.00      0.00      0.00      0.00    100.00
02:01:04         36      0.00      0.00      0.00      0.00      0.00    100.00
02:01:04         37      2.00      0.00      1.00      0.00      0.00     97.00
02:01:04         38      0.00      0.00      0.00      0.00      0.00    100.00
02:01:04         39      0.00      0.00      0.00      0.00      0.00    100.00
