Linux 6.6.23 (eternity1) 	05/24/25 	_x86_64_	(40 CPU)

02:00:25    kbmemfree   kbavail kbmemused  %memused kbbuffers  kbcached  kbcommit   %commit  kbactive   kbinact   kbdirty
02:00:26     63809972  63646804   1798896      2.74         0    398448   2966316      4.45     60316    681604      4588
02:00:27     63810664  63647564   1798204      2.74         0    398516   2966316      4.45     60300    680644      4600
02:00:28     63810692  63647592   1798176      2.74         0    398516   2966316      4.45     60300    680644      4600
02:00:29     63810452  63647352   1798416      2.74         0    398516   2966316      4.45     60300    680644      4600
02:00:30     63810452  63647352   1798416      2.74         0    398516   2966316      4.45     60300    680644      4600
02:00:31     63810452  63647352   1798416      2.74         0    398516   2966316      4.45     60300    680644      4600
02:00:32     63810452  63647352   1798416      2.74         0    398516   2966316      4.45     60300    680644      4600
02:00:33     63809960  63646860   1798908      2.74         0    398516   2966316      4.45     60300    680644      4600
02:00:34     63810024  63646936   1798844      2.74         0    398548   2966316      4.45     60300    680664      4632
02:00:35     63810024  63646936   1798844      2.74         0    398556   2966316      4.45     60300    680692       452
02:00:36     63809844  63646756   1799024      2.74         0    398556   2966316      4.45     60300    680704       456
02:00:37     63809912  63646824   1798956      2.74         0    398560   2966316      4.45     60300    680668       468
02:00:38     63809408  63646320   1799460      2.74         0    398564   2966316      4.45     60296    680476       472
02:00:39     63784920  63621864   1823948      2.78         0    398576   2991932      4.49     60308    703756      2056
02:00:40     63781184  63618320   1827684      2.79         0    398792   2992264      4.49     60388    704488      2648
02:00:41     63807744  63644964   1801124      2.75         0    398860   2965768      4.45     60388    680988      2648
02:00:42     63807744  63644964   1801124      2.75         0    398864   2965768      4.45     60388    680988      2652
02:00:43     63807744  63644964   1801124      2.75         0    398868   2965768      4.45     60388    680988      2656
02:00:44     63807744  63644964   1801124      2.75         0    398872   2965768      4.45     60388    680988      2660
02:00:45     63807744  63644964   1801124      2.75         0    398876   2965768      4.45     60388    680988       124
02:00:46     63807744  63644964   1801124      2.75         0    398884   2965768      4.45     60388    680988       136
02:00:47     63808296  63645576   1800572      2.74         0    398928   2965768      4.45     60412    680452        24
02:00:48     63808296  63645576   1800572      2.74         0    398932   2965768      4.45     60412    680452        28
02:00:49     63808296  63645576   1800572      2.74         0    398936   2965768      4.45     60412    680452        32
02:00:50     63808296  63645576   1800572      2.74         0    398940   2965768      4.45     60412    680452        36
02:00:51     63807564  63644944   1801304      2.75         0    399072   2970168      4.46     60464    683420        60
02:00:52     63808436  63645816   1800432      2.74         0    399084   2965768      4.45     60452    681584        60
02:00:53     63808872  63646252   1799996      2.74         0    399084   2965768      4.45     60452    681584        60
02:00:54     63809124  63646504   1799744      2.74         0    399084   2965768      4.45     60452    681584        60
02:00:55     63809124  63646504   1799744      2.74         0    399084   2965768      4.45     60452    681588        60
02:00:56     63809548  63646980   1799320      2.74         0    399108   2965768      4.45     60444    680548        12
02:00:57     63809548  63646980   1799320      2.74         0    399112   2965768      4.45     60444    680548        20
02:00:58     63809548  63646980   1799320      2.74         0    399112   2965768      4.45     60444    680548        20
02:00:59     63809600  63647032   1799268      2.74         0    399120   2965768      4.45     60444    680548        28
02:01:00     63809600  63647032   1799268      2.74         0    399128   2965768      4.45     60444    680548        36
02:01:01     63809100  63646552   1799768      2.74         0    399132   2966316      4.45     60444    681164         0
02:01:02     63783268  63622160   1825600      2.78         0    400548   2991932      4.49     60964    705576      3680
02:01:03     63775224  63614356   1833644      2.79         0    400792   2991932      4.49     61044    705792      4596
