Linux 6.6.23 (eternity1) 	05/24/25 	_x86_64_	(40 CPU)

01:47:09    kbmemfree   kbavail kbmemused  %memused kbbuffers  kbcached  kbcommit   %commit  kbactive   kbinact   kbdirty
01:47:10     63807056  63639244   1801812      2.75         0    394180   2965788      4.45     60776    675464      7644
01:47:11     63806672  63638864   1802196      2.75         0    394184   2965788      4.45     60796    675332      7648
01:47:12     63806540  63638732   1802328      2.75         0    394188   2965788      4.45     60796    675332      7652
01:47:13     63806544  63638736   1802324      2.75         0    394192   2965788      4.45     60796    675332      7656
01:47:14     63806572  63638764   1802296      2.75         0    394196   2965788      4.45     60796    675332      7660
01:47:15     63806592  63638784   1802276      2.75         0    394200   2965788      4.45     60796    675332      7664
01:47:16     63806592  63638784   1802276      2.75         0    394204   2965788      4.45     60796    675332      7668
01:47:17     63806592  63638784   1802276      2.75         0    394212   2965788      4.45     60796    675332      7676
01:47:18     63806960  63639152   1801908      2.75         0    394216   2965788      4.45     60796    674896      7680
01:47:19     63806652  63638848   1802216      2.75         0    394224   2965788      4.45     60796    675360      7688
01:47:20     63806652  63638848   1802216      2.75         0    394224   2965788      4.45     60796    675832       456
01:47:21     63806772  63638968   1802096      2.75         0    394228   2965788      4.45     60796    675412       460
01:47:22     63806348  63638544   1802520      2.75         0    394232   2965788      4.45     60796    675376       464
01:47:23     63785700  63617988   1823168      2.78         0    394244   2987668      4.49     60808    695552       468
01:47:24     63789484  63621960   1819384      2.77         0    394432   2986404      4.48     60884    693784      3976
01:47:25     63812116  63644676   1796752      2.74         0    394500   2965240      4.45     60892    675068      3744
01:47:26     63812140  63644700   1796728      2.74         0    394504   2965240      4.45     60892    675068      3748
01:47:27     63812272  63644832   1796596      2.74         0    394508   2965240      4.45     60892    675068      3752
01:47:28     63812032  63644592   1796836      2.74         0    394512   2965240      4.45     60892    675068      3756
01:47:29     63812032  63644592   1796836      2.74         0    394520   2965240      4.45     60892    675068      3764
01:47:30     63812032  63644592   1796836      2.74         0    394528   2965240      4.45     60892    675068      3772
01:47:31     63812032  63644592   1796836      2.74         0    394528   2965240      4.45     60892    675068      3772
01:47:32     63812032  63644592   1796836      2.74         0    394528   2965240      4.45     60892    675068      3772
01:47:33     63812032  63644592   1796836      2.74         0    394540   2965240      4.45     60892    675068      3796
01:47:34     63812032  63644592   1796836      2.74         0    394544   2965240      4.45     60892    675068      3800
01:47:35     63809864  63642472   1799004      2.74         0    394600   2969640      4.46     60920    677688      3772
01:47:36     63809924  63642572   1798944      2.74         0    394600   2965240      4.45     60920    675188      3772
01:47:37     63810952  63643608   1797916      2.74         0    394608   2965240      4.45     60920    675196      3780
01:47:38     63810952  63643608   1797916      2.74         0    394612   2965240      4.45     60920    675196      3784
01:47:39     63810712  63643368   1798156      2.74         0    394620   2965240      4.45     60920    675196      3792
01:47:40     63810716  63643372   1798152      2.74         0    394624   2965240      4.45     60920    675196      3656
01:47:41     63810716  63643372   1798152      2.74         0    394628   2965240      4.45     60920    675196      3668
01:47:42     63810716  63643372   1798152      2.74         0    394628   2965240      4.45     60920    675196      3668
01:47:43     63810716  63643372   1798152      2.74         0    394632   2965240      4.45     60920    675196      3676
01:47:44     63810716  63643372   1798152      2.74         0    394636   2965240      4.45     60920    675196      3680
01:47:45     63810476  63643132   1798392      2.74         0    394652   2965788      4.45     60920    675632      3700
01:47:46     63795192  63627884   1813676      2.76         0    394664   2984728      4.48     60920    692392      4044
01:47:47     63792200  63625028   1816668      2.77         0    394780   2986972      4.48     61032    695148      4312
