Linux 6.6.23 (eternity2) 	05/24/25 	_x86_64_	(40 CPU)

01:47:22    kbmemfree   kbavail kbmemused  %memused kbbuffers  kbcached  kbcommit   %commit  kbactive   kbinact   kbdirty
01:47:23     64272144  64023140   1336808      2.04       244    235548   2079544      3.12     52692    277788      3732
01:47:24     64272628  64023628   1336324      2.04       244    235556   2079544      3.12     52700    277832       276
01:47:25     64272652  64023652   1336300      2.04       244    235560   2079544      3.12     52700    277832       284
01:47:26     64272652  64023652   1336300      2.04       244    235564   2079544      3.12     52700    277832       292
01:47:27     64272652  64023652   1336300      2.04       244    235568   2079544      3.12     52700    277832       296
01:47:28     64272652  64023652   1336300      2.04       244    235572   2079544      3.12     52700    277832       300
01:47:29     64272652  64023652   1336300      2.04       244    235576   2079544      3.12     52700    277832         8
01:47:30     64272652  64023652   1336300      2.04       244    235580   2079544      3.12     52700    277832        24
01:47:31     64272652  64023652   1336300      2.04       244    235584   2079544      3.12     52700    277832        28
01:47:32     64272652  64023652   1336300      2.04       244    235596   2079544      3.12     52700    277832        40
01:47:33     64272652  64023652   1336300      2.04       244    235596   2079544      3.12     52700    277832        40
01:47:34     64272652  64023652   1336300      2.04       244    235600   2079544      3.12     52700    277832        44
01:47:35     64269180  64020184   1339772      2.04       244    235604   2091264      3.14     52700    280132        20
01:47:36     64270960  64022004   1337992      2.04       244    235648   2091424      3.14     52740    288332      1868
01:47:37     64277260  64028392   1331692      2.03       244    235696   2079544      3.12     52748    278148      2320
01:47:38     64277260  64028392   1331692      2.03       244    235696   2079544      3.12     52748    278148      2320
01:47:39     64277260  64028392   1331692      2.03       244    235700   2079544      3.12     52748    278148      2324
01:47:40     64277260  64028396   1331692      2.03       244    235704   2079544      3.12     52748    278152       416
01:47:41     64277260  64028396   1331692      2.03       244    235712   2079544      3.12     52748    278152        24
01:47:42     64277260  64028396   1331692      2.03       244    235720   2079544      3.12     52748    278152        32
01:47:43     64277640  64028776   1331312      2.03       244    235728   2079544      3.12     52748    278156        52
01:47:44     64277640  64028776   1331312      2.03       244    235728   2079544      3.12     52748    278156        52
01:47:45     64277640  64028776   1331312      2.03       244    235732   2081888      3.13     52748    278592        60
01:47:46     64275792  64026932   1333160      2.03       244    235732   2079544      3.12     52748    280736       964
01:47:47     64275684  64026892   1333268      2.03       244    235880   2079544      3.12     52816    278236      1304
01:47:48     64273496  64024704   1335456      2.04       244    235888   2081004      3.12     52816    279236      1344
