Linux 6.6.23 (eternity2) 	05/24/25 	_x86_64_	(40 CPU)

01:47:20        CPU     %user     %nice   %system   %iowait    %steal     %idle
01:47:21        all      2.15      0.00      0.73      0.70      0.00     96.42
01:47:21          0      0.00      0.00      0.00      0.00      0.00    100.00
01:47:21          1     11.11      0.00      2.02     12.12      0.00     74.75
01:47:21          2      0.99      0.00      0.99      0.00      0.00     98.02
01:47:21          3      0.00      0.00      1.02      0.00      0.00     98.98
01:47:21          4      2.94      0.00      2.94      2.94      0.00     91.18
01:47:21          5      0.00      0.00      1.00      0.00      0.00     99.00
01:47:21          6      1.00      0.00      1.00      5.00      0.00     93.00
01:47:21          7      1.01      0.00      0.00      0.00      0.00     98.99
01:47:21          8      1.00      0.00      1.00      0.00      0.00     98.00
01:47:21          9      5.00      0.00      1.00      1.00      0.00     93.00
01:47:21         10      0.00      0.00      0.00      4.08      0.00     95.92
01:47:21         11      4.95      0.00      0.99      2.97      0.00     91.09
01:47:21         12      0.00      0.00      1.00      0.00      0.00     99.00
01:47:21         13      6.00      0.00      1.00      0.00      0.00     93.00
01:47:21         14      0.00      0.00      0.00      0.00      0.00    100.00
01:47:21         15      0.00      0.00      1.00      0.00      0.00     99.00
01:47:21         16      0.00      0.00      0.00      0.00      0.00    100.00
01:47:21         17      0.00      0.00      1.00      0.00      0.00     99.00
01:47:21         18      0.00      0.00      0.00      0.00      0.00    100.00
01:47:21         19      9.00      0.00      2.00      0.00      0.00     89.00
01:47:21         20      0.00      0.00      0.00      0.00      0.00    100.00
01:47:21         21      0.00      0.00      0.00      0.00      0.00    100.00
01:47:21         22      1.00      0.00      0.00      0.00      0.00     99.00
01:47:21         23      0.00      0.00      1.00      0.00      0.00     99.00
01:47:21         24      0.00      0.00      0.00      0.00      0.00    100.00
01:47:21         25      0.00      0.00      0.00      0.00      0.00    100.00
01:47:21         26      0.00      0.00      0.00      0.00      0.00    100.00
01:47:21         27      0.00      0.00      0.00      0.00      0.00    100.00
01:47:21         28      0.00      0.00      0.00      0.00      0.00    100.00
01:47:21         29      0.00      0.00      0.00      0.00      0.00    100.00
01:47:21         30      0.00      0.00      1.00      0.00      0.00     99.00
01:47:21         31      0.00      0.00      0.00      0.00      0.00    100.00
01:47:21         32      0.00      0.00      0.99      0.00      0.00     99.01
01:47:21         33      0.00      0.00      0.00      0.00      0.00    100.00
01:47:21         34      0.00      0.00      0.00      0.00      0.00    100.00
01:47:21         35      0.00      0.00      0.00      0.00      0.00    100.00
01:47:21         36      0.00      0.00      0.00      0.00      0.00    100.00
01:47:21         37      0.00      0.00      0.00      0.00      0.00    100.00
01:47:21         38      0.00      0.00      0.00      0.00      0.00    100.00
01:47:21         39     42.00      0.00      7.00      0.00      0.00     51.00

01:47:21        CPU     %user     %nice   %system   %iowait    %steal     %idle
01:47:22        all      1.75      0.00      0.45      0.00      0.00     97.80
01:47:22          0      0.00      0.00      0.00      0.00      0.00    100.00
01:47:22          1      0.00      0.00      1.00      0.00      0.00     99.00
01:47:22          2      0.00      0.00      1.01      0.00      0.00     98.99
01:47:22          3      0.00      0.00      0.00      0.00      0.00    100.00
01:47:22          4      0.00      0.00      0.00      0.00      0.00    100.00
01:47:22          5      0.00      0.00      0.00      0.00      0.00    100.00
01:47:22          6      0.00      0.00      0.00      0.00      0.00    100.00
01:47:22          7      0.00      0.00      0.00      0.00      0.00    100.00
01:47:22          8      0.00      0.00      0.00      0.00      0.00    100.00
01:47:22          9      0.00      0.00      0.00      0.00      0.00    100.00
01:47:22         10     12.87      0.00      1.98      0.00      0.00     85.15
01:47:22         11      0.00      0.00      0.00      0.00      0.00    100.00
01:47:22         12      0.00      0.00      0.00      0.00      0.00    100.00
01:47:22         13     46.46      0.00      7.07      0.00      0.00     46.46
01:47:22         14      0.99      0.00      0.99      0.00      0.00     98.02
01:47:22         15      1.00      0.00      1.00      0.00      0.00     98.00
01:47:22         16      0.00      0.00      1.00      0.00      0.00     99.00
01:47:22         17      0.00      0.00      0.00      0.00      0.00    100.00
01:47:22         18      0.00      0.00      0.00      0.00      0.00    100.00
01:47:22         19      0.00      0.00      0.00      0.00      0.00    100.00
01:47:22         20      0.00      0.00      1.00      0.00      0.00     99.00
01:47:22         21      0.00      0.00      0.00      0.00      0.00    100.00
01:47:22         22      0.00      0.00      0.00      0.00      0.00    100.00
01:47:22         23      5.94      0.00      1.98      0.00      0.00     92.08
01:47:22         24      0.00      0.00      0.00      0.00      0.00    100.00
01:47:22         25      0.00      0.00      0.00      0.00      0.00    100.00
01:47:22         26      0.98      0.00      0.98      0.00      0.00     98.04
01:47:22         27      0.00      0.00      0.00      0.00      0.00    100.00
01:47:22         28      0.00      0.00      0.00      0.00      0.00    100.00
01:47:22         29      0.00      0.00      0.00      0.00      0.00    100.00
01:47:22         30      0.00      0.00      0.00      0.00      0.00    100.00
01:47:22         31      0.00      0.00      0.00      0.00      0.00    100.00
01:47:22         32      0.00      0.00      0.00      0.00      0.00    100.00
01:47:22         33      0.00      0.00      0.00      0.00      0.00    100.00
01:47:22         34      0.00      0.00      1.00      0.00      0.00     99.00
01:47:22         35      0.00      0.00      0.00      0.00      0.00    100.00
01:47:22         36      0.00      0.00      0.00      0.00      0.00    100.00
01:47:22         37      1.00      0.00      0.00      0.00      0.00     99.00
01:47:22         38      0.99      0.00      0.99      0.00      0.00     98.02
01:47:22         39      0.00      0.00      0.00      0.00      0.00    100.00

01:47:22        CPU     %user     %nice   %system   %iowait    %steal     %idle
01:47:23        all      1.33      0.00      0.35      0.10      0.00     98.22
01:47:23          0      0.00      0.00      0.00      0.00      0.00    100.00
01:47:23          1      0.99      0.00      0.99      2.97      0.00     95.05
01:47:23          2      0.00      0.00      0.00      0.00      0.00    100.00
01:47:23          3      7.92      0.00      1.98      0.00      0.00     90.10
01:47:23          4      0.00      0.00      1.00      0.00      0.00     99.00
01:47:23          5      0.99      0.00      0.99      0.99      0.00     97.03
01:47:23          6      0.00      0.00      0.00      0.00      0.00    100.00
01:47:23          7      0.00      0.00      1.00      0.00      0.00     99.00
01:47:23          8      0.00      0.00      0.00      0.00      0.00    100.00
01:47:23          9      0.00      0.00      0.00      0.00      0.00    100.00
01:47:23         10      7.07      0.00      0.00      0.00      0.00     92.93
01:47:23         11     31.00      0.00      5.00      0.00      0.00     64.00
01:47:23         12      0.00      0.00      0.00      0.00      0.00    100.00
01:47:23         13      0.00      0.00      0.00      0.00      0.00    100.00
01:47:23         14      0.00      0.00      0.00      0.00      0.00    100.00
01:47:23         15      0.00      0.00      0.00      0.00      0.00    100.00
01:47:23         16      0.00      0.00      0.00      0.00      0.00    100.00
01:47:23         17      0.00      0.00      0.00      0.00      0.00    100.00
01:47:23         18      0.00      0.00      0.00      0.00      0.00    100.00
01:47:23         19      0.00      0.00      0.00      0.00      0.00    100.00
01:47:23         20      0.00      0.00      0.00      0.00      0.00    100.00
01:47:23         21      0.00      0.00      0.00      0.00      0.00    100.00
01:47:23         22      0.00      0.00      0.99      0.00      0.00     99.01
01:47:23         23      0.00      0.00      0.00      0.00      0.00    100.00
01:47:23         24      0.00      0.00      0.00      0.00      0.00    100.00
01:47:23         25      0.00      0.00      0.00      0.00      0.00    100.00
01:47:23         26      0.00      0.00      0.00      0.00      0.00    100.00
01:47:23         27      0.00      0.00      0.00      0.00      0.00    100.00
01:47:23         28      0.00      0.00      0.00      0.00      0.00    100.00
01:47:23         29      0.00      0.00      0.00      0.00      0.00    100.00
01:47:23         30      0.00      0.00      0.00      0.00      0.00    100.00
01:47:23         31      4.00      0.00      0.00      0.00      0.00     96.00
01:47:23         32      1.00      0.00      0.00      0.00      0.00     99.00
01:47:23         33      0.00      0.00      0.00      0.00      0.00    100.00
01:47:23         34      0.00      0.00      0.00      0.00      0.00    100.00
01:47:23         35      0.00      0.00      0.00      0.00      0.00    100.00
01:47:23         36      0.00      0.00      0.00      0.00      0.00    100.00
01:47:23         37      0.00      0.00      1.00      0.00      0.00     99.00
01:47:23         38      0.00      0.00      0.00      0.00      0.00    100.00
01:47:23         39      0.00      0.00      0.00      0.00      0.00    100.00

01:47:23        CPU     %user     %nice   %system   %iowait    %steal     %idle
01:47:24        all      0.00      0.00      0.00      0.00      0.00    100.00
01:47:24          0      0.00      0.00      0.00      0.00      0.00    100.00
01:47:24          1      0.00      0.00      0.00      0.00      0.00    100.00
01:47:24          2      0.00      0.00      0.99      0.00      0.00     99.01
01:47:24          3      0.00      0.00      0.00      0.00      0.00    100.00
01:47:24          4      0.00      0.00      0.99      0.00      0.00     99.01
01:47:24          5      0.00      0.00      0.00      0.00      0.00    100.00
01:47:24          6      0.00      0.00      0.00      0.00      0.00    100.00
01:47:24          7      0.00      0.00      0.00      0.00      0.00    100.00
01:47:24          8      0.00      0.00      0.00      0.00      0.00    100.00
01:47:24          9      0.00      0.00      0.00      0.00      0.00    100.00
01:47:24         10      0.00      0.00      0.00      0.00      0.00    100.00
01:47:24         11      0.00      0.00      0.00      0.00      0.00    100.00
01:47:24         12      0.00      0.00      0.00      0.00      0.00    100.00
01:47:24         13      0.00      0.00      0.00      0.00      0.00    100.00
01:47:24         14      0.00      0.00      0.00      0.00      0.00    100.00
01:47:24         15      0.00      0.00      0.00      0.00      0.00    100.00
01:47:24         16      0.00      0.00      0.00      0.00      0.00    100.00
01:47:24         17      0.00      0.00      0.00      0.00      0.00    100.00
01:47:24         18      0.00      0.00      0.00      0.00      0.00    100.00
01:47:24         19      0.00      0.00      0.00      0.00      0.00    100.00
01:47:24         20      0.00      0.00      0.00      0.00      0.00    100.00
01:47:24         21      0.00      0.00      0.00      0.00      0.00    100.00
01:47:24         22      0.00      0.00      0.00      0.00      0.00    100.00
01:47:24         23      0.00      0.00      0.00      0.00      0.00    100.00
01:47:24         24      0.00      0.00      0.00      0.00      0.00    100.00
01:47:24         25      0.00      0.00      0.00      0.00      0.00    100.00
01:47:24         26      0.00      0.00      0.00      0.00      0.00    100.00
01:47:24         27      0.00      0.00      0.00      0.00      0.00    100.00
01:47:24         28      0.00      0.00      0.00      0.00      0.00    100.00
01:47:24         29      0.00      0.00      0.00      0.00      0.00    100.00
01:47:24         30      0.00      0.00      0.00      0.00      0.00    100.00
01:47:24         31      0.00      0.00      0.00      0.00      0.00    100.00
01:47:24         32      0.00      0.00      0.00      0.00      0.00    100.00
01:47:24         33      0.00      0.00      0.00      0.00      0.00    100.00
01:47:24         34      0.00      0.00      0.00      0.00      0.00    100.00
01:47:24         35      0.00      0.00      0.00      0.00      0.00    100.00
01:47:24         36      0.00      0.00      0.00      0.00      0.00    100.00
01:47:24         37      0.00      0.00      0.00      0.00      0.00    100.00
01:47:24         38      0.00      0.00      0.00      0.00      0.00    100.00
01:47:24         39      0.00      0.00      0.00      0.00      0.00    100.00

01:47:24        CPU     %user     %nice   %system   %iowait    %steal     %idle
01:47:25        all      0.02      0.00      0.02      0.00      0.00     99.95
01:47:25          0      0.00      0.00      0.00      0.00      0.00    100.00
01:47:25          1      0.00      0.00      0.00      0.00      0.00    100.00
01:47:25          2      0.00      0.00      0.00      0.00      0.00    100.00
01:47:25          3      0.00      0.00      0.00      0.00      0.00    100.00
01:47:25          4      0.00      0.00      0.00      0.00      0.00    100.00
01:47:25          5      0.00      0.00      0.00      0.00      0.00    100.00
01:47:25          6      0.00      0.00      0.00      0.00      0.00    100.00
01:47:25          7      0.00      0.00      0.00      0.00      0.00    100.00
01:47:25          8      0.00      0.00      0.00      0.00      0.00    100.00
01:47:25          9      0.00      0.00      0.00      0.00      0.00    100.00
01:47:25         10      0.00      0.00      0.00      0.00      0.00    100.00
01:47:25         11      0.00      0.00      0.00      0.00      0.00    100.00
01:47:25         12      0.00      0.00      0.00      0.00      0.00    100.00
01:47:25         13      0.00      0.00      0.00      0.00      0.00    100.00
01:47:25         14      0.00      0.00      0.00      0.00      0.00    100.00
01:47:25         15      0.00      0.00      0.00      0.00      0.00    100.00
01:47:25         16      0.00      0.00      0.00      0.00      0.00    100.00
01:47:25         17      0.00      0.00      0.00      0.00      0.00    100.00
01:47:25         18      0.00      0.00      0.00      0.00      0.00    100.00
01:47:25         19      0.00      0.00      0.00      0.00      0.00    100.00
01:47:25         20      0.00      0.00      0.00      0.00      0.00    100.00
01:47:25         21      0.00      0.00      0.00      0.00      0.00    100.00
01:47:25         22      0.00      0.00      0.00      0.00      0.00    100.00
01:47:25         23      0.00      0.00      0.00      0.00      0.00    100.00
01:47:25         24      0.00      0.00      0.00      0.00      0.00    100.00
01:47:25         25      0.00      0.00      0.00      0.00      0.00    100.00
01:47:25         26      0.00      0.00      0.00      0.00      0.00    100.00
01:47:25         27      0.00      0.00      0.00      0.00      0.00    100.00
01:47:25         28      0.00      0.00      0.00      0.00      0.00    100.00
01:47:25         29      0.00      0.00      0.00      0.00      0.00    100.00
01:47:25         30      0.00      0.00      0.00      0.00      0.00    100.00
01:47:25         31      0.00      0.00      0.00      0.00      0.00    100.00
01:47:25         32      0.00      0.00      0.00      0.00      0.00    100.00
01:47:25         33      0.00      0.00      0.00      0.00      0.00    100.00
01:47:25         34      0.00      0.00      0.00      0.00      0.00    100.00
01:47:25         35      0.00      0.00      0.00      0.00      0.00    100.00
01:47:25         36      0.00      0.00      0.00      0.00      0.00    100.00
01:47:25         37      0.00      0.00      0.00      0.00      0.00    100.00
01:47:25         38      0.00      0.00      0.00      0.00      0.00    100.00
01:47:25         39      0.00      0.00      0.00      0.00      0.00    100.00

01:47:25        CPU     %user     %nice   %system   %iowait    %steal     %idle
01:47:26        all      0.00      0.00      0.00      0.00      0.00    100.00
01:47:26          0      0.00      0.00      0.00      0.00      0.00    100.00
01:47:26          1      0.00      0.00      0.00      0.00      0.00    100.00
01:47:26          2      0.00      0.00      0.00      0.00      0.00    100.00
01:47:26          3      0.00      0.00      0.00      0.00      0.00    100.00
01:47:26          4      0.00      0.00      0.00      0.00      0.00    100.00
01:47:26          5      0.00      0.00      0.00      0.00      0.00    100.00
01:47:26          6      0.00      0.00      0.00      0.00      0.00    100.00
01:47:26          7      0.00      0.00      0.00      0.00      0.00    100.00
01:47:26          8      0.00      0.00      0.00      0.00      0.00    100.00
01:47:26          9      0.00      0.00      0.00      0.00      0.00    100.00
01:47:26         10      0.00      0.00      0.00      0.00      0.00    100.00
01:47:26         11      0.00      0.00      0.00      0.00      0.00    100.00
01:47:26         12      0.00      0.00      0.00      0.00      0.00    100.00
01:47:26         13      0.00      0.00      0.00      0.00      0.00    100.00
01:47:26         14      0.00      0.00      0.00      0.00      0.00    100.00
01:47:26         15      0.00      0.00      0.00      0.00      0.00    100.00
01:47:26         16      0.00      0.00      0.00      0.00      0.00    100.00
01:47:26         17      0.00      0.00      0.00      0.00      0.00    100.00
01:47:26         18      0.00      0.00      0.00      0.00      0.00    100.00
01:47:26         19      0.00      0.00      0.00      0.00      0.00    100.00
01:47:26         20      0.00      0.00      0.00      0.00      0.00    100.00
01:47:26         21      0.00      0.00      0.00      0.00      0.00    100.00
01:47:26         22      0.00      0.00      0.00      0.00      0.00    100.00
01:47:26         23      0.00      0.00      0.00      0.00      0.00    100.00
01:47:26         24      0.00      0.00      0.00      0.00      0.00    100.00
01:47:26         25      0.00      0.00      0.00      0.00      0.00    100.00
01:47:26         26      0.00      0.00      0.00      0.00      0.00    100.00
01:47:26         27      0.00      0.00      0.00      0.00      0.00    100.00
01:47:26         28      0.00      0.00      0.00      0.00      0.00    100.00
01:47:26         29      0.00      0.00      0.00      0.00      0.00    100.00
01:47:26         30      0.00      0.00      0.00      0.00      0.00    100.00
01:47:26         31      0.00      0.00      0.00      0.00      0.00    100.00
01:47:26         32      0.00      0.00      0.00      0.00      0.00    100.00
01:47:26         33      0.00      0.00      0.00      0.00      0.00    100.00
01:47:26         34      0.00      0.00      0.00      0.00      0.00    100.00
01:47:26         35      0.00      0.00      0.00      0.00      0.00    100.00
01:47:26         36      0.00      0.00      0.00      0.00      0.00    100.00
01:47:26         37      0.00      0.00      0.00      0.00      0.00    100.00
01:47:26         38      0.00      0.00      0.00      0.00      0.00    100.00
01:47:26         39      0.00      0.00      0.00      0.00      0.00    100.00

01:47:26        CPU     %user     %nice   %system   %iowait    %steal     %idle
01:47:27        all      0.00      0.00      0.03      0.00      0.00     99.97
01:47:27          0      0.00      0.00      0.00      0.00      0.00    100.00
01:47:27          1      0.00      0.00      0.00      0.00      0.00    100.00
01:47:27          2      0.00      0.00      0.00      0.00      0.00    100.00
01:47:27          3      0.00      0.00      0.00      0.00      0.00    100.00
01:47:27          4      0.00      0.00      0.00      0.00      0.00    100.00
01:47:27          5      0.00      0.00      0.00      0.00      0.00    100.00
01:47:27          6      0.00      0.00      0.00      0.00      0.00    100.00
01:47:27          7      0.00      0.00      0.00      0.00      0.00    100.00
01:47:27          8      0.00      0.00      0.00      0.00      0.00    100.00
01:47:27          9      0.00      0.00      0.00      0.00      0.00    100.00
01:47:27         10      0.00      0.00      0.00      0.00      0.00    100.00
01:47:27         11      0.00      0.00      0.00      0.00      0.00    100.00
01:47:27         12      0.00      0.00      0.00      0.00      0.00    100.00
01:47:27         13      0.99      0.00      0.00      0.00      0.00     99.01
01:47:27         14      0.00      0.00      0.00      0.00      0.00    100.00
01:47:27         15      0.00      0.00      0.00      0.00      0.00    100.00
01:47:27         16      0.00      0.00      0.00      0.00      0.00    100.00
01:47:27         17      0.00      0.00      0.00      0.00      0.00    100.00
01:47:27         18      0.00      0.00      0.00      0.00      0.00    100.00
01:47:27         19      0.00      0.00      0.00      0.00      0.00    100.00
01:47:27         20      0.00      0.00      0.00      0.00      0.00    100.00
01:47:27         21      0.00      0.00      0.00      0.00      0.00    100.00
01:47:27         22      0.00      0.00      0.00      0.00      0.00    100.00
01:47:27         23      0.00      0.00      0.00      0.00      0.00    100.00
01:47:27         24      0.00      0.00      0.00      0.00      0.00    100.00
01:47:27         25      0.00      0.00      0.00      0.00      0.00    100.00
01:47:27         26      0.00      0.00      0.00      0.00      0.00    100.00
01:47:27         27      0.00      0.00      0.00      0.00      0.00    100.00
01:47:27         28      0.00      0.00      0.00      0.00      0.00    100.00
01:47:27         29      0.00      0.00      0.00      0.00      0.00    100.00
01:47:27         30      0.00      0.00      0.00      0.00      0.00    100.00
01:47:27         31      0.00      0.00      0.00      0.00      0.00    100.00
01:47:27         32      0.00      0.00      0.00      0.00      0.00    100.00
01:47:27         33      0.00      0.00      0.00      0.00      0.00    100.00
01:47:27         34      0.00      0.00      0.00      0.00      0.00    100.00
01:47:27         35      0.00      0.00      0.00      0.00      0.00    100.00
01:47:27         36      0.00      0.00      0.00      0.00      0.00    100.00
01:47:27         37      0.00      0.00      0.00      0.00      0.00    100.00
01:47:27         38      0.00      0.00      0.00      0.00      0.00    100.00
01:47:27         39      0.00      0.00      0.00      0.00      0.00    100.00

01:47:27        CPU     %user     %nice   %system   %iowait    %steal     %idle
01:47:28        all      0.00      0.00      0.03      0.00      0.00     99.98
01:47:28          0      0.00      0.00      0.00      0.00      0.00    100.00
01:47:28          1      0.00      0.00      0.00      0.00      0.00    100.00
01:47:28          2      0.00      0.00      0.00      0.00      0.00    100.00
01:47:28          3      0.00      0.00      0.00      0.00      0.00    100.00
01:47:28          4      0.00      0.00      0.00      0.00      0.00    100.00
01:47:28          5      0.00      0.00      0.00      0.00      0.00    100.00
01:47:28          6      0.00      0.00      0.00      0.00      0.00    100.00
01:47:28          7      0.00      0.00      0.00      0.00      0.00    100.00
01:47:28          8      0.00      0.00      0.00      0.00      0.00    100.00
01:47:28          9      0.00      0.00      0.00      0.00      0.00    100.00
01:47:28         10      0.00      0.00      0.00      0.00      0.00    100.00
01:47:28         11      0.00      0.00      0.00      0.00      0.00    100.00
01:47:28         12      0.00      0.00      0.00      0.00      0.00    100.00
01:47:28         13      0.00      0.00      0.99      0.00      0.00     99.01
01:47:28         14      0.00      0.00      0.00      0.00      0.00    100.00
01:47:28         15      0.00      0.00      0.00      0.00      0.00    100.00
01:47:28         16      0.00      0.00      0.00      0.00      0.00    100.00
01:47:28         17      0.00      0.00      0.99      0.00      0.00     99.01
01:47:28         18      0.00      0.00      0.00      0.00      0.00    100.00
01:47:28         19      0.00      0.00      0.00      0.00      0.00    100.00
01:47:28         20      0.00      0.00      0.00      0.00      0.00    100.00
01:47:28         21      0.00      0.00      0.00      0.00      0.00    100.00
01:47:28         22      0.00      0.00      0.00      0.00      0.00    100.00
01:47:28         23      0.00      0.00      0.00      0.00      0.00    100.00
01:47:28         24      0.00      0.00      0.00      0.00      0.00    100.00
01:47:28         25      0.00      0.00      0.00      0.00      0.00    100.00
01:47:28         26      0.00      0.00      0.00      0.00      0.00    100.00
01:47:28         27      0.00      0.00      0.00      0.00      0.00    100.00
01:47:28         28      0.00      0.00      0.00      0.00      0.00    100.00
01:47:28         29      0.00      0.00      0.00      0.00      0.00    100.00
01:47:28         30      0.00      0.00      0.00      0.00      0.00    100.00
01:47:28         31      0.00      0.00      0.00      0.00      0.00    100.00
01:47:28         32      0.00      0.00      0.00      0.00      0.00    100.00
01:47:28         33      0.00      0.00      0.00      0.00      0.00    100.00
01:47:28         34      0.00      0.00      0.00      0.00      0.00    100.00
01:47:28         35      0.00      0.00      0.00      0.00      0.00    100.00
01:47:28         36      0.00      0.00      0.00      0.00      0.00    100.00
01:47:28         37      0.00      0.00      0.00      0.00      0.00    100.00
01:47:28         38      0.00      0.00      0.00      0.00      0.00    100.00
01:47:28         39      0.00      0.00      0.00      0.00      0.00    100.00

01:47:28        CPU     %user     %nice   %system   %iowait    %steal     %idle
01:47:29        all      0.03      0.00      0.00      0.00      0.00     99.97
01:47:29          0      0.00      0.00      0.00      0.00      0.00    100.00
01:47:29          1      0.00      0.00      0.00      0.00      0.00    100.00
01:47:29          2      0.00      0.00      0.00      0.00      0.00    100.00
01:47:29          3      0.00      0.00      0.00      0.00      0.00    100.00
01:47:29          4      0.00      0.00      0.00      0.00      0.00    100.00
01:47:29          5      0.00      0.00      0.00      0.00      0.00    100.00
01:47:29          6      0.00      0.00      0.00      0.00      0.00    100.00
01:47:29          7      0.00      0.00      0.00      0.00      0.00    100.00
01:47:29          8      0.00      0.00      0.00      0.00      0.00    100.00
01:47:29          9      0.00      0.00      0.00      0.00      0.00    100.00
01:47:29         10      0.00      0.00      0.00      0.00      0.00    100.00
01:47:29         11      0.00      0.00      0.00      0.00      0.00    100.00
01:47:29         12      0.00      0.00      0.00      0.00      0.00    100.00
01:47:29         13      0.00      0.00      0.00      0.00      0.00    100.00
01:47:29         14      0.00      0.00      0.00      0.00      0.00    100.00
01:47:29         15      0.00      0.00      0.00      0.00      0.00    100.00
01:47:29         16      0.99      0.00      0.00      0.00      0.00     99.01
01:47:29         17      0.00      0.00      0.00      0.00      0.00    100.00
01:47:29         18      0.00      0.00      0.00      0.00      0.00    100.00
01:47:29         19      0.00      0.00      0.00      0.00      0.00    100.00
01:47:29         20      0.00      0.00      0.00      0.00      0.00    100.00
01:47:29         21      0.00      0.00      0.00      0.00      0.00    100.00
01:47:29         22      0.00      0.00      0.00      0.00      0.00    100.00
01:47:29         23      0.00      0.00      0.00      0.00      0.00    100.00
01:47:29         24      0.00      0.00      0.00      0.00      0.00    100.00
01:47:29         25      0.00      0.00      0.00      0.00      0.00    100.00
01:47:29         26      0.00      0.00      0.00      0.00      0.00    100.00
01:47:29         27      0.00      0.00      0.00      0.00      0.00    100.00
01:47:29         28      0.00      0.00      0.00      0.00      0.00    100.00
01:47:29         29      0.00      0.00      0.00      0.00      0.00    100.00
01:47:29         30      0.00      0.00      0.00      0.00      0.00    100.00
01:47:29         31      0.00      0.00      0.00      0.00      0.00    100.00
01:47:29         32      0.00      0.00      0.00      0.00      0.00    100.00
01:47:29         33      0.00      0.00      0.00      0.00      0.00    100.00
01:47:29         34      0.00      0.00      0.00      0.00      0.00    100.00
01:47:29         35      0.00      0.00      0.00      0.00      0.00    100.00
01:47:29         36      0.00      0.00      0.00      0.00      0.00    100.00
01:47:29         37      0.00      0.00      0.00      0.00      0.00    100.00
01:47:29         38      0.00      0.00      0.00      0.00      0.00    100.00
01:47:29         39      0.00      0.00      0.00      0.00      0.00    100.00

01:47:29        CPU     %user     %nice   %system   %iowait    %steal     %idle
01:47:30        all      0.03      0.00      0.00      0.00      0.00     99.98
01:47:30          0      0.00      0.00      0.00      0.00      0.00    100.00
01:47:30          1      0.00      0.00      0.00      0.00      0.00    100.00
01:47:30          2      0.00      0.00      0.00      0.00      0.00    100.00
01:47:30          3      0.00      0.00      0.00      0.00      0.00    100.00
01:47:30          4      0.00      0.00      0.00      0.00      0.00    100.00
01:47:30          5      0.00      0.00      0.00      0.00      0.00    100.00
01:47:30          6      0.00      0.00      0.00      0.00      0.00    100.00
01:47:30          7      0.00      0.00      0.00      0.00      0.00    100.00
01:47:30          8      0.00      0.00      0.00      0.00      0.00    100.00
01:47:30          9      0.00      0.00      0.00      0.00      0.00    100.00
01:47:30         10      0.00      0.00      0.00      0.00      0.00    100.00
01:47:30         11      0.00      0.00      0.00      0.00      0.00    100.00
01:47:30         12      0.00      0.00      0.00      0.00      0.00    100.00
01:47:30         13      0.00      0.00      0.00      0.00      0.00    100.00
01:47:30         14      0.00      0.00      0.00      0.00      0.00    100.00
01:47:30         15      0.00      0.00      0.00      0.00      0.00    100.00
01:47:30         16      0.00      0.00      0.00      0.00      0.00    100.00
01:47:30         17      0.00      0.00      0.00      0.00      0.00    100.00
01:47:30         18      0.00      0.00      0.00      0.00      0.00    100.00
01:47:30         19      0.00      0.00      0.00      0.00      0.00    100.00
01:47:30         20      0.00      0.00      0.00      0.00      0.00    100.00
01:47:30         21      0.00      0.00      0.00      0.00      0.00    100.00
01:47:30         22      0.00      0.00      0.00      0.00      0.00    100.00
01:47:30         23      0.00      0.00      0.00      0.00      0.00    100.00
01:47:30         24      0.00      0.00      0.00      0.00      0.00    100.00
01:47:30         25      0.00      0.00      0.00      0.00      0.00    100.00
01:47:30         26      0.00      0.00      0.00      0.00      0.00    100.00
01:47:30         27      0.00      0.00      0.00      0.00      0.00    100.00
01:47:30         28      0.00      0.00      0.00      0.00      0.00    100.00
01:47:30         29      0.00      0.00      0.00      0.00      0.00    100.00
01:47:30         30      0.00      0.00      0.00      0.00      0.00    100.00
01:47:30         31      0.00      0.00      0.00      0.00      0.00    100.00
01:47:30         32      0.00      0.00      0.00      0.00      0.00    100.00
01:47:30         33      0.00      0.00      0.00      0.00      0.00    100.00
01:47:30         34      0.00      0.00      0.00      0.00      0.00    100.00
01:47:30         35      0.00      0.00      0.00      0.00      0.00    100.00
01:47:30         36      0.00      0.00      0.00      0.00      0.00    100.00
01:47:30         37      0.00      0.00      0.00      0.00      0.00    100.00
01:47:30         38      0.00      0.00      0.00      0.00      0.00    100.00
01:47:30         39      0.00      0.00      0.00      0.00      0.00    100.00

01:47:30        CPU     %user     %nice   %system   %iowait    %steal     %idle
01:47:31        all      0.00      0.00      0.00      0.00      0.00    100.00
01:47:31          0      0.00      0.00      0.00      0.00      0.00    100.00
01:47:31          1      0.00      0.00      0.00      0.00      0.00    100.00
01:47:31          2      0.00      0.00      0.00      0.00      0.00    100.00
01:47:31          3      0.00      0.00      0.00      0.00      0.00    100.00
01:47:31          4      0.00      0.00      0.00      0.00      0.00    100.00
01:47:31          5      0.00      0.00      0.00      0.00      0.00    100.00
01:47:31          6      0.00      0.00      0.00      0.00      0.00    100.00
01:47:31          7      0.00      0.00      0.00      0.00      0.00    100.00
01:47:31          8      0.00      0.00      0.00      0.00      0.00    100.00
01:47:31          9      0.00      0.00      0.00      0.00      0.00    100.00
01:47:31         10      0.00      0.00      0.00      0.00      0.00    100.00
01:47:31         11      0.00      0.00      0.00      0.00      0.00    100.00
01:47:31         12      0.00      0.00      0.00      0.00      0.00    100.00
01:47:31         13      0.00      0.00      0.00      0.00      0.00    100.00
01:47:31         14      0.00      0.00      0.00      0.00      0.00    100.00
01:47:31         15      0.00      0.00      0.00      0.00      0.00    100.00
01:47:31         16      0.00      0.00      0.00      0.00      0.00    100.00
01:47:31         17      0.00      0.00      0.00      0.00      0.00    100.00
01:47:31         18      0.00      0.00      0.00      0.00      0.00    100.00
01:47:31         19      0.00      0.00      0.00      0.00      0.00    100.00
01:47:31         20      0.00      0.00      0.00      0.00      0.00    100.00
01:47:31         21      0.00      0.00      0.00      0.00      0.00    100.00
01:47:31         22      0.00      0.00      0.00      0.00      0.00    100.00
01:47:31         23      0.00      0.00      0.00      0.00      0.00    100.00
01:47:31         24      0.00      0.00      0.00      0.00      0.00    100.00
01:47:31         25      0.00      0.00      0.00      0.00      0.00    100.00
01:47:31         26      0.00      0.00      0.00      0.00      0.00    100.00
01:47:31         27      0.00      0.00      0.00      0.00      0.00    100.00
01:47:31         28      0.00      0.00      0.00      0.00      0.00    100.00
01:47:31         29      0.00      0.00      0.00      0.00      0.00    100.00
01:47:31         30      0.00      0.00      0.00      0.00      0.00    100.00
01:47:31         31      0.00      0.00      0.00      0.00      0.00    100.00
01:47:31         32      0.00      0.00      0.00      0.00      0.00    100.00
01:47:31         33      0.00      0.00      0.00      0.00      0.00    100.00
01:47:31         34      0.00      0.00      0.00      0.00      0.00    100.00
01:47:31         35      0.00      0.00      0.00      0.00      0.00    100.00
01:47:31         36      0.00      0.00      0.00      0.00      0.00    100.00
01:47:31         37      0.00      0.00      0.00      0.00      0.00    100.00
01:47:31         38      0.00      0.00      0.00      0.00      0.00    100.00
01:47:31         39      0.00      0.00      0.00      0.00      0.00    100.00

01:47:31        CPU     %user     %nice   %system   %iowait    %steal     %idle
01:47:32        all      0.00      0.00      0.00      0.00      0.00    100.00
01:47:32          0      0.00      0.00      0.00      0.00      0.00    100.00
01:47:32          1      0.00      0.00      0.00      0.00      0.00    100.00
01:47:32          2      0.00      0.00      0.00      0.00      0.00    100.00
01:47:32          3      0.00      0.00      0.00      0.00      0.00    100.00
01:47:32          4      0.00      0.00      0.00      0.00      0.00    100.00
01:47:32          5      0.00      0.00      0.00      0.00      0.00    100.00
01:47:32          6      0.00      0.00      0.00      0.00      0.00    100.00
01:47:32          7      0.00      0.00      0.00      0.00      0.00    100.00
01:47:32          8      0.00      0.00      0.00      0.00      0.00    100.00
01:47:32          9      0.00      0.00      0.00      0.00      0.00    100.00
01:47:32         10      0.00      0.00      0.00      0.00      0.00    100.00
01:47:32         11      0.00      0.00      0.00      0.00      0.00    100.00
01:47:32         12      0.00      0.00      0.00      0.00      0.00    100.00
01:47:32         13      0.99      0.00      0.00      0.00      0.00     99.01
01:47:32         14      0.00      0.00      0.00      0.00      0.00    100.00
01:47:32         15      0.00      0.00      0.00      0.00      0.00    100.00
01:47:32         16      0.00      0.00      0.00      0.00      0.00    100.00
01:47:32         17      0.00      0.00      0.00      0.00      0.00    100.00
01:47:32         18      0.00      0.00      0.00      0.00      0.00    100.00
01:47:32         19      0.00      0.00      0.00      0.00      0.00    100.00
01:47:32         20      0.00      0.00      0.00      0.00      0.00    100.00
01:47:32         21      0.00      0.00      0.00      0.00      0.00    100.00
01:47:32         22      0.00      0.00      0.00      0.00      0.00    100.00
01:47:32         23      0.00      0.00      0.00      0.00      0.00    100.00
01:47:32         24      0.00      0.00      0.00      0.00      0.00    100.00
01:47:32         25      0.00      0.00      0.00      0.00      0.00    100.00
01:47:32         26      0.00      0.00      0.00      0.00      0.00    100.00
01:47:32         27      0.00      0.00      0.00      0.00      0.00    100.00
01:47:32         28      0.00      0.00      0.00      0.00      0.00    100.00
01:47:32         29      0.00      0.00      0.00      0.00      0.00    100.00
01:47:32         30      0.00      0.00      0.00      0.00      0.00    100.00
01:47:32         31      0.00      0.00      0.00      0.00      0.00    100.00
01:47:32         32      0.00      0.00      0.00      0.00      0.00    100.00
01:47:32         33      0.00      0.00      0.00      0.00      0.00    100.00
01:47:32         34      0.00      0.00      0.00      0.00      0.00    100.00
01:47:32         35      0.00      0.00      0.00      0.00      0.00    100.00
01:47:32         36      0.00      0.00      0.00      0.00      0.00    100.00
01:47:32         37      0.00      0.00      0.00      0.00      0.00    100.00
01:47:32         38      0.99      0.00      0.00      0.00      0.00     99.01
01:47:32         39      0.00      0.00      0.00      0.00      0.00    100.00

01:47:32        CPU     %user     %nice   %system   %iowait    %steal     %idle
01:47:33        all      0.03      0.00      0.03      0.00      0.00     99.95
01:47:33          0      0.00      0.00      0.00      0.00      0.00    100.00
01:47:33          1      0.00      0.00      1.00      0.00      0.00     99.00
01:47:33          2      0.00      0.00      0.00      0.00      0.00    100.00
01:47:33          3      0.00      0.00      0.00      0.00      0.00    100.00
01:47:33          4      0.00      0.00      0.00      0.00      0.00    100.00
01:47:33          5      0.00      0.00      0.00      0.00      0.00    100.00
01:47:33          6      0.00      0.00      0.00      0.00      0.00    100.00
01:47:33          7      0.00      0.00      0.00      0.00      0.00    100.00
01:47:33          8      0.00      0.00      0.00      0.00      0.00    100.00
01:47:33          9      0.00      0.00      0.00      0.00      0.00    100.00
01:47:33         10      0.00      0.00      0.00      0.00      0.00    100.00
01:47:33         11      0.00      0.00      0.00      0.00      0.00    100.00
01:47:33         12      0.00      0.00      0.00      0.00      0.00    100.00
01:47:33         13      0.00      0.00      0.00      0.00      0.00    100.00
01:47:33         14      0.00      0.00      0.00      0.00      0.00    100.00
01:47:33         15      0.00      0.00      0.00      0.00      0.00    100.00
01:47:33         16      0.00      0.00      0.00      0.00      0.00    100.00
01:47:33         17      0.00      0.00      0.00      0.00      0.00    100.00
01:47:33         18      0.00      0.00      0.00      0.00      0.00    100.00
01:47:33         19      0.00      0.00      0.00      0.00      0.00    100.00
01:47:33         20      0.00      0.00      0.00      0.00      0.00    100.00
01:47:33         21      0.00      0.00      0.00      0.00      0.00    100.00
01:47:33         22      0.00      0.00      0.00      0.00      0.00    100.00
01:47:33         23      0.00      0.00      0.00      0.00      0.00    100.00
01:47:33         24      0.00      0.00      0.00      0.00      0.00    100.00
01:47:33         25      0.00      0.00      0.00      0.00      0.00    100.00
01:47:33         26      0.00      0.00      0.00      0.00      0.00    100.00
01:47:33         27      0.00      0.00      0.00      0.00      0.00    100.00
01:47:33         28      0.00      0.00      0.00      0.00      0.00    100.00
01:47:33         29      0.00      0.00      0.00      0.00      0.00    100.00
01:47:33         30      0.00      0.00      0.00      0.00      0.00    100.00
01:47:33         31      0.00      0.00      0.00      0.00      0.00    100.00
01:47:33         32      0.00      0.00      0.00      0.00      0.00    100.00
01:47:33         33      0.00      0.00      0.00      0.00      0.00    100.00
01:47:33         34      0.00      0.00      0.00      0.00      0.00    100.00
01:47:33         35      0.00      0.00      0.00      0.00      0.00    100.00
01:47:33         36      0.00      0.00      0.00      0.00      0.00    100.00
01:47:33         37      0.00      0.00      0.00      0.00      0.00    100.00
01:47:33         38      0.00      0.00      0.99      0.00      0.00     99.01
01:47:33         39      0.00      0.00      0.00      0.00      0.00    100.00

01:47:33        CPU     %user     %nice   %system   %iowait    %steal     %idle
01:47:34        all      0.00      0.00      0.00      0.00      0.00    100.00
01:47:34          0      0.00      0.00      0.00      0.00      0.00    100.00
01:47:34          1      0.00      0.00      0.00      0.00      0.00    100.00
01:47:34          2      0.00      0.00      0.00      0.00      0.00    100.00
01:47:34          3      0.00      0.00      0.00      0.00      0.00    100.00
01:47:34          4      0.00      0.00      0.00      0.00      0.00    100.00
01:47:34          5      0.00      0.00      0.00      0.00      0.00    100.00
01:47:34          6      0.00      0.00      0.00      0.00      0.00    100.00
01:47:34          7      0.00      0.00      0.00      0.00      0.00    100.00
01:47:34          8      0.00      0.00      0.00      0.00      0.00    100.00
01:47:34          9      0.00      0.00      0.00      0.00      0.00    100.00
01:47:34         10      0.00      0.00      0.00      0.00      0.00    100.00
01:47:34         11      0.00      0.00      0.00      0.00      0.00    100.00
01:47:34         12      0.00      0.00      0.00      0.00      0.00    100.00
01:47:34         13      0.00      0.00      0.00      0.00      0.00    100.00
01:47:34         14      0.00      0.00      0.00      0.00      0.00    100.00
01:47:34         15      0.00      0.00      0.00      0.00      0.00    100.00
01:47:34         16      0.00      0.00      0.00      1.00      0.00     99.00
01:47:34         17      0.00      0.00      0.00      0.00      0.00    100.00
01:47:34         18      0.00      0.00      0.00      0.00      0.00    100.00
01:47:34         19      0.00      0.00      0.00      0.00      0.00    100.00
01:47:34         20      0.00      0.00      0.00      0.00      0.00    100.00
01:47:34         21      0.00      0.00      0.00      0.00      0.00    100.00
01:47:34         22      0.00      0.00      0.00      0.00      0.00    100.00
01:47:34         23      0.00      0.00      0.00      0.00      0.00    100.00
01:47:34         24      0.00      0.00      0.00      0.00      0.00    100.00
01:47:34         25      0.00      0.00      0.00      0.00      0.00    100.00
01:47:34         26      0.00      0.00      0.00      0.00      0.00    100.00
01:47:34         27      0.00      0.00      0.00      0.00      0.00    100.00
01:47:34         28      0.00      0.00      0.00      0.00      0.00    100.00
01:47:34         29      0.00      0.00      0.00      0.00      0.00    100.00
01:47:34         30      0.00      0.00      0.00      0.00      0.00    100.00
01:47:34         31      0.00      0.00      0.00      0.00      0.00    100.00
01:47:34         32      0.00      0.00      0.00      0.00      0.00    100.00
01:47:34         33      0.00      0.00      0.00      0.00      0.00    100.00
01:47:34         34      0.00      0.00      0.00      0.00      0.00    100.00
01:47:34         35      0.00      0.00      0.00      0.00      0.00    100.00
01:47:34         36      0.00      0.00      0.00      0.00      0.00    100.00
01:47:34         37      0.00      0.00      0.00      0.00      0.00    100.00
01:47:34         38      0.00      0.00      0.00      0.00      0.00    100.00
01:47:34         39      0.00      0.00      0.00      0.00      0.00    100.00

01:47:34        CPU     %user     %nice   %system   %iowait    %steal     %idle
01:47:35        all      2.03      0.00      0.40      0.00      0.00     97.57
01:47:35          0      0.00      0.00      0.99      0.00      0.00     99.01
01:47:35          1      0.00      0.00      0.00      0.00      0.00    100.00
01:47:35          2      0.00      0.00      0.00      0.00      0.00    100.00
01:47:35          3      2.02      0.00      0.00      0.00      0.00     97.98
01:47:35          4      0.00      0.00      0.00      0.00      0.00    100.00
01:47:35          5      1.01      0.00      0.00      0.00      0.00     98.99
01:47:35          6      0.00      0.00      1.00      0.00      0.00     99.00
01:47:35          7      0.00      0.00      1.00      0.00      0.00     99.00
01:47:35          8      0.00      0.00      0.00      0.00      0.00    100.00
01:47:35          9      1.00      0.00      0.00      0.00      0.00     99.00
01:47:35         10     11.00      0.00      1.00      0.00      0.00     88.00
01:47:35         11      0.00      0.00      0.00      0.00      0.00    100.00
01:47:35         12      0.99      0.00      0.99      0.00      0.00     98.02
01:47:35         13      0.00      0.00      1.00      0.00      0.00     99.00
01:47:35         14     14.14      0.00      0.00      0.00      0.00     85.86
01:47:35         15      0.00      0.00      0.00      0.00      0.00    100.00
01:47:35         16      0.00      0.00      1.01      0.00      0.00     98.99
01:47:35         17      7.14      0.00      0.00      0.00      0.00     92.86
01:47:35         18      2.02      0.00      0.00      0.00      0.00     97.98
01:47:35         19     11.00      0.00      2.00      0.00      0.00     87.00
01:47:35         20      0.00      0.00      0.00      0.00      0.00    100.00
01:47:35         21      0.00      0.00      0.00      0.00      0.00    100.00
01:47:35         22      2.04      0.00      0.00      0.00      0.00     97.96
01:47:35         23      0.00      0.00      0.00      0.00      0.00    100.00
01:47:35         24      1.01      0.00      0.00      0.00      0.00     98.99
01:47:35         25      3.00      0.00      0.00      0.00      0.00     97.00
01:47:35         26      0.00      0.00      1.00      0.00      0.00     99.00
01:47:35         27      0.00      0.00      0.00      0.00      0.00    100.00
01:47:35         28      0.00      0.00      0.00      0.00      0.00    100.00
01:47:35         29      0.00      0.00      0.00      0.00      0.00    100.00
01:47:35         30      0.00      0.00      0.00      0.00      0.00    100.00
01:47:35         31      0.00      0.00      0.00      0.00      0.00    100.00
01:47:35         32      0.00      0.00      0.00      0.00      0.00    100.00
01:47:35         33      0.00      0.00      0.00      0.00      0.00    100.00
01:47:35         34      2.00      0.00      0.00      0.00      0.00     98.00
01:47:35         35      0.00      0.00      0.00      0.00      0.00    100.00
01:47:35         36      0.00      0.00      0.00      0.00      0.00    100.00
01:47:35         37      8.00      0.00      0.00      0.00      0.00     92.00
01:47:35         38     11.00      0.00      0.00      0.00      0.00     89.00
01:47:35         39      1.00      0.00      1.00      0.00      0.00     98.00

01:47:35        CPU     %user     %nice   %system   %iowait    %steal     %idle
01:47:36        all      6.54      0.00      1.80      0.13      0.00     91.53
01:47:36          0      1.01      0.00      0.00      0.00      0.00     98.99
01:47:36          1     31.68      0.00      3.96      0.00      0.00     64.36
01:47:36          2     21.21      0.00      1.01      0.00      0.00     77.78
01:47:36          3      4.04      0.00      1.01      0.00      0.00     94.95
01:47:36          4      1.00      0.00      1.00      0.00      0.00     98.00
01:47:36          5      1.98      0.00      1.98      0.00      0.00     96.04
01:47:36          6      1.01      0.00      1.01      1.01      0.00     96.97
01:47:36          7      0.99      0.00      1.98      0.00      0.00     97.03
01:47:36          8      1.00      0.00      2.00      0.00      0.00     97.00
01:47:36          9      4.00      0.00      2.00      0.00      0.00     94.00
01:47:36         10     43.43      0.00      9.09      1.01      0.00     46.46
01:47:36         11      9.00      0.00      4.00      0.00      0.00     87.00
01:47:36         12      1.00      0.00      3.00      1.00      0.00     95.00
01:47:36         13      5.94      0.00      1.98      0.99      0.00     91.09
01:47:36         14      8.91      0.00      1.98      0.00      0.00     89.11
01:47:36         15     27.72      0.00      2.97      0.00      0.00     69.31
01:47:36         16      1.00      0.00      0.00      0.00      0.00     99.00
01:47:36         17      3.96      0.00      0.99      0.00      0.00     95.05
01:47:36         18      1.00      0.00      1.00      0.00      0.00     98.00
01:47:36         19     30.69      0.00      6.93      0.00      0.00     62.38
01:47:36         20      1.01      0.00      1.01      0.00      0.00     97.98
01:47:36         21      9.00      0.00      4.00      0.00      0.00     87.00
01:47:36         22     19.39      0.00      5.10      1.02      0.00     74.49
01:47:36         23      1.00      0.00      2.00      0.00      0.00     97.00
01:47:36         24      0.00      0.00      1.00      0.00      0.00     99.00
01:47:36         25      0.00      0.00      0.00      0.00      0.00    100.00
01:47:36         26      0.00      0.00      0.00      0.00      0.00    100.00
01:47:36         27      0.00      0.00      0.00      0.00      0.00    100.00
01:47:36         28      0.00      0.00      0.00      0.00      0.00    100.00
01:47:36         29      0.00      0.00      0.00      0.00      0.00    100.00
01:47:36         30      4.00      0.00      0.00      0.00      0.00     96.00
01:47:36         31      3.00      0.00      1.00      0.00      0.00     96.00
01:47:36         32      0.00      0.00      0.00      0.00      0.00    100.00
01:47:36         33      0.99      0.00      0.99      0.00      0.00     98.02
01:47:36         34      2.04      0.00      1.02      0.00      0.00     96.94
01:47:36         35      8.91      0.00      2.97      0.00      0.00     88.12
01:47:36         36      0.99      0.00      1.98      0.00      0.00     97.03
01:47:36         37      5.05      0.00      1.01      0.00      0.00     93.94
01:47:36         38      4.04      0.00      0.00      0.00      0.00     95.96
01:47:36         39      5.00      0.00      2.00      0.00      0.00     93.00

01:47:36        CPU     %user     %nice   %system   %iowait    %steal     %idle
01:47:37        all      0.03      0.00      0.00      0.00      0.00     99.97
01:47:37          0      0.00      0.00      0.00      0.00      0.00    100.00
01:47:37          1      0.00      0.00      0.00      0.00      0.00    100.00
01:47:37          2      0.00      0.00      0.00      0.00      0.00    100.00
01:47:37          3      0.00      0.00      0.00      0.00      0.00    100.00
01:47:37          4      0.00      0.00      0.00      0.00      0.00    100.00
01:47:37          5      0.00      0.00      0.00      0.00      0.00    100.00
01:47:37          6      0.00      0.00      0.00      0.00      0.00    100.00
01:47:37          7      0.00      0.00      0.00      0.00      0.00    100.00
01:47:37          8      0.00      0.00      0.00      0.00      0.00    100.00
01:47:37          9      0.00      0.00      0.00      0.00      0.00    100.00
01:47:37         10      0.00      0.00      0.00      0.00      0.00    100.00
01:47:37         11      0.00      0.00      0.00      0.00      0.00    100.00
01:47:37         12      0.00      0.00      0.00      0.00      0.00    100.00
01:47:37         13      0.00      0.00      0.00      0.00      0.00    100.00
01:47:37         14      0.00      0.00      0.00      0.00      0.00    100.00
01:47:37         15      0.00      0.00      0.00      0.00      0.00    100.00
01:47:37         16      0.00      0.00      0.00      0.00      0.00    100.00
01:47:37         17      0.00      0.00      0.00      0.00      0.00    100.00
01:47:37         18      0.00      0.00      0.00      0.00      0.00    100.00
01:47:37         19      0.00      0.00      0.00      0.00      0.00    100.00
01:47:37         20      0.00      0.00      0.00      0.00      0.00    100.00
01:47:37         21      0.00      0.00      0.00      0.00      0.00    100.00
01:47:37         22      0.00      0.00      0.00      0.00      0.00    100.00
01:47:37         23      0.00      0.00      0.00      0.00      0.00    100.00
01:47:37         24      0.00      0.00      0.00      0.00      0.00    100.00
01:47:37         25      0.00      0.00      0.00      0.00      0.00    100.00
01:47:37         26      0.00      0.00      0.00      0.00      0.00    100.00
01:47:37         27      0.00      0.00      0.00      0.00      0.00    100.00
01:47:37         28      0.00      0.00      0.00      0.00      0.00    100.00
01:47:37         29      0.00      0.00      0.00      0.00      0.00    100.00
01:47:37         30      0.00      0.00      0.00      0.00      0.00    100.00
01:47:37         31      0.00      0.00      0.00      0.00      0.00    100.00
01:47:37         32      0.00      0.00      0.00      0.00      0.00    100.00
01:47:37         33      0.00      0.00      0.00      0.00      0.00    100.00
01:47:37         34      0.00      0.00      0.00      0.00      0.00    100.00
01:47:37         35      0.00      0.00      0.00      0.00      0.00    100.00
01:47:37         36      0.00      0.00      0.00      0.00      0.00    100.00
01:47:37         37      0.00      0.00      0.00      0.00      0.00    100.00
01:47:37         38      0.00      0.00      0.99      0.00      0.00     99.01
01:47:37         39      0.00      0.00      0.00      0.00      0.00    100.00

01:47:37        CPU     %user     %nice   %system   %iowait    %steal     %idle
01:47:38        all      0.00      0.00      0.00      0.00      0.00    100.00
01:47:38          0      0.00      0.00      0.00      0.00      0.00    100.00
01:47:38          1      0.00      0.00      0.00      0.00      0.00    100.00
01:47:38          2      0.00      0.00      0.00      0.00      0.00    100.00
01:47:38          3      0.00      0.00      0.00      0.00      0.00    100.00
01:47:38          4      0.00      0.00      0.00      0.00      0.00    100.00
01:47:38          5      0.00      0.00      0.00      0.00      0.00    100.00
01:47:38          6      0.00      0.00      0.00      0.00      0.00    100.00
01:47:38          7      0.00      0.00      0.00      0.00      0.00    100.00
01:47:38          8      0.00      0.00      0.00      0.00      0.00    100.00
01:47:38          9      0.00      0.00      0.00      0.00      0.00    100.00
01:47:38         10      0.00      0.00      0.00      0.00      0.00    100.00
01:47:38         11      0.00      0.00      0.00      0.00      0.00    100.00
01:47:38         12      0.00      0.00      0.00      0.00      0.00    100.00
01:47:38         13      0.00      0.00      0.00      0.00      0.00    100.00
01:47:38         14      0.00      0.00      0.00      0.00      0.00    100.00
01:47:38         15      0.00      0.00      0.00      0.00      0.00    100.00
01:47:38         16      0.00      0.00      0.00      0.00      0.00    100.00
01:47:38         17      0.00      0.00      0.00      0.00      0.00    100.00
01:47:38         18      0.00      0.00      0.00      0.00      0.00    100.00
01:47:38         19      0.00      0.00      0.00      0.00      0.00    100.00
01:47:38         20      0.00      0.00      0.00      0.00      0.00    100.00
01:47:38         21      0.00      0.00      0.00      0.00      0.00    100.00
01:47:38         22      0.00      0.00      0.00      0.00      0.00    100.00
01:47:38         23      0.00      0.00      0.00      0.00      0.00    100.00
01:47:38         24      0.00      0.00      0.00      0.00      0.00    100.00
01:47:38         25      0.00      0.00      0.00      0.00      0.00    100.00
01:47:38         26      0.00      0.00      0.00      0.00      0.00    100.00
01:47:38         27      0.00      0.00      0.00      0.00      0.00    100.00
01:47:38         28      0.00      0.00      0.00      0.00      0.00    100.00
01:47:38         29      0.00      0.00      0.00      0.00      0.00    100.00
01:47:38         30      0.00      0.00      0.00      0.00      0.00    100.00
01:47:38         31      0.00      0.00      0.00      0.00      0.00    100.00
01:47:38         32      0.00      0.00      0.00      0.00      0.00    100.00
01:47:38         33      0.00      0.00      0.00      0.00      0.00    100.00
01:47:38         34      0.00      0.00      0.00      0.00      0.00    100.00
01:47:38         35      0.00      0.00      0.00      0.00      0.00    100.00
01:47:38         36      0.00      0.00      0.00      0.00      0.00    100.00
01:47:38         37      0.00      0.00      0.00      0.00      0.00    100.00
01:47:38         38      0.00      0.00      0.00      0.00      0.00    100.00
01:47:38         39      0.00      0.00      0.00      0.00      0.00    100.00

01:47:38        CPU     %user     %nice   %system   %iowait    %steal     %idle
01:47:39        all      0.02      0.00      0.02      0.07      0.00     99.88
01:47:39          0      0.00      0.00      0.00      0.00      0.00    100.00
01:47:39          1      0.00      0.00      0.00      0.00      0.00    100.00
01:47:39          2      0.00      0.00      0.00      0.00      0.00    100.00
01:47:39          3      0.00      0.00      0.00      0.00      0.00    100.00
01:47:39          4      0.00      0.00      0.00      0.00      0.00    100.00
01:47:39          5      0.00      0.00      0.00      0.00      0.00    100.00
01:47:39          6      0.00      0.00      0.00      0.00      0.00    100.00
01:47:39          7      0.00      0.00      0.00      0.00      0.00    100.00
01:47:39          8      0.00      0.00      0.00      0.00      0.00    100.00
01:47:39          9      0.00      0.00      0.00      0.00      0.00    100.00
01:47:39         10      0.00      0.00      0.00      0.00      0.00    100.00
01:47:39         11      0.00      0.00      0.00      2.02      0.00     97.98
01:47:39         12      0.00      0.00      0.00      0.00      0.00    100.00
01:47:39         13      0.00      0.00      0.99      0.00      0.00     99.01
01:47:39         14      0.00      0.00      0.00      0.00      0.00    100.00
01:47:39         15      0.00      0.00      0.00      0.00      0.00    100.00
01:47:39         16      0.00      0.00      0.00      0.00      0.00    100.00
01:47:39         17      0.00      0.00      0.00      0.00      0.00    100.00
01:47:39         18      0.00      0.00      0.00      0.00      0.00    100.00
01:47:39         19      0.00      0.00      0.00      0.00      0.00    100.00
01:47:39         20      0.00      0.00      0.00      0.00      0.00    100.00
01:47:39         21      0.00      0.00      0.00      0.00      0.00    100.00
01:47:39         22      0.00      0.00      0.00      0.00      0.00    100.00
01:47:39         23      0.00      0.00      0.00      0.00      0.00    100.00
01:47:39         24      0.00      0.00      0.00      0.00      0.00    100.00
01:47:39         25      0.00      0.00      0.00      0.00      0.00    100.00
01:47:39         26      0.00      0.00      0.00      0.00      0.00    100.00
01:47:39         27      0.00      0.00      0.00      0.00      0.00    100.00
01:47:39         28      0.00      0.00      0.00      0.00      0.00    100.00
01:47:39         29      0.00      0.00      0.00      0.00      0.00    100.00
01:47:39         30      0.00      0.00      0.00      0.00      0.00    100.00
01:47:39         31      0.00      0.00      0.00      0.00      0.00    100.00
01:47:39         32      0.00      0.00      0.00      0.00      0.00    100.00
01:47:39         33      0.00      0.00      0.00      0.00      0.00    100.00
01:47:39         34      0.00      0.00      0.00      0.00      0.00    100.00
01:47:39         35      0.00      0.00      0.00      0.00      0.00    100.00
01:47:39         36      0.00      0.00      0.00      0.00      0.00    100.00
01:47:39         37      0.00      0.00      0.00      0.00      0.00    100.00
01:47:39         38      0.00      0.00      0.00      0.00      0.00    100.00
01:47:39         39      0.00      0.00      0.00      0.00      0.00    100.00

01:47:39        CPU     %user     %nice   %system   %iowait    %steal     %idle
01:47:40        all      0.00      0.00      0.03      0.00      0.00     99.97
01:47:40          0      0.00      0.00      0.00      0.00      0.00    100.00
01:47:40          1      0.00      0.00      0.00      0.00      0.00    100.00
01:47:40          2      0.00      0.00      0.00      0.00      0.00    100.00
01:47:40          3      0.00      0.00      0.00      0.00      0.00    100.00
01:47:40          4      0.00      0.00      0.00      0.00      0.00    100.00
01:47:40          5      0.00      0.00      0.00      0.00      0.00    100.00
01:47:40          6      0.00      0.00      0.00      0.00      0.00    100.00
01:47:40          7      0.00      0.00      0.00      0.00      0.00    100.00
01:47:40          8      0.00      0.00      0.00      0.00      0.00    100.00
01:47:40          9      0.00      0.00      0.00      0.00      0.00    100.00
01:47:40         10      0.00      0.00      0.00      0.00      0.00    100.00
01:47:40         11      0.00      0.00      0.00      0.00      0.00    100.00
01:47:40         12      0.00      0.00      0.00      0.00      0.00    100.00
01:47:40         13      0.00      0.00      0.00      0.00      0.00    100.00
01:47:40         14      0.00      0.00      0.00      0.00      0.00    100.00
01:47:40         15      0.00      0.00      0.99      0.00      0.00     99.01
01:47:40         16      0.00      0.00      0.00      0.00      0.00    100.00
01:47:40         17      0.00      0.00      0.00      0.00      0.00    100.00
01:47:40         18      0.00      0.00      0.00      0.00      0.00    100.00
01:47:40         19      0.00      0.00      0.00      0.00      0.00    100.00
01:47:40         20      0.00      0.00      0.00      0.00      0.00    100.00
01:47:40         21      0.00      0.00      0.00      0.00      0.00    100.00
01:47:40         22      0.00      0.00      0.00      0.00      0.00    100.00
01:47:40         23      0.00      0.00      0.00      0.00      0.00    100.00
01:47:40         24      0.00      0.00      0.00      0.00      0.00    100.00
01:47:40         25      0.00      0.00      0.00      0.00      0.00    100.00
01:47:40         26      0.00      0.00      0.00      0.00      0.00    100.00
01:47:40         27      0.00      0.00      0.00      0.00      0.00    100.00
01:47:40         28      0.00      0.00      0.00      0.00      0.00    100.00
01:47:40         29      0.00      0.00      0.00      0.00      0.00    100.00
01:47:40         30      0.00      0.00      0.00      0.00      0.00    100.00
01:47:40         31      0.00      0.00      0.00      0.00      0.00    100.00
01:47:40         32      0.00      0.00      0.00      0.00      0.00    100.00
01:47:40         33      0.00      0.00      0.00      0.00      0.00    100.00
01:47:40         34      0.00      0.00      0.00      0.00      0.00    100.00
01:47:40         35      0.00      0.00      0.00      0.00      0.00    100.00
01:47:40         36      0.00      0.00      0.00      0.00      0.00    100.00
01:47:40         37      0.00      0.00      0.00      0.00      0.00    100.00
01:47:40         38      0.00      0.00      0.00      0.00      0.00    100.00
01:47:40         39      0.00      0.00      0.00      0.00      0.00    100.00

01:47:40        CPU     %user     %nice   %system   %iowait    %steal     %idle
01:47:41        all      0.00      0.00      0.00      0.00      0.00    100.00
01:47:41          0      0.00      0.00      0.00      0.00      0.00    100.00
01:47:41          1      0.00      0.00      0.00      0.00      0.00    100.00
01:47:41          2      0.00      0.00      0.00      0.00      0.00    100.00
01:47:41          3      0.00      0.00      0.00      0.00      0.00    100.00
01:47:41          4      0.00      0.00      0.00      0.00      0.00    100.00
01:47:41          5      0.00      0.00      0.00      0.00      0.00    100.00
01:47:41          6      0.00      0.00      0.00      0.00      0.00    100.00
01:47:41          7      0.00      0.00      0.00      0.00      0.00    100.00
01:47:41          8      0.00      0.00      0.00      0.00      0.00    100.00
01:47:41          9      0.00      0.00      0.00      0.00      0.00    100.00
01:47:41         10      0.00      0.00      0.00      0.00      0.00    100.00
01:47:41         11      0.00      0.00      0.00      0.00      0.00    100.00
01:47:41         12      0.00      0.00      0.00      0.00      0.00    100.00
01:47:41         13      1.00      0.00      0.00      0.00      0.00     99.00
01:47:41         14      0.00      0.00      0.00      0.00      0.00    100.00
01:47:41         15      0.00      0.00      0.00      0.00      0.00    100.00
01:47:41         16      0.00      0.00      0.00      0.00      0.00    100.00
01:47:41         17      0.00      0.00      0.00      0.00      0.00    100.00
01:47:41         18      0.00      0.00      0.00      0.00      0.00    100.00
01:47:41         19      0.00      0.00      0.00      0.00      0.00    100.00
01:47:41         20      0.00      0.00      0.00      0.00      0.00    100.00
01:47:41         21      0.00      0.00      0.00      0.00      0.00    100.00
01:47:41         22      0.00      0.00      0.00      0.00      0.00    100.00
01:47:41         23      0.00      0.00      0.00      0.00      0.00    100.00
01:47:41         24      0.00      0.00      0.00      0.00      0.00    100.00
01:47:41         25      0.00      0.00      0.00      0.00      0.00    100.00
01:47:41         26      0.00      0.00      0.00      0.00      0.00    100.00
01:47:41         27      0.00      0.00      0.00      0.00      0.00    100.00
01:47:41         28      0.00      0.00      0.00      0.00      0.00    100.00
01:47:41         29      0.00      0.00      0.00      0.00      0.00    100.00
01:47:41         30      0.00      0.00      0.00      0.00      0.00    100.00
01:47:41         31      0.00      0.00      0.00      0.00      0.00    100.00
01:47:41         32      0.00      0.00      0.00      0.00      0.00    100.00
01:47:41         33      0.00      0.00      0.00      0.00      0.00    100.00
01:47:41         34      0.00      0.00      0.00      0.00      0.00    100.00
01:47:41         35      0.00      0.00      0.00      0.00      0.00    100.00
01:47:41         36      0.00      0.00      0.00      0.00      0.00    100.00
01:47:41         37      0.00      0.00      0.00      0.00      0.00    100.00
01:47:41         38      0.00      0.00      0.99      0.00      0.00     99.01
01:47:41         39      0.00      0.00      0.00      0.00      0.00    100.00

01:47:41        CPU     %user     %nice   %system   %iowait    %steal     %idle
01:47:42        all      0.00      0.00      0.03      0.00      0.00     99.97
01:47:42          0      0.00      0.00      0.00      0.00      0.00    100.00
01:47:42          1      0.00      0.00      0.00      0.00      0.00    100.00
01:47:42          2      0.00      0.00      0.00      0.00      0.00    100.00
01:47:42          3      0.00      0.00      0.00      0.00      0.00    100.00
01:47:42          4      0.00      0.00      0.00      0.00      0.00    100.00
01:47:42          5      0.00      0.00      0.00      0.00      0.00    100.00
01:47:42          6      0.00      0.00      0.00      0.00      0.00    100.00
01:47:42          7      0.00      0.00      0.00      0.00      0.00    100.00
01:47:42          8      0.00      0.00      0.00      0.00      0.00    100.00
01:47:42          9      0.00      0.00      0.00      0.00      0.00    100.00
01:47:42         10      0.00      0.00      0.00      0.00      0.00    100.00
01:47:42         11      0.00      0.00      0.00      0.00      0.00    100.00
01:47:42         12      0.00      0.00      0.00      0.00      0.00    100.00
01:47:42         13      0.00      0.00      0.00      0.00      0.00    100.00
01:47:42         14      0.00      0.00      0.00      0.00      0.00    100.00
01:47:42         15      0.00      0.00      0.00      0.00      0.00    100.00
01:47:42         16      0.00      0.00      0.00      0.00      0.00    100.00
01:47:42         17      0.00      0.00      0.00      0.00      0.00    100.00
01:47:42         18      0.00      0.00      0.99      0.00      0.00     99.01
01:47:42         19      0.00      0.00      0.00      0.00      0.00    100.00
01:47:42         20      0.00      0.00      0.00      0.00      0.00    100.00
01:47:42         21      0.00      0.00      0.00      0.00      0.00    100.00
01:47:42         22      0.00      0.00      0.00      0.00      0.00    100.00
01:47:42         23      0.00      0.00      0.00      0.00      0.00    100.00
01:47:42         24      0.00      0.00      0.00      0.00      0.00    100.00
01:47:42         25      0.00      0.00      0.00      0.00      0.00    100.00
01:47:42         26      0.00      0.00      0.00      0.00      0.00    100.00
01:47:42         27      0.00      0.00      0.00      0.00      0.00    100.00
01:47:42         28      0.00      0.00      0.00      0.00      0.00    100.00
01:47:42         29      0.00      0.00      0.00      0.00      0.00    100.00
01:47:42         30      0.00      0.00      0.00      0.00      0.00    100.00
01:47:42         31      0.00      0.00      0.00      0.00      0.00    100.00
01:47:42         32      0.00      0.00      0.00      0.00      0.00    100.00
01:47:42         33      0.00      0.00      0.00      0.00      0.00    100.00
01:47:42         34      0.00      0.00      0.00      0.00      0.00    100.00
01:47:42         35      0.00      0.00      0.00      0.00      0.00    100.00
01:47:42         36      0.00      0.00      0.00      0.00      0.00    100.00
01:47:42         37      0.00      0.00      0.00      0.00      0.00    100.00
01:47:42         38      0.00      0.00      0.00      0.00      0.00    100.00
01:47:42         39      0.00      0.00      0.00      0.00      0.00    100.00

01:47:42        CPU     %user     %nice   %system   %iowait    %steal     %idle
01:47:43        all      0.05      0.00      0.00      0.00      0.00     99.95
01:47:43          0      0.00      0.00      0.00      0.00      0.00    100.00
01:47:43          1      0.00      0.00      0.99      0.00      0.00     99.01
01:47:43          2      0.00      0.00      0.00      0.00      0.00    100.00
01:47:43          3      0.00      0.00      0.00      0.00      0.00    100.00
01:47:43          4      0.00      0.00      0.00      0.00      0.00    100.00
01:47:43          5      0.00      0.00      0.00      0.00      0.00    100.00
01:47:43          6      0.00      0.00      0.00      0.00      0.00    100.00
01:47:43          7      0.00      0.00      0.00      0.00      0.00    100.00
01:47:43          8      0.00      0.00      0.00      0.00      0.00    100.00
01:47:43          9      0.00      0.00      0.00      0.00      0.00    100.00
01:47:43         10      0.00      0.00      0.00      0.00      0.00    100.00
01:47:43         11      0.00      0.00      0.00      0.00      0.00    100.00
01:47:43         12      0.00      0.00      0.00      0.00      0.00    100.00
01:47:43         13      0.00      0.00      0.00      0.00      0.00    100.00
01:47:43         14      0.00      0.00      0.00      0.00      0.00    100.00
01:47:43         15      0.00      0.00      0.00      0.00      0.00    100.00
01:47:43         16      0.00      0.00      0.00      0.00      0.00    100.00
01:47:43         17      0.00      0.00      0.00      0.00      0.00    100.00
01:47:43         18      1.00      0.00      0.00      0.00      0.00     99.00
01:47:43         19      0.00      0.00      0.00      0.00      0.00    100.00
01:47:43         20      0.00      0.00      0.00      0.00      0.00    100.00
01:47:43         21      0.00      0.00      0.00      0.00      0.00    100.00
01:47:43         22      0.00      0.00      0.00      0.00      0.00    100.00
01:47:43         23      0.00      0.00      0.00      0.00      0.00    100.00
01:47:43         24      0.00      0.00      0.00      0.00      0.00    100.00
01:47:43         25      0.00      0.00      0.00      0.00      0.00    100.00
01:47:43         26      0.00      0.00      0.00      0.00      0.00    100.00
01:47:43         27      0.00      0.00      0.00      0.00      0.00    100.00
01:47:43         28      0.00      0.00      0.00      0.00      0.00    100.00
01:47:43         29      0.00      0.00      0.00      0.00      0.00    100.00
01:47:43         30      0.00      0.00      0.00      0.00      0.00    100.00
01:47:43         31      0.00      0.00      0.00      0.00      0.00    100.00
01:47:43         32      0.00      0.00      0.00      0.00      0.00    100.00
01:47:43         33      0.00      0.00      0.00      0.00      0.00    100.00
01:47:43         34      0.00      0.00      0.00      0.00      0.00    100.00
01:47:43         35      0.00      0.00      0.00      0.00      0.00    100.00
01:47:43         36      0.00      0.00      0.00      0.00      0.00    100.00
01:47:43         37      0.00      0.00      0.00      0.00      0.00    100.00
01:47:43         38      0.00      0.00      0.00      0.00      0.00    100.00
01:47:43         39      0.00      0.00      0.00      0.00      0.00    100.00

01:47:43        CPU     %user     %nice   %system   %iowait    %steal     %idle
01:47:44        all      0.00      0.00      0.03      0.00      0.00     99.98
01:47:44          0      0.00      0.00      0.00      0.00      0.00    100.00
01:47:44          1      0.00      0.00      0.00      0.00      0.00    100.00
01:47:44          2      0.00      0.00      0.00      0.00      0.00    100.00
01:47:44          3      0.00      0.00      0.00      0.00      0.00    100.00
01:47:44          4      0.99      0.00      0.00      0.00      0.00     99.01
01:47:44          5      0.00      0.00      0.00      0.00      0.00    100.00
01:47:44          6      0.00      0.00      0.00      0.00      0.00    100.00
01:47:44          7      0.00      0.00      0.00      0.00      0.00    100.00
01:47:44          8      0.00      0.00      0.00      0.00      0.00    100.00
01:47:44          9      0.00      0.00      0.00      0.00      0.00    100.00
01:47:44         10      0.00      0.00      0.00      0.00      0.00    100.00
01:47:44         11      0.00      0.00      0.00      0.00      0.00    100.00
01:47:44         12      0.00      0.00      0.00      0.00      0.00    100.00
01:47:44         13      0.00      0.00      0.00      0.00      0.00    100.00
01:47:44         14      0.00      0.00      0.00      0.00      0.00    100.00
01:47:44         15      0.00      0.00      0.00      0.00      0.00    100.00
01:47:44         16      0.00      0.00      0.00      0.00      0.00    100.00
01:47:44         17      0.00      0.00      0.00      0.00      0.00    100.00
01:47:44         18      0.00      0.00      0.00      0.00      0.00    100.00
01:47:44         19      0.00      0.00      0.00      0.00      0.00    100.00
01:47:44         20      0.00      0.00      0.00      0.00      0.00    100.00
01:47:44         21      0.00      0.00      0.00      0.00      0.00    100.00
01:47:44         22      0.00      0.00      0.00      0.00      0.00    100.00
01:47:44         23      0.00      0.00      0.00      0.00      0.00    100.00
01:47:44         24      0.00      0.00      0.00      0.00      0.00    100.00
01:47:44         25      0.00      0.00      0.00      0.00      0.00    100.00
01:47:44         26      0.00      0.00      0.00      0.00      0.00    100.00
01:47:44         27      0.00      0.00      0.00      0.00      0.00    100.00
01:47:44         28      0.00      0.00      0.00      0.00      0.00    100.00
01:47:44         29      0.00      0.00      0.00      0.00      0.00    100.00
01:47:44         30      0.00      0.00      0.00      0.00      0.00    100.00
01:47:44         31      0.00      0.00      0.00      0.00      0.00    100.00
01:47:44         32      0.00      0.00      0.00      0.00      0.00    100.00
01:47:44         33      0.00      0.00      0.00      0.00      0.00    100.00
01:47:44         34      0.00      0.00      0.00      0.00      0.00    100.00
01:47:44         35      0.00      0.00      0.00      0.00      0.00    100.00
01:47:44         36      0.00      0.00      0.00      0.00      0.00    100.00
01:47:44         37      0.00      0.00      0.00      0.00      0.00    100.00
01:47:44         38      0.00      0.00      0.00      0.00      0.00    100.00
01:47:44         39      0.00      0.00      0.00      0.00      0.00    100.00

01:47:44        CPU     %user     %nice   %system   %iowait    %steal     %idle
01:47:45        all      0.45      0.00      0.05      0.00      0.00     99.50
01:47:45          0      0.00      0.00      0.00      0.00      0.00    100.00
01:47:45          1      0.00      0.00      0.00      0.00      0.00    100.00
01:47:45          2      0.00      0.00      0.00      0.00      0.00    100.00
01:47:45          3      1.00      0.00      0.00      0.00      0.00     99.00
01:47:45          4      0.00      0.00      0.00      0.00      0.00    100.00
01:47:45          5      0.00      0.00      0.00      0.00      0.00    100.00
01:47:45          6      0.00      0.00      0.00      0.00      0.00    100.00
01:47:45          7      0.00      0.00      0.00      0.00      0.00    100.00
01:47:45          8      0.00      0.00      0.00      0.00      0.00    100.00
01:47:45          9      0.00      0.00      0.00      0.00      0.00    100.00
01:47:45         10      1.00      0.00      0.00      0.00      0.00     99.00
01:47:45         11      1.00      0.00      0.00      0.00      0.00     99.00
01:47:45         12      0.00      0.00      1.00      0.00      0.00     99.00
01:47:45         13      0.00      0.00      0.00      0.00      0.00    100.00
01:47:45         14      0.00      0.00      0.00      0.00      0.00    100.00
01:47:45         15     15.00      0.00      1.00      0.00      0.00     84.00
01:47:45         16      0.00      0.00      0.00      0.00      0.00    100.00
01:47:45         17      0.00      0.00      0.00      0.00      0.00    100.00
01:47:45         18      0.00      0.00      0.00      0.00      0.00    100.00
01:47:45         19      0.00      0.00      0.00      0.00      0.00    100.00
01:47:45         20      0.00      0.00      0.00      0.00      0.00    100.00
01:47:45         21      0.00      0.00      0.00      0.00      0.00    100.00
01:47:45         22      0.00      0.00      0.00      0.00      0.00    100.00
01:47:45         23      0.00      0.00      0.00      0.00      0.00    100.00
01:47:45         24      0.00      0.00      0.00      0.00      0.00    100.00
01:47:45         25      0.00      0.00      0.00      0.00      0.00    100.00
01:47:45         26      0.99      0.00      0.00      0.00      0.00     99.01
01:47:45         27      0.00      0.00      0.00      0.00      0.00    100.00
01:47:45         28      0.00      0.00      0.00      0.00      0.00    100.00
01:47:45         29      0.00      0.00      0.00      0.00      0.00    100.00
01:47:45         30      0.00      0.00      0.00      0.00      0.00    100.00
01:47:45         31      0.00      0.00      0.00      0.00      0.00    100.00
01:47:45         32      0.00      0.00      0.00      0.00      0.00    100.00
01:47:45         33      0.00      0.00      0.00      0.00      0.00    100.00
01:47:45         34      0.00      0.00      0.00      0.00      0.00    100.00
01:47:45         35      0.00      0.00      0.00      0.00      0.00    100.00
01:47:45         36      0.00      0.00      0.00      0.00      0.00    100.00
01:47:45         37      0.99      0.00      0.00      0.00      0.00     99.01
01:47:45         38      0.00      0.00      0.00      0.00      0.00    100.00
01:47:45         39      0.00      0.00      0.00      0.00      0.00    100.00

01:47:45        CPU     %user     %nice   %system   %iowait    %steal     %idle
01:47:46        all      1.33      0.00      0.40      0.03      0.00     98.25
01:47:46          0      0.00      0.00      2.00      0.00      0.00     98.00
01:47:46          1      1.00      0.00      0.00      0.00      0.00     99.00
01:47:46          2      7.00      0.00      1.00      0.00      0.00     92.00
01:47:46          3      0.00      0.00      1.00      0.00      0.00     99.00
01:47:46          4      0.00      0.00      1.00      0.00      0.00     99.00
01:47:46          5      0.00      0.00      0.99      0.00      0.00     99.01
01:47:46          6      1.98      0.00      0.00      0.00      0.00     98.02
01:47:46          7      0.99      0.00      0.00      0.00      0.00     99.01
01:47:46          8      0.00      0.00      0.00      0.00      0.00    100.00
01:47:46          9      0.00      0.00      0.00      0.00      0.00    100.00
01:47:46         10      0.00      0.00      0.00      0.00      0.00    100.00
01:47:46         11      0.00      0.00      0.00      0.00      0.00    100.00
01:47:46         12      0.00      0.00      0.00      0.00      0.00    100.00
01:47:46         13      0.99      0.00      0.00      0.00      0.00     99.01
01:47:46         14      0.00      0.00      3.03      1.01      0.00     95.96
01:47:46         15     39.39      0.00      5.05      0.00      0.00     55.56
01:47:46         16      0.00      0.00      0.99      0.00      0.00     99.01
01:47:46         17      0.00      0.00      0.00      0.00      0.00    100.00
01:47:46         18      0.00      0.00      0.00      0.00      0.00    100.00
01:47:46         19      0.00      0.00      0.00      0.00      0.00    100.00
01:47:46         20      0.00      0.00      0.00      0.00      0.00    100.00
01:47:46         21      0.00      0.00      0.00      0.00      0.00    100.00
01:47:46         22      0.99      0.00      0.00      0.00      0.00     99.01
01:47:46         23      0.00      0.00      0.00      0.00      0.00    100.00
01:47:46         24      0.00      0.00      0.00      0.00      0.00    100.00
01:47:46         25      0.00      0.00      0.00      0.00      0.00    100.00
01:47:46         26      0.00      0.00      0.00      0.00      0.00    100.00
01:47:46         27      0.00      0.00      0.00      0.00      0.00    100.00
01:47:46         28      1.00      0.00      0.00      0.00      0.00     99.00
01:47:46         29      0.00      0.00      0.00      0.00      0.00    100.00
01:47:46         30      0.00      0.00      0.00      0.00      0.00    100.00
01:47:46         31      0.00      0.00      0.00      0.00      0.00    100.00
01:47:46         32      0.00      0.00      0.00      0.00      0.00    100.00
01:47:46         33      0.00      0.00      0.00      0.00      0.00    100.00
01:47:46         34      0.00      0.00      0.00      0.00      0.00    100.00
01:47:46         35      0.00      0.00      0.00      0.00      0.00    100.00
01:47:46         36      0.99      0.00      0.00      0.00      0.00     99.01
01:47:46         37      0.00      0.00      0.00      0.00      0.00    100.00
01:47:46         38      0.00      0.00      0.00      0.00      0.00    100.00
01:47:46         39      0.00      0.00      0.00      0.00      0.00    100.00

01:47:46        CPU     %user     %nice   %system   %iowait    %steal     %idle
01:47:47        all      0.03      0.00      0.03      0.00      0.00     99.95
01:47:47          0      0.00      0.00      0.00      0.00      0.00    100.00
01:47:47          1      0.00      0.00      0.00      0.00      0.00    100.00
01:47:47          2      0.00      0.00      0.00      0.00      0.00    100.00
01:47:47          3      1.00      0.00      0.00      0.00      0.00     99.00
01:47:47          4      0.00      0.00      0.00      0.00      0.00    100.00
01:47:47          5      0.00      0.00      0.99      0.00      0.00     99.01
01:47:47          6      0.00      0.00      0.00      0.00      0.00    100.00
01:47:47          7      0.00      0.00      0.00      0.00      0.00    100.00
01:47:47          8      0.00      0.00      0.00      0.00      0.00    100.00
01:47:47          9      0.00      0.00      0.00      0.00      0.00    100.00
01:47:47         10      0.00      0.00      0.00      0.00      0.00    100.00
01:47:47         11      0.00      0.00      0.00      0.00      0.00    100.00
01:47:47         12      0.00      0.00      0.00      0.00      0.00    100.00
01:47:47         13      0.00      0.00      0.00      0.00      0.00    100.00
01:47:47         14      0.00      0.00      0.00      0.00      0.00    100.00
01:47:47         15      0.00      0.00      0.00      0.00      0.00    100.00
01:47:47         16      0.00      0.00      0.00      0.00      0.00    100.00
01:47:47         17      0.00      0.00      0.00      0.00      0.00    100.00
01:47:47         18      0.00      0.00      0.00      0.00      0.00    100.00
01:47:47         19      0.00      0.00      0.00      0.00      0.00    100.00
01:47:47         20      0.00      0.00      0.00      0.00      0.00    100.00
01:47:47         21      0.00      0.00      0.00      0.00      0.00    100.00
01:47:47         22      0.00      0.00      0.00      0.00      0.00    100.00
01:47:47         23      0.00      0.00      0.00      0.00      0.00    100.00
01:47:47         24      0.00      0.00      0.00      0.00      0.00    100.00
01:47:47         25      0.00      0.00      0.00      0.00      0.00    100.00
01:47:47         26      0.00      0.00      0.00      0.00      0.00    100.00
01:47:47         27      0.00      0.00      0.00      0.00      0.00    100.00
01:47:47         28      0.00      0.00      0.00      0.00      0.00    100.00
01:47:47         29      0.00      0.00      0.00      0.00      0.00    100.00
01:47:47         30      0.00      0.00      0.00      0.00      0.00    100.00
01:47:47         31      0.00      0.00      0.00      0.00      0.00    100.00
01:47:47         32      0.00      0.00      0.00      0.00      0.00    100.00
01:47:47         33      0.00      0.00      0.00      0.00      0.00    100.00
01:47:47         34      0.00      0.00      0.00      0.00      0.00    100.00
01:47:47         35      0.00      0.00      0.00      0.00      0.00    100.00
01:47:47         36      0.00      0.00      0.00      0.00      0.00    100.00
01:47:47         37      0.00      0.00      0.00      0.00      0.00    100.00
01:47:47         38      0.00      0.00      0.00      0.00      0.00    100.00
01:47:47         39      0.00      0.00      0.00      0.00      0.00    100.00

01:47:47        CPU     %user     %nice   %system   %iowait    %steal     %idle
01:47:48        all      0.60      0.00      0.08      0.00      0.00     99.32
01:47:48          0      0.00      0.00      0.00      0.00      0.00    100.00
01:47:48          1      0.00      0.00      0.00      0.00      0.00    100.00
01:47:48          2      0.00      0.00      0.00      0.00      0.00    100.00
01:47:48          3      0.00      0.00      0.00      0.00      0.00    100.00
01:47:48          4      0.00      0.00      0.00      0.00      0.00    100.00
01:47:48          5      0.00      0.00      0.00      0.00      0.00    100.00
01:47:48          6      0.00      0.00      0.00      0.00      0.00    100.00
01:47:48          7      0.00      0.00      0.00      0.00      0.00    100.00
01:47:48          8      0.00      0.00      0.00      0.00      0.00    100.00
01:47:48          9      0.00      0.00      0.00      0.00      0.00    100.00
01:47:48         10      0.00      0.00      0.00      0.00      0.00    100.00
01:47:48         11      0.00      0.00      0.00      0.00      0.00    100.00
01:47:48         12      0.00      0.00      0.00      0.00      0.00    100.00
01:47:48         13      0.00      0.00      1.00      0.00      0.00     99.00
01:47:48         14      0.99      0.00      0.00      0.00      0.00     99.01
01:47:48         15      0.00      0.00      0.00      0.00      0.00    100.00
01:47:48         16      0.00      0.00      0.00      0.00      0.00    100.00
01:47:48         17     18.00      0.00      1.00      0.00      0.00     81.00
01:47:48         18      0.99      0.00      0.00      0.00      0.00     99.01
01:47:48         19      0.00      0.00      0.00      0.00      0.00    100.00
01:47:48         20      0.00      0.00      0.00      0.00      0.00    100.00
01:47:48         21      0.00      0.00      0.00      0.00      0.00    100.00
01:47:48         22      0.00      0.00      0.00      0.00      0.00    100.00
01:47:48         23      0.00      0.00      0.00      0.00      0.00    100.00
01:47:48         24      0.00      0.00      0.00      0.00      0.00    100.00
01:47:48         25      0.00      0.00      0.00      0.00      0.00    100.00
01:47:48         26      0.00      0.00      0.99      0.00      0.00     99.01
01:47:48         27      0.00      0.00      0.00      0.00      0.00    100.00
01:47:48         28      0.00      0.00      0.00      0.00      0.00    100.00
01:47:48         29      0.00      0.00      0.00      0.00      0.00    100.00
01:47:48         30      0.00      0.00      0.00      0.00      0.00    100.00
01:47:48         31      0.00      0.00      0.00      0.00      0.00    100.00
01:47:48         32      0.00      0.00      0.00      0.00      0.00    100.00
01:47:48         33      0.00      0.00      0.00      0.00      0.00    100.00
01:47:48         34      0.99      0.00      0.00      0.00      0.00     99.01
01:47:48         35      0.00      0.00      0.00      0.00      0.00    100.00
01:47:48         36      0.00      0.00      0.00      0.00      0.00    100.00
01:47:48         37      2.97      0.00      0.99      0.00      0.00     96.04
01:47:48         38      0.00      0.00      0.00      0.00      0.00    100.00
01:47:48         39      0.00      0.00      0.00      0.00      0.00    100.00
