Linux 6.6.23 (eternity1) 	05/24/25 	_x86_64_	(40 CPU)

01:54:18    kbmemfree   kbavail kbmemused  %memused kbbuffers  kbcached  kbcommit   %commit  kbactive   kbinact   kbdirty
01:54:19     63815732  63650000   1793136      2.73         0    395968   2966112      4.45     60288    679792      6400
01:54:20     63814308  63648584   1794560      2.74         0    395976   2966112      4.45     60284    677804      6408
01:54:21     63815920  63650196   1792948      2.73         0    395976   2966112      4.45     60284    677804      6408
01:54:22     63816172  63650448   1792696      2.73         0    395984   2966112      4.45     60284    677804      6416
01:54:23     63816172  63650448   1792696      2.73         0    395984   2966112      4.45     60284    677804      6416
01:54:24     63816172  63650448   1792696      2.73         0    395988   2966112      4.45     60284    677804      6420
01:54:25     63815948  63650224   1792920      2.73         0    395996   2966112      4.45     60284    677804      2028
01:54:26     63815696  63649972   1793172      2.73         0    396004   2966112      4.45     60284    677804      1900
01:54:27     63814716  63648992   1794152      2.73         0    396008   2966112      4.45     60288    677896      1904
01:54:28     63814716  63648992   1794152      2.73         0    396012   2966112      4.45     60284    677700      1908
01:54:29     63814380  63648656   1794488      2.74         0    396016   2966112      4.45     60280    677780      1912
01:54:30     63814312  63648588   1794556      2.74         0    396020   2966112      4.45     60284    678004      1916
01:54:31     63814400  63648680   1794468      2.74         0    396024   2966112      4.45     60284    677860        16
01:54:32     63794280  63628608   1814588      2.77         0    396032   2989148      4.49     60288    698464        24
01:54:33     63796100  63630728   1812768      2.76         0    396308   2988836      4.49     60368    698884      3784
01:54:34     63811268  63645940   1797600      2.74         0    396344   2965564      4.45     60352    678212      4108
01:54:35     63811516  63646268   1797352      2.74         0    396420   2965564      4.45     60396    677732      4112
01:54:36     63811600  63646352   1797268      2.74         0    396420   2965564      4.45     60396    677732      4112
01:54:37     63811836  63646588   1797032      2.74         0    396428   2965564      4.45     60396    677732      4120
01:54:38     63811840  63646592   1797028      2.74         0    396436   2965564      4.45     60396    677732      4128
01:54:39     63811840  63646592   1797028      2.74         0    396452   2965564      4.45     60396    677732      4628
01:54:40     63811840  63646592   1797028      2.74         0    396452   2965564      4.45     60396    677732      4628
01:54:41     63811588  63646344   1797280      2.74         0    396460   2965564      4.45     60396    677736       484
01:54:42     63811588  63646344   1797280      2.74         0    396464   2965564      4.45     60396    677736       496
01:54:43     63811588  63646344   1797280      2.74         0    396468   2965564      4.45     60396    677736       500
01:54:44     63810976  63645732   1797892      2.74         0    396476   2969964      4.46     60400    679872       468
01:54:45     63810976  63645732   1797892      2.74         0    396476   2965564      4.45     60400    678564       468
01:54:46     63811412  63646168   1797456      2.74         0    396484   2965564      4.45     60400    678564        40
01:54:47     63811428  63646184   1797440      2.74         0    396484   2965564      4.45     60400    678564        40
01:54:48     63811428  63646184   1797440      2.74         0    396484   2965564      4.45     60400    678564        40
01:54:49     63811780  63646596   1797088      2.74         0    396548   2965564      4.45     60424    677780        56
01:54:50     63811780  63646596   1797088      2.74         0    396552   2965564      4.45     60424    677780        60
01:54:51     63811780  63646600   1797088      2.74         0    396552   2965564      4.45     60424    677784         4
01:54:52     63811780  63646600   1797088      2.74         0    396552   2965564      4.45     60424    677784         8
01:54:53     63811780  63646600   1797088      2.74         0    396560   2965564      4.45     60424    677784        16
01:54:54     63811780  63646600   1797088      2.74         0    396560   2966112      4.45     60424    678220        16
01:54:55     63792604  63627500   1816264      2.77         0    396588   2987992      4.49     60428    698132      2360
01:54:56     63788088  63622992   1820780      2.78         0    396588   2987296      4.48     60420    697472      3724
