Linux 6.6.23 (eternity2) 	05/24/25 	_x86_64_	(40 CPU)

01:54:29        CPU     %user     %nice   %system   %iowait    %steal     %idle
01:54:30        all      1.98      0.00      0.70      0.70      0.00     96.62
01:54:30          0      8.91      0.00      0.99      0.00      0.00     90.10
01:54:30          1      1.00      0.00      2.00      0.00      0.00     97.00
01:54:30          2      1.00      0.00      1.00      0.00      0.00     98.00
01:54:30          3      6.06      0.00      2.02      0.00      0.00     91.92
01:54:30          4      0.00      0.00      1.00      0.00      0.00     99.00
01:54:30          5      1.01      0.00      0.00      0.00      0.00     98.99
01:54:30          6      0.00      0.00      0.00      0.00      0.00    100.00
01:54:30          7      0.00      0.00      0.00      0.00      0.00    100.00
01:54:30          8      0.00      0.00      0.00      0.00      0.00    100.00
01:54:30          9     49.49      0.00      9.09      0.00      0.00     41.41
01:54:30         10      0.00      0.00      0.00      0.00      0.00    100.00
01:54:30         11      0.00      0.00      1.01      0.00      0.00     98.99
01:54:30         12      1.00      0.00      0.00      0.00      0.00     99.00
01:54:30         13      0.00      0.00      1.98      0.00      0.00     98.02
01:54:30         14      0.00      0.00      0.00      0.00      0.00    100.00
01:54:30         15      0.00      0.00      0.00      0.00      0.00    100.00
01:54:30         16      0.00      0.00      0.00      0.00      0.00    100.00
01:54:30         17      1.01      0.00      0.00      5.05      0.00     93.94
01:54:30         18      0.00      0.00      0.99      0.00      0.00     99.01
01:54:30         19      6.12      0.00      1.02     10.20      0.00     82.65
01:54:30         20      0.00      0.00      0.00      0.00      0.00    100.00
01:54:30         21      0.00      0.00      0.00      0.00      0.00    100.00
01:54:30         22      1.00      0.00      0.00      8.00      0.00     91.00
01:54:30         23      0.00      0.00      0.00      0.00      0.00    100.00
01:54:30         24      0.00      0.00      0.00      0.00      0.00    100.00
01:54:30         25      0.00      0.00      0.00      0.00      0.00    100.00
01:54:30         26      0.00      0.00      1.00      0.00      0.00     99.00
01:54:30         27      1.00      0.00      0.00      0.00      0.00     99.00
01:54:30         28      1.00      0.00      0.00      0.00      0.00     99.00
01:54:30         29      0.00      0.00      0.00      0.00      0.00    100.00
01:54:30         30      1.00      0.00      1.00      1.00      0.00     97.00
01:54:30         31      0.00      0.00      0.00      0.00      0.00    100.00
01:54:30         32      0.00      0.00      1.00      0.00      0.00     99.00
01:54:30         33      0.00      0.00      0.00      0.00      0.00    100.00
01:54:30         34      0.00      0.00      1.00      2.00      0.00     97.00
01:54:30         35      0.99      0.00      2.97      1.98      0.00     94.06
01:54:30         36      0.00      0.00      0.00      0.00      0.00    100.00
01:54:30         37      0.00      0.00      0.99      0.00      0.00     99.01
01:54:30         38      0.00      0.00      1.00      0.00      0.00     99.00
01:54:30         39      0.00      0.00      0.00      0.00      0.00    100.00

01:54:30        CPU     %user     %nice   %system   %iowait    %steal     %idle
01:54:31        all      1.78      0.00      0.48      0.00      0.00     97.75
01:54:31          0      0.00      0.00      1.00      0.00      0.00     99.00
01:54:31          1      0.00      0.00      0.00      0.00      0.00    100.00
01:54:31          2     37.76      0.00      5.10      0.00      0.00     57.14
01:54:31          3     18.00      0.00      3.00      0.00      0.00     79.00
01:54:31          4      1.00      0.00      0.00      0.00      0.00     99.00
01:54:31          5      0.00      0.00      0.00      0.00      0.00    100.00
01:54:31          6      1.00      0.00      1.00      0.00      0.00     98.00
01:54:31          7      0.00      0.00      0.00      0.00      0.00    100.00
01:54:31          8      0.00      0.00      0.00      0.00      0.00    100.00
01:54:31          9      0.00      0.00      0.00      0.00      0.00    100.00
01:54:31         10      0.00      0.00      0.00      0.00      0.00    100.00
01:54:31         11      5.94      0.00      2.97      0.00      0.00     91.09
01:54:31         12      0.00      0.00      1.00      0.00      0.00     99.00
01:54:31         13      1.00      0.00      1.00      0.00      0.00     98.00
01:54:31         14      1.00      0.00      0.00      0.00      0.00     99.00
01:54:31         15      0.00      0.00      0.00      0.00      0.00    100.00
01:54:31         16      1.98      0.00      0.00      0.00      0.00     98.02
01:54:31         17      0.00      0.00      0.00      0.00      0.00    100.00
01:54:31         18      1.01      0.00      0.00      0.00      0.00     98.99
01:54:31         19      2.00      0.00      1.00      0.00      0.00     97.00
01:54:31         20      0.00      0.00      0.00      0.00      0.00    100.00
01:54:31         21      0.00      0.00      0.00      0.00      0.00    100.00
01:54:31         22      1.00      0.00      1.00      0.00      0.00     98.00
01:54:31         23      0.00      0.00      0.00      0.00      0.00    100.00
01:54:31         24      0.00      0.00      0.00      0.00      0.00    100.00
01:54:31         25      0.00      0.00      0.00      0.00      0.00    100.00
01:54:31         26      0.00      0.00      0.00      0.00      0.00    100.00
01:54:31         27      0.00      0.00      0.00      0.00      0.00    100.00
01:54:31         28      0.00      0.00      0.00      0.00      0.00    100.00
01:54:31         29      0.00      0.00      0.00      0.00      0.00    100.00
01:54:31         30      0.00      0.00      0.00      0.00      0.00    100.00
01:54:31         31      0.00      0.00      0.00      0.00      0.00    100.00
01:54:31         32      0.00      0.00      0.99      0.00      0.00     99.01
01:54:31         33      0.00      0.00      0.00      0.00      0.00    100.00
01:54:31         34      0.00      0.00      0.00      0.00      0.00    100.00
01:54:31         35      1.01      0.00      0.00      0.00      0.00     98.99
01:54:31         36      0.00      0.00      0.00      0.00      0.00    100.00
01:54:31         37      0.00      0.00      0.00      0.00      0.00    100.00
01:54:31         38      0.00      0.00      0.00      0.00      0.00    100.00
01:54:31         39      0.00      0.00      0.00      0.00      0.00    100.00

01:54:31        CPU     %user     %nice   %system   %iowait    %steal     %idle
01:54:32        all      1.33      0.00      0.33      0.08      0.00     98.27
01:54:32          0      0.00      0.00      0.00      0.00      0.00    100.00
01:54:32          1      0.00      0.00      0.00      4.00      0.00     96.00
01:54:32          2     40.59      0.00      4.95      0.00      0.00     54.46
01:54:32          3      0.99      0.00      0.99      0.00      0.00     98.02
01:54:32          4      0.00      0.00      1.00      0.00      0.00     99.00
01:54:32          5      0.00      0.00      0.00      0.00      0.00    100.00
01:54:32          6      0.00      0.00      0.00      0.00      0.00    100.00
01:54:32          7      0.00      0.00      0.00      0.00      0.00    100.00
01:54:32          8      0.00      0.00      0.00      0.00      0.00    100.00
01:54:32          9      0.00      0.00      0.00      0.00      0.00    100.00
01:54:32         10      1.00      0.00      1.00      0.00      0.00     98.00
01:54:32         11      0.00      0.00      1.00      0.00      0.00     99.00
01:54:32         12      0.00      0.00      0.00      0.00      0.00    100.00
01:54:32         13      6.93      0.00      0.99      0.00      0.00     92.08
01:54:32         14      0.00      0.00      0.00      0.00      0.00    100.00
01:54:32         15      0.00      0.00      0.00      0.00      0.00    100.00
01:54:32         16      0.00      0.00      0.00      0.00      0.00    100.00
01:54:32         17      1.00      0.00      0.00      0.00      0.00     99.00
01:54:32         18      0.00      0.00      2.00      0.00      0.00     98.00
01:54:32         19      0.00      0.00      0.00      0.00      0.00    100.00
01:54:32         20      0.00      0.00      0.00      0.00      0.00    100.00
01:54:32         21      0.00      0.00      0.00      0.00      0.00    100.00
01:54:32         22      0.00      0.00      0.00      0.00      0.00    100.00
01:54:32         23      0.00      0.00      0.00      0.00      0.00    100.00
01:54:32         24      0.00      0.00      0.00      0.00      0.00    100.00
01:54:32         25      0.00      0.00      0.00      0.00      0.00    100.00
01:54:32         26      0.00      0.00      0.00      0.00      0.00    100.00
01:54:32         27      0.00      0.00      0.00      0.00      0.00    100.00
01:54:32         28      0.00      0.00      0.00      0.00      0.00    100.00
01:54:32         29      0.00      0.00      0.00      0.00      0.00    100.00
01:54:32         30      0.00      0.00      0.00      0.00      0.00    100.00
01:54:32         31      0.00      0.00      0.00      0.00      0.00    100.00
01:54:32         32      0.00      0.00      0.00      0.00      0.00    100.00
01:54:32         33      0.00      0.00      0.00      0.00      0.00    100.00
01:54:32         34      0.00      0.00      0.00      0.00      0.00    100.00
01:54:32         35      0.00      0.00      0.00      0.00      0.00    100.00
01:54:32         36      0.00      0.00      0.00      0.00      0.00    100.00
01:54:32         37      0.00      0.00      0.00      0.00      0.00    100.00
01:54:32         38      0.00      0.00      0.00      0.00      0.00    100.00
01:54:32         39      0.00      0.00      0.00      0.00      0.00    100.00

01:54:32        CPU     %user     %nice   %system   %iowait    %steal     %idle
01:54:33        all      0.00      0.00      0.00      0.00      0.00    100.00
01:54:33          0      0.00      0.00      0.00      0.00      0.00    100.00
01:54:33          1      0.00      0.00      0.00      0.00      0.00    100.00
01:54:33          2      0.00      0.00      0.00      0.00      0.00    100.00
01:54:33          3      0.00      0.00      0.00      0.00      0.00    100.00
01:54:33          4      0.00      0.00      0.00      0.00      0.00    100.00
01:54:33          5      0.00      0.00      0.00      0.00      0.00    100.00
01:54:33          6      0.00      0.00      0.00      0.00      0.00    100.00
01:54:33          7      0.00      0.00      0.00      0.00      0.00    100.00
01:54:33          8      0.00      0.00      0.00      0.00      0.00    100.00
01:54:33          9      0.00      0.00      0.00      0.00      0.00    100.00
01:54:33         10      0.00      0.00      0.00      0.00      0.00    100.00
01:54:33         11      0.00      0.00      0.00      0.00      0.00    100.00
01:54:33         12      0.00      0.00      0.00      0.00      0.00    100.00
01:54:33         13      0.00      0.00      0.00      0.00      0.00    100.00
01:54:33         14      0.00      0.00      0.00      0.00      0.00    100.00
01:54:33         15      0.00      0.00      0.00      0.00      0.00    100.00
01:54:33         16      0.00      0.00      0.00      0.00      0.00    100.00
01:54:33         17      0.00      0.00      0.00      0.00      0.00    100.00
01:54:33         18      0.00      0.00      0.00      0.00      0.00    100.00
01:54:33         19      0.00      0.00      0.00      0.00      0.00    100.00
01:54:33         20      0.00      0.00      0.00      0.00      0.00    100.00
01:54:33         21      0.00      0.00      0.00      0.00      0.00    100.00
01:54:33         22      0.00      0.00      0.00      0.00      0.00    100.00
01:54:33         23      0.00      0.00      0.00      0.00      0.00    100.00
01:54:33         24      0.00      0.00      0.00      0.00      0.00    100.00
01:54:33         25      0.00      0.00      0.00      0.00      0.00    100.00
01:54:33         26      0.00      0.00      0.00      0.00      0.00    100.00
01:54:33         27      1.00      0.00      0.00      0.00      0.00     99.00
01:54:33         28      0.00      0.00      0.00      0.00      0.00    100.00
01:54:33         29      0.00      0.00      0.00      0.00      0.00    100.00
01:54:33         30      0.00      0.00      0.00      0.00      0.00    100.00
01:54:33         31      0.00      0.00      0.00      0.00      0.00    100.00
01:54:33         32      0.00      0.00      0.00      0.00      0.00    100.00
01:54:33         33      0.00      0.00      0.00      0.00      0.00    100.00
01:54:33         34      0.00      0.00      0.00      0.00      0.00    100.00
01:54:33         35      0.00      0.00      0.00      0.00      0.00    100.00
01:54:33         36      0.00      0.00      0.00      0.00      0.00    100.00
01:54:33         37      0.00      0.00      0.00      0.00      0.00    100.00
01:54:33         38      0.00      0.00      0.00      0.00      0.00    100.00
01:54:33         39      0.00      0.00      0.00      0.00      0.00    100.00

01:54:33        CPU     %user     %nice   %system   %iowait    %steal     %idle
01:54:34        all      0.00      0.00      0.03      0.00      0.00     99.97
01:54:34          0      0.00      0.00      0.00      0.00      0.00    100.00
01:54:34          1      0.00      0.00      0.99      0.00      0.00     99.01
01:54:34          2      0.00      0.00      0.00      0.00      0.00    100.00
01:54:34          3      0.00      0.00      0.00      0.00      0.00    100.00
01:54:34          4      0.00      0.00      0.00      0.00      0.00    100.00
01:54:34          5      0.00      0.00      0.00      0.00      0.00    100.00
01:54:34          6      0.00      0.00      0.00      0.00      0.00    100.00
01:54:34          7      0.00      0.00      0.00      0.00      0.00    100.00
01:54:34          8      0.00      0.00      0.00      0.00      0.00    100.00
01:54:34          9      0.00      0.00      0.00      0.00      0.00    100.00
01:54:34         10      0.00      0.00      0.00      0.00      0.00    100.00
01:54:34         11      0.00      0.00      0.00      0.00      0.00    100.00
01:54:34         12      0.00      0.00      0.00      0.00      0.00    100.00
01:54:34         13      0.00      0.00      0.00      0.00      0.00    100.00
01:54:34         14      0.00      0.00      0.00      0.00      0.00    100.00
01:54:34         15      0.00      0.00      0.00      0.00      0.00    100.00
01:54:34         16      0.00      0.00      0.00      0.00      0.00    100.00
01:54:34         17      0.00      0.00      0.00      0.00      0.00    100.00
01:54:34         18      0.00      0.00      0.00      0.00      0.00    100.00
01:54:34         19      0.00      0.00      0.00      0.00      0.00    100.00
01:54:34         20      0.00      0.00      0.00      0.00      0.00    100.00
01:54:34         21      0.00      0.00      0.00      0.00      0.00    100.00
01:54:34         22      0.00      0.00      0.00      0.00      0.00    100.00
01:54:34         23      0.00      0.00      0.00      0.00      0.00    100.00
01:54:34         24      0.00      0.00      0.00      0.00      0.00    100.00
01:54:34         25      0.00      0.00      0.00      0.00      0.00    100.00
01:54:34         26      0.00      0.00      0.00      0.00      0.00    100.00
01:54:34         27      0.00      0.00      0.99      0.00      0.00     99.01
01:54:34         28      0.00      0.00      0.00      0.00      0.00    100.00
01:54:34         29      0.00      0.00      0.00      0.00      0.00    100.00
01:54:34         30      0.00      0.00      0.00      0.00      0.00    100.00
01:54:34         31      0.00      0.00      0.00      0.00      0.00    100.00
01:54:34         32      0.00      0.00      0.00      0.00      0.00    100.00
01:54:34         33      0.00      0.00      0.00      0.00      0.00    100.00
01:54:34         34      0.00      0.00      0.00      0.00      0.00    100.00
01:54:34         35      0.00      0.00      0.00      0.00      0.00    100.00
01:54:34         36      0.00      0.00      0.00      0.00      0.00    100.00
01:54:34         37      0.00      0.00      0.00      0.00      0.00    100.00
01:54:34         38      0.00      0.00      0.00      0.00      0.00    100.00
01:54:34         39      0.00      0.00      0.00      0.00      0.00    100.00

01:54:34        CPU     %user     %nice   %system   %iowait    %steal     %idle
01:54:35        all      0.03      0.00      0.00      0.00      0.00     99.98
01:54:35          0      0.00      0.00      0.00      0.00      0.00    100.00
01:54:35          1      0.00      0.00      0.00      0.00      0.00    100.00
01:54:35          2      0.00      0.00      0.00      0.00      0.00    100.00
01:54:35          3      0.00      0.00      0.00      0.00      0.00    100.00
01:54:35          4      0.00      0.00      0.00      0.00      0.00    100.00
01:54:35          5      0.00      0.00      0.00      0.00      0.00    100.00
01:54:35          6      0.00      0.00      0.00      0.00      0.00    100.00
01:54:35          7      0.00      0.00      0.00      0.00      0.00    100.00
01:54:35          8      0.00      0.00      0.00      0.00      0.00    100.00
01:54:35          9      0.00      0.00      0.00      0.00      0.00    100.00
01:54:35         10      0.00      0.00      0.00      0.00      0.00    100.00
01:54:35         11      0.00      0.00      0.00      0.00      0.00    100.00
01:54:35         12      0.00      0.00      0.00      0.00      0.00    100.00
01:54:35         13      0.00      0.00      0.00      0.00      0.00    100.00
01:54:35         14      0.00      0.00      0.00      0.00      0.00    100.00
01:54:35         15      0.00      0.00      0.00      0.00      0.00    100.00
01:54:35         16      0.00      0.00      0.00      0.00      0.00    100.00
01:54:35         17      0.00      0.00      0.00      0.00      0.00    100.00
01:54:35         18      0.00      0.00      0.00      0.00      0.00    100.00
01:54:35         19      0.00      0.00      0.00      0.00      0.00    100.00
01:54:35         20      0.00      0.00      0.00      0.00      0.00    100.00
01:54:35         21      0.00      0.00      0.00      0.00      0.00    100.00
01:54:35         22      0.00      0.00      0.00      0.00      0.00    100.00
01:54:35         23      0.00      0.00      0.00      0.00      0.00    100.00
01:54:35         24      0.00      0.00      0.00      0.00      0.00    100.00
01:54:35         25      0.00      0.00      0.00      0.00      0.00    100.00
01:54:35         26      0.00      0.00      0.00      0.00      0.00    100.00
01:54:35         27      0.00      0.00      0.00      0.00      0.00    100.00
01:54:35         28      0.00      0.00      0.00      0.00      0.00    100.00
01:54:35         29      0.00      0.00      0.00      0.00      0.00    100.00
01:54:35         30      0.00      0.00      0.00      0.00      0.00    100.00
01:54:35         31      0.00      0.00      0.00      0.00      0.00    100.00
01:54:35         32      0.00      0.00      0.00      0.00      0.00    100.00
01:54:35         33      0.00      0.00      0.00      0.00      0.00    100.00
01:54:35         34      0.00      0.00      0.00      0.00      0.00    100.00
01:54:35         35      0.00      0.00      0.00      0.00      0.00    100.00
01:54:35         36      0.00      0.00      0.00      0.00      0.00    100.00
01:54:35         37      0.00      0.00      0.00      0.00      0.00    100.00
01:54:35         38      0.00      0.00      0.00      0.00      0.00    100.00
01:54:35         39      0.00      0.00      0.00      0.00      0.00    100.00

01:54:35        CPU     %user     %nice   %system   %iowait    %steal     %idle
01:54:36        all      0.00      0.00      0.03      0.00      0.00     99.98
01:54:36          0      0.00      0.00      0.00      0.00      0.00    100.00
01:54:36          1      0.00      0.00      0.00      0.00      0.00    100.00
01:54:36          2      0.00      0.00      0.00      0.00      0.00    100.00
01:54:36          3      0.00      0.00      0.00      0.00      0.00    100.00
01:54:36          4      0.00      0.00      0.00      0.00      0.00    100.00
01:54:36          5      0.00      0.00      0.00      0.00      0.00    100.00
01:54:36          6      0.00      0.00      0.00      0.00      0.00    100.00
01:54:36          7      0.00      0.00      0.00      0.00      0.00    100.00
01:54:36          8      0.00      0.00      0.00      0.00      0.00    100.00
01:54:36          9      0.00      0.00      0.00      0.00      0.00    100.00
01:54:36         10      0.00      0.00      0.00      0.00      0.00    100.00
01:54:36         11      0.00      0.00      0.00      0.00      0.00    100.00
01:54:36         12      0.00      0.00      0.00      0.00      0.00    100.00
01:54:36         13      0.00      0.00      0.00      0.00      0.00    100.00
01:54:36         14      0.00      0.00      0.00      0.00      0.00    100.00
01:54:36         15      0.00      0.00      0.00      0.00      0.00    100.00
01:54:36         16      0.00      0.00      0.00      0.00      0.00    100.00
01:54:36         17      0.00      0.00      0.00      0.00      0.00    100.00
01:54:36         18      0.00      0.00      0.00      0.00      0.00    100.00
01:54:36         19      0.00      0.00      0.00      0.00      0.00    100.00
01:54:36         20      0.00      0.00      0.00      0.00      0.00    100.00
01:54:36         21      0.00      0.00      0.00      0.00      0.00    100.00
01:54:36         22      0.00      0.00      0.00      0.00      0.00    100.00
01:54:36         23      0.00      0.00      0.00      0.00      0.00    100.00
01:54:36         24      0.00      0.00      0.00      0.00      0.00    100.00
01:54:36         25      0.00      0.00      0.00      0.00      0.00    100.00
01:54:36         26      0.00      0.00      0.00      0.00      0.00    100.00
01:54:36         27      0.00      0.00      0.00      0.00      0.00    100.00
01:54:36         28      0.00      0.00      0.00      0.00      0.00    100.00
01:54:36         29      0.00      0.00      0.00      0.00      0.00    100.00
01:54:36         30      0.00      0.00      0.00      0.00      0.00    100.00
01:54:36         31      0.00      0.00      0.00      0.00      0.00    100.00
01:54:36         32      0.00      0.00      0.00      0.00      0.00    100.00
01:54:36         33      0.00      0.00      0.00      0.00      0.00    100.00
01:54:36         34      0.00      0.00      0.00      0.00      0.00    100.00
01:54:36         35      0.00      0.00      0.00      0.00      0.00    100.00
01:54:36         36      0.00      0.00      0.00      0.00      0.00    100.00
01:54:36         37      0.00      0.00      0.00      0.00      0.00    100.00
01:54:36         38      0.00      0.00      0.00      0.00      0.00    100.00
01:54:36         39      0.00      0.00      0.00      0.00      0.00    100.00

01:54:36        CPU     %user     %nice   %system   %iowait    %steal     %idle
01:54:37        all      0.00      0.00      0.00      0.03      0.00     99.97
01:54:37          0      0.00      0.00      0.00      0.00      0.00    100.00
01:54:37          1      0.00      0.00      0.00      0.00      0.00    100.00
01:54:37          2      0.00      0.00      0.00      0.00      0.00    100.00
01:54:37          3      0.00      0.00      0.00      0.00      0.00    100.00
01:54:37          4      0.00      0.00      0.00      0.00      0.00    100.00
01:54:37          5      0.00      0.00      0.00      0.00      0.00    100.00
01:54:37          6      0.00      0.00      0.00      0.00      0.00    100.00
01:54:37          7      0.00      0.00      0.00      0.00      0.00    100.00
01:54:37          8      0.00      0.00      0.00      0.00      0.00    100.00
01:54:37          9      0.00      0.00      0.00      0.00      0.00    100.00
01:54:37         10      0.00      0.00      0.00      0.00      0.00    100.00
01:54:37         11      0.00      0.00      0.00      0.00      0.00    100.00
01:54:37         12      0.00      0.00      0.00      0.00      0.00    100.00
01:54:37         13      0.00      0.00      0.00      0.00      0.00    100.00
01:54:37         14      0.00      0.00      0.00      0.00      0.00    100.00
01:54:37         15      0.00      0.00      0.00      0.00      0.00    100.00
01:54:37         16      0.00      0.00      0.00      0.00      0.00    100.00
01:54:37         17      0.00      0.00      0.00      0.00      0.00    100.00
01:54:37         18      0.00      0.00      0.00      0.00      0.00    100.00
01:54:37         19      0.00      0.00      0.00      0.00      0.00    100.00
01:54:37         20      0.00      0.00      0.00      0.00      0.00    100.00
01:54:37         21      0.00      0.00      0.00      0.00      0.00    100.00
01:54:37         22      0.00      0.00      0.00      0.00      0.00    100.00
01:54:37         23      0.00      0.00      0.00      0.00      0.00    100.00
01:54:37         24      0.00      0.00      0.00      0.00      0.00    100.00
01:54:37         25      0.00      0.00      0.00      0.00      0.00    100.00
01:54:37         26      0.00      0.00      0.00      0.00      0.00    100.00
01:54:37         27      0.00      0.00      0.00      0.00      0.00    100.00
01:54:37         28      0.00      0.00      0.00      0.00      0.00    100.00
01:54:37         29      0.00      0.00      0.00      0.00      0.00    100.00
01:54:37         30      0.00      0.00      0.00      0.00      0.00    100.00
01:54:37         31      0.00      0.00      0.00      0.00      0.00    100.00
01:54:37         32      0.00      0.00      0.00      0.00      0.00    100.00
01:54:37         33      0.00      0.00      0.00      0.00      0.00    100.00
01:54:37         34      0.00      0.00      0.00      0.00      0.00    100.00
01:54:37         35      0.00      0.00      0.00      0.00      0.00    100.00
01:54:37         36      0.00      0.00      0.00      0.00      0.00    100.00
01:54:37         37      0.00      0.00      0.00      0.00      0.00    100.00
01:54:37         38      0.00      0.00      0.00      0.00      0.00    100.00
01:54:37         39      0.00      0.00      0.00      0.00      0.00    100.00

01:54:37        CPU     %user     %nice   %system   %iowait    %steal     %idle
01:54:38        all      0.00      0.00      0.00      0.00      0.00    100.00
01:54:38          0      0.00      0.00      0.00      0.00      0.00    100.00
01:54:38          1      0.00      0.00      0.00      0.00      0.00    100.00
01:54:38          2      0.00      0.00      0.00      0.00      0.00    100.00
01:54:38          3      0.00      0.00      0.00      0.00      0.00    100.00
01:54:38          4      0.00      0.00      0.00      0.00      0.00    100.00
01:54:38          5      0.00      0.00      0.00      0.00      0.00    100.00
01:54:38          6      0.00      0.00      0.00      0.00      0.00    100.00
01:54:38          7      0.00      0.00      0.00      0.00      0.00    100.00
01:54:38          8      0.00      0.00      0.00      0.00      0.00    100.00
01:54:38          9      0.00      0.00      0.00      0.00      0.00    100.00
01:54:38         10      0.00      0.00      0.00      0.00      0.00    100.00
01:54:38         11      0.00      0.00      0.00      0.00      0.00    100.00
01:54:38         12      0.00      0.00      0.00      0.00      0.00    100.00
01:54:38         13      0.00      0.00      0.00      0.00      0.00    100.00
01:54:38         14      0.00      0.00      0.00      0.00      0.00    100.00
01:54:38         15      0.00      0.00      0.00      0.00      0.00    100.00
01:54:38         16      0.00      0.00      0.00      0.00      0.00    100.00
01:54:38         17      0.00      0.00      0.00      0.00      0.00    100.00
01:54:38         18      0.00      0.00      0.00      0.00      0.00    100.00
01:54:38         19      0.00      0.00      0.00      0.00      0.00    100.00
01:54:38         20      0.00      0.00      0.00      0.00      0.00    100.00
01:54:38         21      0.00      0.00      0.00      0.00      0.00    100.00
01:54:38         22      0.00      0.00      0.00      0.00      0.00    100.00
01:54:38         23      0.00      0.00      0.00      0.00      0.00    100.00
01:54:38         24      0.00      0.00      0.00      0.00      0.00    100.00
01:54:38         25      0.00      0.00      0.00      0.00      0.00    100.00
01:54:38         26      0.00      0.00      0.00      0.00      0.00    100.00
01:54:38         27      0.00      0.00      0.99      0.00      0.00     99.01
01:54:38         28      0.00      0.00      0.00      0.00      0.00    100.00
01:54:38         29      0.00      0.00      0.00      0.00      0.00    100.00
01:54:38         30      0.00      0.00      0.00      0.00      0.00    100.00
01:54:38         31      0.00      0.00      0.00      0.00      0.00    100.00
01:54:38         32      0.00      0.00      0.00      0.00      0.00    100.00
01:54:38         33      0.00      0.00      0.00      0.00      0.00    100.00
01:54:38         34      0.00      0.00      0.00      0.00      0.00    100.00
01:54:38         35      0.00      0.00      0.00      0.00      0.00    100.00
01:54:38         36      0.00      0.00      0.00      0.00      0.00    100.00
01:54:38         37      0.00      0.00      0.00      0.00      0.00    100.00
01:54:38         38      0.00      0.00      0.00      0.00      0.00    100.00
01:54:38         39      0.00      0.00      0.00      0.00      0.00    100.00

01:54:38        CPU     %user     %nice   %system   %iowait    %steal     %idle
01:54:39        all      0.00      0.00      0.03      0.00      0.00     99.97
01:54:39          0      0.00      0.00      0.99      0.00      0.00     99.01
01:54:39          1      0.00      0.00      0.00      0.00      0.00    100.00
01:54:39          2      0.00      0.00      0.00      0.00      0.00    100.00
01:54:39          3      0.00      0.00      0.00      0.00      0.00    100.00
01:54:39          4      0.00      0.00      0.00      0.00      0.00    100.00
01:54:39          5      0.00      0.00      0.00      0.00      0.00    100.00
01:54:39          6      0.00      0.00      0.00      0.00      0.00    100.00
01:54:39          7      0.00      0.00      0.00      0.00      0.00    100.00
01:54:39          8      0.00      0.00      0.00      0.00      0.00    100.00
01:54:39          9      0.00      0.00      0.00      0.00      0.00    100.00
01:54:39         10      0.00      0.00      0.00      0.00      0.00    100.00
01:54:39         11      0.00      0.00      0.00      0.00      0.00    100.00
01:54:39         12      0.00      0.00      0.00      0.00      0.00    100.00
01:54:39         13      0.00      0.00      1.00      0.00      0.00     99.00
01:54:39         14      0.00      0.00      0.00      0.00      0.00    100.00
01:54:39         15      0.00      0.00      0.00      0.00      0.00    100.00
01:54:39         16      0.00      0.00      0.00      0.00      0.00    100.00
01:54:39         17      0.00      0.00      0.00      0.00      0.00    100.00
01:54:39         18      0.00      0.00      0.00      0.00      0.00    100.00
01:54:39         19      0.00      0.00      0.00      0.00      0.00    100.00
01:54:39         20      0.00      0.00      0.00      0.00      0.00    100.00
01:54:39         21      0.00      0.00      0.00      0.00      0.00    100.00
01:54:39         22      0.00      0.00      0.00      0.00      0.00    100.00
01:54:39         23      0.00      0.00      0.00      0.00      0.00    100.00
01:54:39         24      0.00      0.00      0.00      0.00      0.00    100.00
01:54:39         25      0.00      0.00      0.00      0.00      0.00    100.00
01:54:39         26      0.00      0.00      0.00      0.00      0.00    100.00
01:54:39         27      0.00      0.00      0.00      0.00      0.00    100.00
01:54:39         28      0.00      0.00      0.00      0.00      0.00    100.00
01:54:39         29      0.00      0.00      0.00      0.00      0.00    100.00
01:54:39         30      0.00      0.00      0.00      0.00      0.00    100.00
01:54:39         31      0.00      0.00      0.00      0.00      0.00    100.00
01:54:39         32      0.00      0.00      0.00      0.00      0.00    100.00
01:54:39         33      0.00      0.00      0.00      0.00      0.00    100.00
01:54:39         34      0.00      0.00      0.00      0.00      0.00    100.00
01:54:39         35      0.00      0.00      0.00      0.00      0.00    100.00
01:54:39         36      0.00      0.00      0.00      0.00      0.00    100.00
01:54:39         37      0.00      0.00      0.00      0.00      0.00    100.00
01:54:39         38      0.00      0.00      0.00      0.00      0.00    100.00
01:54:39         39      0.00      0.00      0.00      0.00      0.00    100.00

01:54:39        CPU     %user     %nice   %system   %iowait    %steal     %idle
01:54:40        all      0.00      0.00      0.03      0.00      0.00     99.98
01:54:40          0      0.00      0.00      0.00      0.00      0.00    100.00
01:54:40          1      0.00      0.00      0.00      0.00      0.00    100.00
01:54:40          2      0.00      0.00      0.00      0.00      0.00    100.00
01:54:40          3      0.00      0.00      0.00      0.00      0.00    100.00
01:54:40          4      0.00      0.00      0.00      0.00      0.00    100.00
01:54:40          5      0.00      0.00      0.00      0.00      0.00    100.00
01:54:40          6      0.00      0.00      0.00      0.00      0.00    100.00
01:54:40          7      0.00      0.00      0.00      0.00      0.00    100.00
01:54:40          8      0.00      0.00      0.00      0.00      0.00    100.00
01:54:40          9      0.00      0.00      0.00      0.00      0.00    100.00
01:54:40         10      0.00      0.00      0.00      0.00      0.00    100.00
01:54:40         11      0.00      0.00      0.00      0.00      0.00    100.00
01:54:40         12      0.00      0.00      0.00      0.00      0.00    100.00
01:54:40         13      0.00      0.00      0.00      0.00      0.00    100.00
01:54:40         14      0.00      0.00      0.00      0.00      0.00    100.00
01:54:40         15      0.00      0.00      0.00      0.00      0.00    100.00
01:54:40         16      0.00      0.00      0.00      0.00      0.00    100.00
01:54:40         17      0.00      0.00      0.00      0.00      0.00    100.00
01:54:40         18      0.00      0.00      0.00      0.00      0.00    100.00
01:54:40         19      0.00      0.00      0.00      0.00      0.00    100.00
01:54:40         20      0.00      0.00      0.00      0.00      0.00    100.00
01:54:40         21      0.00      0.00      0.00      0.00      0.00    100.00
01:54:40         22      0.00      0.00      0.00      0.00      0.00    100.00
01:54:40         23      0.00      0.00      0.00      0.00      0.00    100.00
01:54:40         24      0.00      0.00      0.00      0.00      0.00    100.00
01:54:40         25      0.00      0.00      0.00      0.00      0.00    100.00
01:54:40         26      0.00      0.00      0.00      0.00      0.00    100.00
01:54:40         27      0.00      0.00      0.00      0.00      0.00    100.00
01:54:40         28      0.00      0.00      0.00      0.00      0.00    100.00
01:54:40         29      0.00      0.00      0.00      0.00      0.00    100.00
01:54:40         30      0.00      0.00      0.00      0.00      0.00    100.00
01:54:40         31      0.00      0.00      0.00      0.00      0.00    100.00
01:54:40         32      0.00      0.00      0.00      0.00      0.00    100.00
01:54:40         33      0.00      0.00      0.00      0.00      0.00    100.00
01:54:40         34      0.00      0.00      0.00      0.00      0.00    100.00
01:54:40         35      0.00      0.00      0.00      0.00      0.00    100.00
01:54:40         36      0.00      0.00      0.00      0.00      0.00    100.00
01:54:40         37      0.00      0.00      0.00      0.00      0.00    100.00
01:54:40         38      0.00      0.00      0.00      0.00      0.00    100.00
01:54:40         39      0.00      0.00      0.00      0.00      0.00    100.00

01:54:40        CPU     %user     %nice   %system   %iowait    %steal     %idle
01:54:41        all      0.03      0.00      0.00      0.00      0.00     99.97
01:54:41          0      0.00      0.00      0.00      0.00      0.00    100.00
01:54:41          1      0.00      0.00      0.00      0.00      0.00    100.00
01:54:41          2      0.00      0.00      0.00      0.00      0.00    100.00
01:54:41          3      0.00      0.00      0.00      0.00      0.00    100.00
01:54:41          4      0.00      0.00      0.00      0.00      0.00    100.00
01:54:41          5      0.00      0.00      0.00      0.00      0.00    100.00
01:54:41          6      0.00      0.00      0.00      0.00      0.00    100.00
01:54:41          7      0.00      0.00      0.00      0.00      0.00    100.00
01:54:41          8      0.00      0.00      0.00      0.00      0.00    100.00
01:54:41          9      0.00      0.00      0.00      0.00      0.00    100.00
01:54:41         10      0.00      0.00      0.00      0.00      0.00    100.00
01:54:41         11      0.00      0.00      0.00      0.00      0.00    100.00
01:54:41         12      0.00      0.00      0.00      0.00      0.00    100.00
01:54:41         13      0.00      0.00      0.00      0.00      0.00    100.00
01:54:41         14      0.00      0.00      0.00      0.00      0.00    100.00
01:54:41         15      0.00      0.00      0.00      0.00      0.00    100.00
01:54:41         16      0.00      0.00      0.00      0.00      0.00    100.00
01:54:41         17      0.00      0.00      0.00      0.00      0.00    100.00
01:54:41         18      0.00      0.00      0.00      0.00      0.00    100.00
01:54:41         19      0.00      0.00      0.00      0.00      0.00    100.00
01:54:41         20      0.00      0.00      0.00      0.00      0.00    100.00
01:54:41         21      0.00      0.00      0.00      0.00      0.00    100.00
01:54:41         22      0.00      0.00      0.00      0.00      0.00    100.00
01:54:41         23      0.00      0.00      0.00      0.00      0.00    100.00
01:54:41         24      0.00      0.00      0.00      0.00      0.00    100.00
01:54:41         25      0.00      0.00      0.00      0.00      0.00    100.00
01:54:41         26      0.00      0.00      0.00      0.00      0.00    100.00
01:54:41         27      0.00      0.00      0.00      0.00      0.00    100.00
01:54:41         28      0.00      0.00      0.00      0.00      0.00    100.00
01:54:41         29      0.00      0.00      0.00      0.00      0.00    100.00
01:54:41         30      0.00      0.00      0.00      0.00      0.00    100.00
01:54:41         31      0.00      0.00      0.00      0.00      0.00    100.00
01:54:41         32      0.00      0.00      0.00      0.00      0.00    100.00
01:54:41         33      0.00      0.00      0.00      0.00      0.00    100.00
01:54:41         34      0.00      0.00      0.00      0.00      0.00    100.00
01:54:41         35      0.00      0.00      0.00      0.00      0.00    100.00
01:54:41         36      0.00      0.00      0.00      0.00      0.00    100.00
01:54:41         37      0.00      0.00      0.00      0.00      0.00    100.00
01:54:41         38      0.00      0.00      0.00      0.00      0.00    100.00
01:54:41         39      0.00      0.00      0.00      0.00      0.00    100.00

01:54:41        CPU     %user     %nice   %system   %iowait    %steal     %idle
01:54:42        all      0.00      0.00      0.00      0.00      0.00    100.00
01:54:42          0      0.00      0.00      0.00      0.00      0.00    100.00
01:54:42          1      0.00      0.00      0.00      0.00      0.00    100.00
01:54:42          2      0.00      0.00      0.00      0.00      0.00    100.00
01:54:42          3      0.00      0.00      0.00      0.00      0.00    100.00
01:54:42          4      0.00      0.00      0.00      0.00      0.00    100.00
01:54:42          5      0.00      0.00      0.00      0.00      0.00    100.00
01:54:42          6      0.00      0.00      0.00      0.00      0.00    100.00
01:54:42          7      0.00      0.00      0.00      0.00      0.00    100.00
01:54:42          8      0.00      0.00      0.00      0.00      0.00    100.00
01:54:42          9      0.00      0.00      0.00      0.00      0.00    100.00
01:54:42         10      0.00      0.00      0.00      0.00      0.00    100.00
01:54:42         11      0.00      0.00      0.00      0.00      0.00    100.00
01:54:42         12      0.00      0.00      0.00      0.00      0.00    100.00
01:54:42         13      1.00      0.00      0.00      0.00      0.00     99.00
01:54:42         14      0.00      0.00      0.00      0.00      0.00    100.00
01:54:42         15      0.00      0.00      0.00      0.00      0.00    100.00
01:54:42         16      0.00      0.00      0.00      0.00      0.00    100.00
01:54:42         17      0.00      0.00      0.00      0.00      0.00    100.00
01:54:42         18      0.00      0.00      0.00      0.00      0.00    100.00
01:54:42         19      0.00      0.00      0.00      0.00      0.00    100.00
01:54:42         20      0.00      0.00      0.00      0.00      0.00    100.00
01:54:42         21      0.00      0.00      0.00      0.00      0.00    100.00
01:54:42         22      0.00      0.00      0.00      0.00      0.00    100.00
01:54:42         23      0.00      0.00      0.00      0.00      0.00    100.00
01:54:42         24      0.00      0.00      0.00      0.00      0.00    100.00
01:54:42         25      0.00      0.00      0.00      0.00      0.00    100.00
01:54:42         26      0.00      0.00      0.00      0.00      0.00    100.00
01:54:42         27      0.00      0.00      0.00      0.00      0.00    100.00
01:54:42         28      0.00      0.00      0.00      0.00      0.00    100.00
01:54:42         29      0.00      0.00      0.00      0.00      0.00    100.00
01:54:42         30      0.00      0.00      0.00      0.00      0.00    100.00
01:54:42         31      0.00      0.00      0.00      0.00      0.00    100.00
01:54:42         32      0.00      0.00      0.00      0.00      0.00    100.00
01:54:42         33      0.00      0.00      0.00      0.00      0.00    100.00
01:54:42         34      0.00      0.00      0.00      0.00      0.00    100.00
01:54:42         35      0.00      0.00      0.00      0.00      0.00    100.00
01:54:42         36      0.00      0.00      0.00      0.00      0.00    100.00
01:54:42         37      0.00      0.00      0.00      0.00      0.00    100.00
01:54:42         38      0.00      0.00      0.00      0.00      0.00    100.00
01:54:42         39      0.00      0.00      0.00      0.00      0.00    100.00

01:54:42        CPU     %user     %nice   %system   %iowait    %steal     %idle
01:54:43        all      0.03      0.00      0.03      0.00      0.00     99.95
01:54:43          0      0.00      0.00      0.00      0.00      0.00    100.00
01:54:43          1      0.00      0.00      0.00      0.00      0.00    100.00
01:54:43          2      0.00      0.00      0.00      0.00      0.00    100.00
01:54:43          3      0.00      0.00      0.00      0.00      0.00    100.00
01:54:43          4      0.00      0.00      0.00      0.00      0.00    100.00
01:54:43          5      0.00      0.00      0.00      0.00      0.00    100.00
01:54:43          6      0.00      0.00      0.00      0.00      0.00    100.00
01:54:43          7      0.00      0.00      0.00      0.00      0.00    100.00
01:54:43          8      0.00      0.00      0.00      0.00      0.00    100.00
01:54:43          9      0.00      0.00      0.00      0.00      0.00    100.00
01:54:43         10      0.00      0.00      0.00      0.00      0.00    100.00
01:54:43         11      0.00      0.00      0.00      0.00      0.00    100.00
01:54:43         12      0.00      0.00      0.00      0.00      0.00    100.00
01:54:43         13      0.99      0.00      0.00      0.00      0.00     99.01
01:54:43         14      0.00      0.00      0.00      0.00      0.00    100.00
01:54:43         15      0.00      0.00      0.00      0.00      0.00    100.00
01:54:43         16      0.00      0.00      0.00      0.00      0.00    100.00
01:54:43         17      0.00      0.00      0.00      0.00      0.00    100.00
01:54:43         18      0.00      0.00      0.00      0.00      0.00    100.00
01:54:43         19      0.00      0.00      0.00      0.00      0.00    100.00
01:54:43         20      0.00      0.00      0.00      0.00      0.00    100.00
01:54:43         21      0.00      0.00      0.00      0.00      0.00    100.00
01:54:43         22      0.00      0.00      0.00      0.00      0.00    100.00
01:54:43         23      0.00      0.00      0.00      0.00      0.00    100.00
01:54:43         24      0.00      0.00      0.00      0.00      0.00    100.00
01:54:43         25      0.00      0.00      0.00      0.00      0.00    100.00
01:54:43         26      0.00      0.00      0.00      0.00      0.00    100.00
01:54:43         27      0.00      0.00      0.00      0.00      0.00    100.00
01:54:43         28      0.00      0.00      0.00      0.00      0.00    100.00
01:54:43         29      0.00      0.00      0.00      0.00      0.00    100.00
01:54:43         30      0.00      0.00      0.00      0.00      0.00    100.00
01:54:43         31      0.00      0.00      0.00      0.00      0.00    100.00
01:54:43         32      0.00      0.00      0.00      0.00      0.00    100.00
01:54:43         33      0.00      0.00      0.00      0.00      0.00    100.00
01:54:43         34      0.00      0.00      0.00      0.00      0.00    100.00
01:54:43         35      0.00      0.00      0.00      0.00      0.00    100.00
01:54:43         36      0.00      0.00      0.00      0.00      0.00    100.00
01:54:43         37      0.00      0.00      0.00      0.00      0.00    100.00
01:54:43         38      0.00      0.00      0.00      0.00      0.00    100.00
01:54:43         39      0.00      0.00      0.00      0.00      0.00    100.00

01:54:43        CPU     %user     %nice   %system   %iowait    %steal     %idle
01:54:44        all      1.68      0.00      0.38      0.00      0.00     97.95
01:54:44          0     10.89      0.00      0.99      0.00      0.00     88.12
01:54:44          1      5.00      0.00      1.00      0.00      0.00     94.00
01:54:44          2      0.99      0.00      0.99      0.00      0.00     98.02
01:54:44          3      0.00      0.00      0.00      0.00      0.00    100.00
01:54:44          4      1.00      0.00      0.00      0.00      0.00     99.00
01:54:44          5      5.00      0.00      1.00      0.00      0.00     94.00
01:54:44          6      0.00      0.00      0.00      0.00      0.00    100.00
01:54:44          7      0.00      0.00      0.00      0.00      0.00    100.00
01:54:44          8      0.00      0.00      1.00      0.00      0.00     99.00
01:54:44          9      9.09      0.00      0.00      0.00      0.00     90.91
01:54:44         10      0.00      0.00      0.00      0.00      0.00    100.00
01:54:44         11      1.01      0.00      0.00      0.00      0.00     98.99
01:54:44         12      1.01      0.00      1.01      0.00      0.00     97.98
01:54:44         13      2.00      0.00      1.00      0.00      0.00     97.00
01:54:44         14      1.00      0.00      1.00      0.00      0.00     98.00
01:54:44         15      0.00      0.00      0.00      0.00      0.00    100.00
01:54:44         16      0.00      0.00      0.00      0.00      0.00    100.00
01:54:44         17      0.00      0.00      0.99      0.00      0.00     99.01
01:54:44         18      0.00      0.00      1.00      0.00      0.00     99.00
01:54:44         19      0.00      0.00      0.00      0.00      0.00    100.00
01:54:44         20      0.00      0.00      0.00      0.00      0.00    100.00
01:54:44         21      5.00      0.00      0.00      0.00      0.00     95.00
01:54:44         22      0.00      0.00      0.00      0.00      0.00    100.00
01:54:44         23      0.00      0.00      0.00      0.00      0.00    100.00
01:54:44         24     11.11      0.00      0.00      0.00      0.00     88.89
01:54:44         25      7.07      0.00      0.00      0.00      0.00     92.93
01:54:44         26      0.00      0.00      0.00      0.00      0.00    100.00
01:54:44         27      0.00      0.00      0.99      0.00      0.00     99.01
01:54:44         28      0.00      0.00      0.00      0.00      0.00    100.00
01:54:44         29      0.99      0.00      1.98      0.00      0.00     97.03
01:54:44         30      0.00      0.00      0.99      0.00      0.00     99.01
01:54:44         31      0.00      0.00      1.00      0.00      0.00     99.00
01:54:44         32      1.00      0.00      0.00      0.00      0.00     99.00
01:54:44         33      0.00      0.00      0.00      0.00      0.00    100.00
01:54:44         34      0.00      0.00      0.99      0.00      0.00     99.01
01:54:44         35      1.00      0.00      0.00      0.00      0.00     99.00
01:54:44         36      0.00      0.00      0.00      0.00      0.00    100.00
01:54:44         37      0.00      0.00      0.00      0.00      0.00    100.00
01:54:44         38      0.00      0.00      0.00      0.00      0.00    100.00
01:54:44         39      0.00      0.00      0.00      0.00      0.00    100.00

01:54:44        CPU     %user     %nice   %system   %iowait    %steal     %idle
01:54:45        all      6.89      0.00      1.80      0.30      0.00     91.01
01:54:45          0     13.27      0.00      0.00      0.00      0.00     86.73
01:54:45          1     38.38      0.00      6.06      0.00      0.00     55.56
01:54:45          2      1.00      0.00      2.00      0.00      0.00     97.00
01:54:45          3      7.00      0.00      2.00      0.00      0.00     91.00
01:54:45          4     35.35      0.00      6.06      0.00      0.00     58.59
01:54:45          5      4.04      0.00      2.02      0.00      0.00     93.94
01:54:45          6      0.00      0.00      0.00      0.00      0.00    100.00
01:54:45          7      4.00      0.00      2.00      0.00      0.00     94.00
01:54:45          8      1.00      0.00      0.00      0.00      0.00     99.00
01:54:45          9     39.60      0.00      6.93      1.98      0.00     51.49
01:54:45         10      0.00      0.00      1.98      0.00      0.00     98.02
01:54:45         11      0.00      0.00      1.98      2.97      0.00     95.05
01:54:45         12      0.99      0.00      0.99      0.00      0.00     98.02
01:54:45         13     40.82      0.00      6.12      0.00      0.00     53.06
01:54:45         14      7.07      0.00      2.02      0.00      0.00     90.91
01:54:45         15      5.00      0.00      2.00      0.00      0.00     93.00
01:54:45         16      0.00      0.00      2.00      0.00      0.00     98.00
01:54:45         17     22.00      0.00      4.00      0.00      0.00     74.00
01:54:45         18      0.99      0.00      0.99      0.00      0.00     98.02
01:54:45         19      1.98      0.00      2.97      0.00      0.00     95.05
01:54:45         20      0.00      0.00      0.00      0.00      0.00    100.00
01:54:45         21      0.00      0.00      1.00      0.00      0.00     99.00
01:54:45         22      0.00      0.00      0.00      0.00      0.00    100.00
01:54:45         23      0.00      0.00      0.00      0.00      0.00    100.00
01:54:45         24      6.93      0.00      1.98      0.00      0.00     91.09
01:54:45         25     10.00      0.00      1.00      0.00      0.00     89.00
01:54:45         26      0.00      0.00      1.01      2.02      0.00     96.97
01:54:45         27      4.04      0.00      1.01      2.02      0.00     92.93
01:54:45         28      0.99      0.00      1.98      0.00      0.00     97.03
01:54:45         29      6.06      0.00      0.00      0.00      0.00     93.94
01:54:45         30      0.00      0.00      1.01      0.00      0.00     98.99
01:54:45         31      2.00      0.00      1.00      0.00      0.00     97.00
01:54:45         32      0.00      0.00      2.97      0.00      0.00     97.03
01:54:45         33      0.00      0.00      1.00      0.00      0.00     99.00
01:54:45         34      1.01      0.00      0.00      0.00      0.00     98.99
01:54:45         35      3.96      0.00      1.98      0.00      0.00     94.06
01:54:45         36      1.98      0.00      0.00      0.00      0.00     98.02
01:54:45         37     18.00      0.00      2.00      0.00      0.00     80.00
01:54:45         38      0.00      0.00      0.99      0.00      0.00     99.01
01:54:45         39      0.00      0.00      1.00      2.00      0.00     97.00

01:54:45        CPU     %user     %nice   %system   %iowait    %steal     %idle
01:54:46        all      0.00      0.00      0.03      0.00      0.00     99.97
01:54:46          0      0.00      0.00      0.00      0.00      0.00    100.00
01:54:46          1      0.00      0.00      0.00      0.00      0.00    100.00
01:54:46          2      0.00      0.00      0.00      0.00      0.00    100.00
01:54:46          3      0.00      0.00      0.00      0.00      0.00    100.00
01:54:46          4      0.00      0.00      0.00      0.00      0.00    100.00
01:54:46          5      0.00      0.00      0.00      0.00      0.00    100.00
01:54:46          6      0.00      0.00      0.00      0.00      0.00    100.00
01:54:46          7      0.00      0.00      0.00      0.00      0.00    100.00
01:54:46          8      0.00      0.00      0.00      0.00      0.00    100.00
01:54:46          9      0.00      0.00      0.00      0.00      0.00    100.00
01:54:46         10      0.00      0.00      0.00      0.00      0.00    100.00
01:54:46         11      0.00      0.00      0.00      0.00      0.00    100.00
01:54:46         12      0.00      0.00      0.00      0.00      0.00    100.00
01:54:46         13      0.00      0.00      0.00      0.00      0.00    100.00
01:54:46         14      0.00      0.00      0.00      0.00      0.00    100.00
01:54:46         15      0.00      0.00      0.00      0.00      0.00    100.00
01:54:46         16      0.00      0.00      0.00      0.00      0.00    100.00
01:54:46         17      0.00      0.00      0.00      0.00      0.00    100.00
01:54:46         18      0.00      0.00      0.00      0.00      0.00    100.00
01:54:46         19      0.00      0.00      0.00      0.00      0.00    100.00
01:54:46         20      0.00      0.00      0.00      0.00      0.00    100.00
01:54:46         21      0.00      0.00      0.00      0.00      0.00    100.00
01:54:46         22      0.00      0.00      0.00      0.00      0.00    100.00
01:54:46         23      0.00      0.00      0.00      0.00      0.00    100.00
01:54:46         24      0.00      0.00      0.00      0.00      0.00    100.00
01:54:46         25      0.00      0.00      0.00      0.00      0.00    100.00
01:54:46         26      0.00      0.00      0.00      0.00      0.00    100.00
01:54:46         27      0.00      0.00      0.00      0.00      0.00    100.00
01:54:46         28      0.00      0.00      0.00      0.00      0.00    100.00
01:54:46         29      0.00      0.00      0.00      0.00      0.00    100.00
01:54:46         30      0.00      0.00      0.00      0.00      0.00    100.00
01:54:46         31      0.00      0.00      0.00      0.00      0.00    100.00
01:54:46         32      0.00      0.00      0.00      0.00      0.00    100.00
01:54:46         33      0.00      0.00      0.00      0.00      0.00    100.00
01:54:46         34      0.00      0.00      0.00      0.00      0.00    100.00
01:54:46         35      0.00      0.00      0.00      0.00      0.00    100.00
01:54:46         36      0.00      0.00      0.00      0.00      0.00    100.00
01:54:46         37      0.00      0.00      0.00      0.00      0.00    100.00
01:54:46         38      0.00      0.00      0.00      0.00      0.00    100.00
01:54:46         39      0.00      0.00      0.00      0.00      0.00    100.00

01:54:46        CPU     %user     %nice   %system   %iowait    %steal     %idle
01:54:47        all      0.03      0.00      0.00      0.00      0.00     99.97
01:54:47          0      0.00      0.00      0.00      0.00      0.00    100.00
01:54:47          1      0.99      0.00      0.00      0.00      0.00     99.01
01:54:47          2      0.00      0.00      0.00      0.00      0.00    100.00
01:54:47          3      0.00      0.00      0.00      0.00      0.00    100.00
01:54:47          4      0.00      0.00      0.00      0.00      0.00    100.00
01:54:47          5      0.00      0.00      0.00      0.00      0.00    100.00
01:54:47          6      0.00      0.00      0.00      0.00      0.00    100.00
01:54:47          7      0.00      0.00      0.00      0.00      0.00    100.00
01:54:47          8      0.00      0.00      0.00      0.00      0.00    100.00
01:54:47          9      0.00      0.00      0.00      0.00      0.00    100.00
01:54:47         10      0.00      0.00      0.00      0.00      0.00    100.00
01:54:47         11      0.00      0.00      0.00      0.00      0.00    100.00
01:54:47         12      0.00      0.00      0.00      0.00      0.00    100.00
01:54:47         13      0.00      0.00      0.00      0.00      0.00    100.00
01:54:47         14      0.00      0.00      0.00      0.00      0.00    100.00
01:54:47         15      0.00      0.00      0.00      0.00      0.00    100.00
01:54:47         16      0.00      0.00      0.00      0.00      0.00    100.00
01:54:47         17      0.00      0.00      0.00      0.00      0.00    100.00
01:54:47         18      0.00      0.00      0.00      0.00      0.00    100.00
01:54:47         19      0.00      0.00      0.00      0.00      0.00    100.00
01:54:47         20      0.00      0.00      0.00      0.00      0.00    100.00
01:54:47         21      0.00      0.00      0.00      0.00      0.00    100.00
01:54:47         22      0.00      0.00      0.00      0.00      0.00    100.00
01:54:47         23      0.00      0.00      0.00      0.00      0.00    100.00
01:54:47         24      0.00      0.00      0.00      0.00      0.00    100.00
01:54:47         25      0.00      0.00      0.00      0.00      0.00    100.00
01:54:47         26      0.00      0.00      0.00      0.00      0.00    100.00
01:54:47         27      0.00      0.00      0.00      0.00      0.00    100.00
01:54:47         28      0.00      0.00      0.00      0.00      0.00    100.00
01:54:47         29      0.00      0.00      0.00      0.00      0.00    100.00
01:54:47         30      0.00      0.00      0.00      0.00      0.00    100.00
01:54:47         31      0.00      0.00      0.00      0.00      0.00    100.00
01:54:47         32      0.00      0.00      0.00      0.00      0.00    100.00
01:54:47         33      0.00      0.00      0.00      0.00      0.00    100.00
01:54:47         34      0.00      0.00      0.00      0.00      0.00    100.00
01:54:47         35      0.00      0.00      0.00      0.00      0.00    100.00
01:54:47         36      0.00      0.00      0.00      0.00      0.00    100.00
01:54:47         37      0.00      0.00      0.00      0.00      0.00    100.00
01:54:47         38      0.00      0.00      0.00      0.00      0.00    100.00
01:54:47         39      0.00      0.00      0.00      0.00      0.00    100.00

01:54:47        CPU     %user     %nice   %system   %iowait    %steal     %idle
01:54:48        all      0.00      0.00      0.00      0.05      0.00     99.95
01:54:48          0      0.00      0.00      0.00      0.00      0.00    100.00
01:54:48          1      0.00      0.00      0.00      0.00      0.00    100.00
01:54:48          2      0.00      0.00      0.00      0.00      0.00    100.00
01:54:48          3      0.00      0.00      0.00      0.00      0.00    100.00
01:54:48          4      0.00      0.00      0.00      0.00      0.00    100.00
01:54:48          5      0.00      0.00      0.00      0.00      0.00    100.00
01:54:48          6      0.00      0.00      0.00      0.00      0.00    100.00
01:54:48          7      0.00      0.00      0.00      0.00      0.00    100.00
01:54:48          8      0.00      0.00      0.00      0.00      0.00    100.00
01:54:48          9      0.00      0.00      0.00      0.00      0.00    100.00
01:54:48         10      0.00      0.00      0.00      0.00      0.00    100.00
01:54:48         11      0.00      0.00      0.00      0.00      0.00    100.00
01:54:48         12      0.00      0.00      0.00      0.00      0.00    100.00
01:54:48         13      1.00      0.00      0.00      0.00      0.00     99.00
01:54:48         14      0.00      0.00      0.00      0.00      0.00    100.00
01:54:48         15      0.00      0.00      0.00      0.00      0.00    100.00
01:54:48         16      0.00      0.00      0.00      0.00      0.00    100.00
01:54:48         17      0.00      0.00      0.00      0.00      0.00    100.00
01:54:48         18      0.00      0.00      0.00      0.00      0.00    100.00
01:54:48         19      0.00      0.00      0.00      0.00      0.00    100.00
01:54:48         20      0.00      0.00      0.00      0.00      0.00    100.00
01:54:48         21      0.00      0.00      0.00      0.00      0.00    100.00
01:54:48         22      0.00      0.00      0.00      0.00      0.00    100.00
01:54:48         23      0.00      0.00      0.00      0.00      0.00    100.00
01:54:48         24      0.00      0.00      0.00      0.00      0.00    100.00
01:54:48         25      0.00      0.00      0.00      0.00      0.00    100.00
01:54:48         26      0.00      0.00      0.00      0.00      0.00    100.00
01:54:48         27      0.00      0.00      0.00      2.02      0.00     97.98
01:54:48         28      0.00      0.00      0.00      0.00      0.00    100.00
01:54:48         29      0.00      0.00      0.00      0.00      0.00    100.00
01:54:48         30      0.00      0.00      0.00      0.00      0.00    100.00
01:54:48         31      0.00      0.00      0.00      0.00      0.00    100.00
01:54:48         32      0.00      0.00      0.00      0.00      0.00    100.00
01:54:48         33      0.00      0.00      0.00      0.00      0.00    100.00
01:54:48         34      0.00      0.00      0.00      0.00      0.00    100.00
01:54:48         35      0.00      0.00      0.00      0.00      0.00    100.00
01:54:48         36      0.00      0.00      0.00      0.00      0.00    100.00
01:54:48         37      0.00      0.00      0.00      0.00      0.00    100.00
01:54:48         38      0.00      0.00      0.00      0.00      0.00    100.00
01:54:48         39      0.00      0.00      0.00      0.00      0.00    100.00

01:54:48        CPU     %user     %nice   %system   %iowait    %steal     %idle
01:54:49        all      0.00      0.00      0.00      0.00      0.00    100.00
01:54:49          0      0.00      0.00      0.00      0.00      0.00    100.00
01:54:49          1      0.00      0.00      0.99      0.00      0.00     99.01
01:54:49          2      0.00      0.00      0.00      0.00      0.00    100.00
01:54:49          3      0.00      0.00      0.00      0.00      0.00    100.00
01:54:49          4      0.00      0.00      0.00      0.00      0.00    100.00
01:54:49          5      0.00      0.00      0.00      0.00      0.00    100.00
01:54:49          6      0.00      0.00      0.00      0.00      0.00    100.00
01:54:49          7      0.00      0.00      0.00      0.00      0.00    100.00
01:54:49          8      0.00      0.00      0.00      0.00      0.00    100.00
01:54:49          9      0.00      0.00      0.00      0.00      0.00    100.00
01:54:49         10      0.00      0.00      0.00      0.00      0.00    100.00
01:54:49         11      0.00      0.00      0.00      0.00      0.00    100.00
01:54:49         12      0.00      0.00      0.00      0.00      0.00    100.00
01:54:49         13      0.00      0.00      0.00      0.00      0.00    100.00
01:54:49         14      0.00      0.00      0.00      0.00      0.00    100.00
01:54:49         15      0.00      0.00      0.00      0.00      0.00    100.00
01:54:49         16      0.00      0.00      0.00      0.00      0.00    100.00
01:54:49         17      0.00      0.00      0.00      0.00      0.00    100.00
01:54:49         18      0.00      0.00      0.00      0.00      0.00    100.00
01:54:49         19      0.00      0.00      0.00      0.00      0.00    100.00
01:54:49         20      0.00      0.00      0.00      0.00      0.00    100.00
01:54:49         21      0.00      0.00      0.00      0.00      0.00    100.00
01:54:49         22      0.00      0.00      0.00      0.00      0.00    100.00
01:54:49         23      0.00      0.00      0.00      0.00      0.00    100.00
01:54:49         24      0.00      0.00      0.00      0.00      0.00    100.00
01:54:49         25      0.00      0.00      0.00      0.00      0.00    100.00
01:54:49         26      0.00      0.00      0.00      0.00      0.00    100.00
01:54:49         27      0.00      0.00      0.00      0.00      0.00    100.00
01:54:49         28      0.00      0.00      0.00      0.00      0.00    100.00
01:54:49         29      0.00      0.00      0.00      0.00      0.00    100.00
01:54:49         30      0.00      0.00      0.00      0.00      0.00    100.00
01:54:49         31      0.00      0.00      0.00      0.00      0.00    100.00
01:54:49         32      0.00      0.00      0.00      0.00      0.00    100.00
01:54:49         33      0.00      0.00      0.00      0.00      0.00    100.00
01:54:49         34      0.00      0.00      0.00      0.00      0.00    100.00
01:54:49         35      0.00      0.00      0.00      0.00      0.00    100.00
01:54:49         36      0.00      0.00      0.00      0.00      0.00    100.00
01:54:49         37      0.00      0.00      0.00      0.00      0.00    100.00
01:54:49         38      0.00      0.00      0.00      0.00      0.00    100.00
01:54:49         39      0.00      0.00      0.00      0.00      0.00    100.00

01:54:49        CPU     %user     %nice   %system   %iowait    %steal     %idle
01:54:50        all      0.00      0.00      0.03      0.00      0.00     99.98
01:54:50          0      0.00      0.00      0.00      0.00      0.00    100.00
01:54:50          1      0.00      0.00      0.00      0.00      0.00    100.00
01:54:50          2      0.00      0.00      0.00      0.00      0.00    100.00
01:54:50          3      0.00      0.00      0.00      0.00      0.00    100.00
01:54:50          4      0.00      0.00      0.00      0.00      0.00    100.00
01:54:50          5      0.00      0.00      0.00      0.00      0.00    100.00
01:54:50          6      0.00      0.00      0.00      0.00      0.00    100.00
01:54:50          7      0.00      0.00      0.00      0.00      0.00    100.00
01:54:50          8      0.00      0.00      0.00      0.00      0.00    100.00
01:54:50          9      0.00      0.00      0.00      0.00      0.00    100.00
01:54:50         10      0.00      0.00      0.00      0.00      0.00    100.00
01:54:50         11      0.00      0.00      0.00      0.00      0.00    100.00
01:54:50         12      0.00      0.00      0.00      0.00      0.00    100.00
01:54:50         13      0.00      0.00      0.00      0.00      0.00    100.00
01:54:50         14      0.00      0.00      0.00      0.00      0.00    100.00
01:54:50         15      0.00      0.00      0.00      0.00      0.00    100.00
01:54:50         16      0.00      0.00      0.00      0.00      0.00    100.00
01:54:50         17      0.00      0.00      0.00      0.00      0.00    100.00
01:54:50         18      0.00      0.00      0.00      0.00      0.00    100.00
01:54:50         19      0.00      0.00      0.00      0.00      0.00    100.00
01:54:50         20      0.00      0.00      0.00      0.00      0.00    100.00
01:54:50         21      0.00      0.00      0.00      0.00      0.00    100.00
01:54:50         22      0.00      0.00      0.00      0.00      0.00    100.00
01:54:50         23      0.00      0.00      0.00      0.00      0.00    100.00
01:54:50         24      0.00      0.00      0.00      0.00      0.00    100.00
01:54:50         25      0.00      0.00      0.00      0.00      0.00    100.00
01:54:50         26      0.00      0.00      0.00      0.00      0.00    100.00
01:54:50         27      0.00      0.00      0.99      0.00      0.00     99.01
01:54:50         28      0.00      0.00      0.00      0.00      0.00    100.00
01:54:50         29      0.00      0.00      0.00      0.00      0.00    100.00
01:54:50         30      0.00      0.00      0.00      0.00      0.00    100.00
01:54:50         31      0.00      0.00      0.00      0.00      0.00    100.00
01:54:50         32      0.00      0.00      0.00      0.00      0.00    100.00
01:54:50         33      0.00      0.00      0.00      0.00      0.00    100.00
01:54:50         34      0.00      0.00      0.00      0.00      0.00    100.00
01:54:50         35      0.00      0.00      0.00      0.00      0.00    100.00
01:54:50         36      0.00      0.00      0.00      0.00      0.00    100.00
01:54:50         37      0.00      0.00      0.00      0.00      0.00    100.00
01:54:50         38      0.00      0.00      0.00      0.00      0.00    100.00
01:54:50         39      0.00      0.00      0.00      0.00      0.00    100.00

01:54:50        CPU     %user     %nice   %system   %iowait    %steal     %idle
01:54:51        all      0.00      0.00      0.03      0.00      0.00     99.97
01:54:51          0      0.00      0.00      0.00      0.00      0.00    100.00
01:54:51          1      0.00      0.00      0.00      0.00      0.00    100.00
01:54:51          2      0.00      0.00      0.00      0.00      0.00    100.00
01:54:51          3      0.00      0.00      0.00      0.00      0.00    100.00
01:54:51          4      0.00      0.00      0.00      0.00      0.00    100.00
01:54:51          5      0.00      0.00      0.00      0.00      0.00    100.00
01:54:51          6      0.00      0.00      0.00      0.00      0.00    100.00
01:54:51          7      0.00      0.00      0.00      0.00      0.00    100.00
01:54:51          8      0.00      0.00      0.00      0.00      0.00    100.00
01:54:51          9      0.00      0.00      0.00      0.00      0.00    100.00
01:54:51         10      0.00      0.00      0.00      0.00      0.00    100.00
01:54:51         11      0.00      0.00      0.00      0.00      0.00    100.00
01:54:51         12      0.00      0.00      0.00      0.00      0.00    100.00
01:54:51         13      0.00      0.00      0.99      0.00      0.00     99.01
01:54:51         14      0.00      0.00      0.00      0.00      0.00    100.00
01:54:51         15      0.00      0.00      0.00      0.00      0.00    100.00
01:54:51         16      0.00      0.00      0.00      0.00      0.00    100.00
01:54:51         17      0.00      0.00      0.00      0.00      0.00    100.00
01:54:51         18      0.00      0.00      0.00      0.00      0.00    100.00
01:54:51         19      0.00      0.00      0.00      0.00      0.00    100.00
01:54:51         20      0.00      0.00      0.00      0.00      0.00    100.00
01:54:51         21      0.00      0.00      0.00      0.00      0.00    100.00
01:54:51         22      0.00      0.00      0.00      0.00      0.00    100.00
01:54:51         23      0.00      0.00      0.00      0.00      0.00    100.00
01:54:51         24      0.00      0.00      0.00      0.00      0.00    100.00
01:54:51         25      0.00      0.00      0.00      0.00      0.00    100.00
01:54:51         26      0.00      0.00      0.00      0.00      0.00    100.00
01:54:51         27      0.00      0.00      0.00      0.00      0.00    100.00
01:54:51         28      0.00      0.00      0.00      0.00      0.00    100.00
01:54:51         29      0.00      0.00      0.00      0.00      0.00    100.00
01:54:51         30      0.00      0.00      0.00      0.00      0.00    100.00
01:54:51         31      0.00      0.00      0.00      0.00      0.00    100.00
01:54:51         32      0.00      0.00      0.00      0.00      0.00    100.00
01:54:51         33      0.00      0.00      0.00      0.00      0.00    100.00
01:54:51         34      0.00      0.00      0.00      0.00      0.00    100.00
01:54:51         35      0.00      0.00      0.00      0.00      0.00    100.00
01:54:51         36      0.00      0.00      0.00      0.00      0.00    100.00
01:54:51         37      0.00      0.00      0.00      0.00      0.00    100.00
01:54:51         38      0.00      0.00      0.00      0.00      0.00    100.00
01:54:51         39      0.00      0.00      0.00      0.00      0.00    100.00

01:54:51        CPU     %user     %nice   %system   %iowait    %steal     %idle
01:54:52        all      0.00      0.00      0.00      0.00      0.00    100.00
01:54:52          0      0.00      0.00      0.00      0.00      0.00    100.00
01:54:52          1      0.00      0.00      0.00      0.00      0.00    100.00
01:54:52          2      0.00      0.00      0.00      0.00      0.00    100.00
01:54:52          3      0.00      0.00      0.00      0.00      0.00    100.00
01:54:52          4      0.00      0.00      0.00      0.00      0.00    100.00
01:54:52          5      0.00      0.00      0.00      0.00      0.00    100.00
01:54:52          6      0.00      0.00      0.00      0.00      0.00    100.00
01:54:52          7      0.00      0.00      0.00      0.00      0.00    100.00
01:54:52          8      0.00      0.00      0.00      0.00      0.00    100.00
01:54:52          9      0.00      0.00      0.00      0.00      0.00    100.00
01:54:52         10      0.00      0.00      0.00      0.00      0.00    100.00
01:54:52         11      0.00      0.00      0.00      0.00      0.00    100.00
01:54:52         12      0.00      0.00      0.00      0.00      0.00    100.00
01:54:52         13      0.00      0.00      0.00      0.00      0.00    100.00
01:54:52         14      0.00      0.00      0.00      0.00      0.00    100.00
01:54:52         15      0.00      0.00      0.00      0.00      0.00    100.00
01:54:52         16      0.00      0.00      0.00      0.00      0.00    100.00
01:54:52         17      0.00      0.00      0.00      0.00      0.00    100.00
01:54:52         18      0.00      0.00      0.00      0.00      0.00    100.00
01:54:52         19      0.00      0.00      0.00      0.00      0.00    100.00
01:54:52         20      0.00      0.00      0.00      0.00      0.00    100.00
01:54:52         21      0.00      0.00      0.00      0.00      0.00    100.00
01:54:52         22      0.00      0.00      0.00      0.00      0.00    100.00
01:54:52         23      0.00      0.00      0.00      0.00      0.00    100.00
01:54:52         24      0.00      0.00      0.00      0.00      0.00    100.00
01:54:52         25      0.00      0.00      0.00      0.00      0.00    100.00
01:54:52         26      0.00      0.00      0.00      0.00      0.00    100.00
01:54:52         27      0.00      0.00      0.00      0.00      0.00    100.00
01:54:52         28      0.00      0.00      0.00      0.00      0.00    100.00
01:54:52         29      0.00      0.00      0.00      0.00      0.00    100.00
01:54:52         30      0.00      0.00      0.00      0.00      0.00    100.00
01:54:52         31      0.00      0.00      0.00      0.00      0.00    100.00
01:54:52         32      0.00      0.00      0.00      0.00      0.00    100.00
01:54:52         33      0.00      0.00      0.00      0.00      0.00    100.00
01:54:52         34      0.00      0.00      0.00      0.00      0.00    100.00
01:54:52         35      0.00      0.00      0.00      0.00      0.00    100.00
01:54:52         36      0.00      0.00      0.00      0.00      0.00    100.00
01:54:52         37      0.00      0.00      0.00      0.00      0.00    100.00
01:54:52         38      0.00      0.00      0.00      0.00      0.00    100.00
01:54:52         39      0.00      0.00      0.00      0.00      0.00    100.00

01:54:52        CPU     %user     %nice   %system   %iowait    %steal     %idle
01:54:53        all      0.03      0.00      0.00      0.00      0.00     99.98
01:54:53          0      0.00      0.00      0.00      0.00      0.00    100.00
01:54:53          1      0.00      0.00      0.00      0.00      0.00    100.00
01:54:53          2      0.00      0.00      0.00      0.00      0.00    100.00
01:54:53          3      0.00      0.00      0.00      0.00      0.00    100.00
01:54:53          4      0.00      0.00      0.00      0.00      0.00    100.00
01:54:53          5      0.00      0.00      0.00      0.00      0.00    100.00
01:54:53          6      0.00      0.00      0.00      0.00      0.00    100.00
01:54:53          7      0.00      0.00      0.00      0.00      0.00    100.00
01:54:53          8      0.00      0.00      0.00      0.00      0.00    100.00
01:54:53          9      0.00      0.00      0.00      0.00      0.00    100.00
01:54:53         10      0.00      0.00      0.00      0.00      0.00    100.00
01:54:53         11      0.00      0.00      0.00      0.00      0.00    100.00
01:54:53         12      0.00      0.00      0.00      0.00      0.00    100.00
01:54:53         13      0.00      0.00      0.00      0.00      0.00    100.00
01:54:53         14      0.00      0.00      0.00      0.00      0.00    100.00
01:54:53         15      0.00      0.00      0.00      0.00      0.00    100.00
01:54:53         16      0.00      0.00      0.00      0.00      0.00    100.00
01:54:53         17      0.00      0.00      0.00      0.00      0.00    100.00
01:54:53         18      0.00      0.00      0.00      0.00      0.00    100.00
01:54:53         19      0.00      0.00      0.00      0.00      0.00    100.00
01:54:53         20      0.00      0.00      0.00      0.00      0.00    100.00
01:54:53         21      0.00      0.00      0.00      0.00      0.00    100.00
01:54:53         22      0.00      0.00      0.00      0.00      0.00    100.00
01:54:53         23      0.00      0.00      0.00      0.00      0.00    100.00
01:54:53         24      0.00      0.00      0.00      0.00      0.00    100.00
01:54:53         25      0.00      0.00      0.00      0.00      0.00    100.00
01:54:53         26      0.00      0.00      0.00      0.00      0.00    100.00
01:54:53         27      0.00      0.00      0.00      0.00      0.00    100.00
01:54:53         28      0.00      0.00      0.00      0.00      0.00    100.00
01:54:53         29      0.00      0.00      0.00      0.00      0.00    100.00
01:54:53         30      0.00      0.00      0.00      0.00      0.00    100.00
01:54:53         31      0.00      0.00      0.00      0.00      0.00    100.00
01:54:53         32      0.00      0.00      0.00      0.00      0.00    100.00
01:54:53         33      0.00      0.00      0.00      0.00      0.00    100.00
01:54:53         34      0.00      0.00      0.00      0.00      0.00    100.00
01:54:53         35      0.00      0.00      0.00      0.00      0.00    100.00
01:54:53         36      0.00      0.00      0.00      0.00      0.00    100.00
01:54:53         37      0.00      0.00      0.00      0.00      0.00    100.00
01:54:53         38      0.00      0.00      0.00      0.00      0.00    100.00
01:54:53         39      0.00      0.00      0.00      0.00      0.00    100.00

01:54:53        CPU     %user     %nice   %system   %iowait    %steal     %idle
01:54:54        all      0.38      0.00      0.13      0.00      0.00     99.50
01:54:54          0      0.99      0.00      0.00      0.00      0.00     99.01
01:54:54          1      0.00      0.00      0.99      0.00      0.00     99.01
01:54:54          2      0.00      0.00      0.00      0.00      0.00    100.00
01:54:54          3      0.00      0.00      0.00      0.00      0.00    100.00
01:54:54          4      0.00      0.00      0.00      0.00      0.00    100.00
01:54:54          5      0.00      0.00      0.00      0.00      0.00    100.00
01:54:54          6      0.00      0.00      0.00      0.00      0.00    100.00
01:54:54          7      0.99      0.00      0.99      0.00      0.00     98.02
01:54:54          8      0.00      0.00      0.00      0.00      0.00    100.00
01:54:54          9      0.00      0.00      0.00      0.00      0.00    100.00
01:54:54         10      0.00      0.00      0.00      0.00      0.00    100.00
01:54:54         11      0.00      0.00      0.00      0.00      0.00    100.00
01:54:54         12      0.00      0.00      0.00      0.00      0.00    100.00
01:54:54         13      0.00      0.00      0.00      0.00      0.00    100.00
01:54:54         14      0.00      0.00      0.00      0.00      0.00    100.00
01:54:54         15      0.00      0.00      0.00      0.00      0.00    100.00
01:54:54         16      1.98      0.00      0.99      0.00      0.00     97.03
01:54:54         17      0.00      0.00      0.00      0.00      0.00    100.00
01:54:54         18      0.00      0.00      0.00      0.00      0.00    100.00
01:54:54         19      0.00      0.00      0.00      0.00      0.00    100.00
01:54:54         20      0.00      0.00      0.00      0.00      0.00    100.00
01:54:54         21      0.00      0.00      0.00      0.00      0.00    100.00
01:54:54         22     13.00      0.00      1.00      0.00      0.00     86.00
01:54:54         23      0.00      0.00      0.00      0.00      0.00    100.00
01:54:54         24      0.00      0.00      0.00      0.00      0.00    100.00
01:54:54         25      0.00      0.00      0.00      0.00      0.00    100.00
01:54:54         26      0.00      0.00      1.00      0.00      0.00     99.00
01:54:54         27      0.00      0.00      0.99      0.00      0.00     99.01
01:54:54         28      0.00      0.00      0.00      0.00      0.00    100.00
01:54:54         29      0.00      0.00      0.00      0.00      0.00    100.00
01:54:54         30      0.00      0.00      0.00      0.00      0.00    100.00
01:54:54         31      0.00      0.00      0.00      0.00      0.00    100.00
01:54:54         32      0.00      0.00      0.00      0.00      0.00    100.00
01:54:54         33      0.00      0.00      0.99      0.00      0.00     99.01
01:54:54         34      0.00      0.00      0.00      0.00      0.00    100.00
01:54:54         35      0.00      0.00      0.00      0.00      0.00    100.00
01:54:54         36      0.00      0.00      0.00      0.00      0.00    100.00
01:54:54         37      0.00      0.00      0.00      0.00      0.00    100.00
01:54:54         38      0.00      0.00      0.00      0.00      0.00    100.00
01:54:54         39      0.00      0.00      0.00      0.00      0.00    100.00

01:54:54        CPU     %user     %nice   %system   %iowait    %steal     %idle
01:54:55        all      1.28      0.00      0.40      0.03      0.00     98.30
01:54:55          0      1.00      0.00      0.00      0.00      0.00     99.00
01:54:55          1      0.00      0.00      0.00      0.00      0.00    100.00
01:54:55          2      1.02      0.00      0.00      0.00      0.00     98.98
01:54:55          3      0.00      0.00      1.98      0.00      0.00     98.02
01:54:55          4      0.00      0.00      0.00      0.00      0.00    100.00
01:54:55          5      0.00      0.00      0.00      0.00      0.00    100.00
01:54:55          6      0.00      0.00      0.00      0.00      0.00    100.00
01:54:55          7      0.00      0.00      0.00      0.00      0.00    100.00
01:54:55          8      0.00      0.00      0.00      0.00      0.00    100.00
01:54:55          9      0.00      0.00      0.00      0.00      0.00    100.00
01:54:55         10      0.00      0.00      0.00      0.00      0.00    100.00
01:54:55         11      0.99      0.00      0.99      0.00      0.00     98.02
01:54:55         12      0.00      0.00      0.00      0.00      0.00    100.00
01:54:55         13      0.99      0.00      0.00      0.00      0.00     99.01
01:54:55         14      0.00      0.00      0.00      0.00      0.00    100.00
01:54:55         15      0.00      0.00      0.00      0.00      0.00    100.00
01:54:55         16      0.00      0.00      0.00      0.00      0.00    100.00
01:54:55         17      0.00      0.00      1.00      0.00      0.00     99.00
01:54:55         18      0.00      0.00      0.00      0.00      0.00    100.00
01:54:55         19      0.00      0.00      0.00      0.00      0.00    100.00
01:54:55         20      0.00      0.00      0.00      0.00      0.00    100.00
01:54:55         21      0.00      0.00      0.00      0.00      0.00    100.00
01:54:55         22     37.62      0.00      5.94      0.00      0.00     56.44
01:54:55         23      0.00      0.00      0.00      0.00      0.00    100.00
01:54:55         24      0.00      0.00      0.00      0.00      0.00    100.00
01:54:55         25      0.00      0.00      0.00      0.00      0.00    100.00
01:54:55         26      0.00      0.00      0.00      0.00      0.00    100.00
01:54:55         27      0.00      0.00      0.00      0.00      0.00    100.00
01:54:55         28      0.00      0.00      0.00      1.01      0.00     98.99
01:54:55         29      1.01      0.00      2.02      0.00      0.00     96.97
01:54:55         30      1.00      0.00      1.00      0.00      0.00     98.00
01:54:55         31      0.00      0.00      0.00      0.00      0.00    100.00
01:54:55         32      1.00      0.00      0.00      0.00      0.00     99.00
01:54:55         33      6.06      0.00      1.01      0.00      0.00     92.93
01:54:55         34      0.00      0.00      0.00      0.00      0.00    100.00
01:54:55         35      1.00      0.00      1.00      0.00      0.00     98.00
01:54:55         36      0.00      0.00      0.00      0.00      0.00    100.00
01:54:55         37      0.00      0.00      0.00      0.00      0.00    100.00
01:54:55         38      0.00      0.00      0.00      0.00      0.00    100.00
01:54:55         39      0.99      0.00      0.99      0.00      0.00     98.02

01:54:55        CPU     %user     %nice   %system   %iowait    %steal     %idle
01:54:56        all      0.00      0.00      0.00      0.00      0.00    100.00
01:54:56          0      0.00      0.00      0.00      0.00      0.00    100.00
01:54:56          1      0.00      0.00      0.00      0.00      0.00    100.00
01:54:56          2      0.00      0.00      0.00      0.00      0.00    100.00
01:54:56          3      0.00      0.00      0.00      0.00      0.00    100.00
01:54:56          4      0.00      0.00      0.00      0.00      0.00    100.00
01:54:56          5      0.00      0.00      0.00      0.00      0.00    100.00
01:54:56          6      0.00      0.00      0.00      0.00      0.00    100.00
01:54:56          7      0.00      0.00      0.00      0.00      0.00    100.00
01:54:56          8      0.00      0.00      0.00      0.00      0.00    100.00
01:54:56          9      0.00      0.00      0.00      0.00      0.00    100.00
01:54:56         10      0.00      0.00      0.00      0.00      0.00    100.00
01:54:56         11      0.00      0.00      0.00      0.00      0.00    100.00
01:54:56         12      0.00      0.00      0.00      0.00      0.00    100.00
01:54:56         13      0.00      0.00      0.00      0.00      0.00    100.00
01:54:56         14      0.00      0.00      0.00      0.00      0.00    100.00
01:54:56         15      0.00      0.00      0.00      0.00      0.00    100.00
01:54:56         16      0.00      0.00      0.00      0.00      0.00    100.00
01:54:56         17      0.00      0.00      0.00      0.00      0.00    100.00
01:54:56         18      0.00      0.00      0.00      0.00      0.00    100.00
01:54:56         19      0.00      0.00      0.00      0.00      0.00    100.00
01:54:56         20      0.00      0.00      0.00      0.00      0.00    100.00
01:54:56         21      0.00      0.00      0.00      0.00      0.00    100.00
01:54:56         22      0.00      0.00      0.00      0.00      0.00    100.00
01:54:56         23      0.00      0.00      0.00      0.00      0.00    100.00
01:54:56         24      0.00      0.00      0.00      0.00      0.00    100.00
01:54:56         25      0.00      0.00      0.00      0.00      0.00    100.00
01:54:56         26      0.00      0.00      0.00      0.00      0.00    100.00
01:54:56         27      0.00      0.00      0.00      0.00      0.00    100.00
01:54:56         28      0.00      0.00      0.00      0.00      0.00    100.00
01:54:56         29      0.00      0.00      0.00      0.00      0.00    100.00
01:54:56         30      0.00      0.00      0.00      0.00      0.00    100.00
01:54:56         31      0.00      0.00      0.00      0.00      0.00    100.00
01:54:56         32      0.00      0.00      0.00      0.00      0.00    100.00
01:54:56         33      0.00      0.00      0.00      0.00      0.00    100.00
01:54:56         34      0.00      0.00      0.00      0.00      0.00    100.00
01:54:56         35      0.00      0.00      0.00      0.00      0.00    100.00
01:54:56         36      0.00      0.00      0.00      0.00      0.00    100.00
01:54:56         37      0.00      0.00      0.00      0.00      0.00    100.00
01:54:56         38      0.00      0.00      0.00      0.00      0.00    100.00
01:54:56         39      0.00      0.00      0.00      0.00      0.00    100.00

01:54:56        CPU     %user     %nice   %system   %iowait    %steal     %idle
01:54:57        all      0.50      0.00      0.08      0.00      0.00     99.42
01:54:57          0      0.00      0.00      0.99      0.00      0.00     99.01
01:54:57          1      1.01      0.00      0.00      0.00      0.00     98.99
01:54:57          2      0.00      0.00      0.00      0.00      0.00    100.00
01:54:57          3      0.00      0.00      0.00      0.00      0.00    100.00
01:54:57          4      0.00      0.00      0.00      0.00      0.00    100.00
01:54:57          5      0.00      0.00      0.00      0.00      0.00    100.00
01:54:57          6      0.00      0.00      0.00      0.00      0.00    100.00
01:54:57          7      0.00      0.00      0.00      0.00      0.00    100.00
01:54:57          8      0.00      0.00      0.00      0.00      0.00    100.00
01:54:57          9      0.00      0.00      0.00      0.00      0.00    100.00
01:54:57         10      0.00      0.00      0.00      0.00      0.00    100.00
01:54:57         11      0.00      0.00      0.00      0.00      0.00    100.00
01:54:57         12      0.00      0.00      0.00      0.00      0.00    100.00
01:54:57         13      0.00      0.00      0.00      0.00      0.00    100.00
01:54:57         14      0.00      0.00      0.99      0.00      0.00     99.01
01:54:57         15      0.00      0.00      0.00      0.00      0.00    100.00
01:54:57         16      2.00      0.00      0.00      0.00      0.00     98.00
01:54:57         17      0.00      0.00      0.00      0.00      0.00    100.00
01:54:57         18      0.00      0.00      0.99      0.00      0.00     99.01
01:54:57         19      0.00      0.00      0.00      0.00      0.00    100.00
01:54:57         20      0.00      0.00      0.00      0.00      0.00    100.00
01:54:57         21      0.00      0.00      0.00      0.00      0.00    100.00
01:54:57         22      0.00      0.00      0.00      0.00      0.00    100.00
01:54:57         23      0.00      0.00      0.00      0.00      0.00    100.00
01:54:57         24      1.00      0.00      0.00      0.00      0.00     99.00
01:54:57         25      0.00      0.00      0.00      0.00      0.00    100.00
01:54:57         26      0.00      0.00      0.00      0.00      0.00    100.00
01:54:57         27      0.00      0.00      0.00      0.00      0.00    100.00
01:54:57         28      0.00      0.00      0.00      0.00      0.00    100.00
01:54:57         29     15.00      0.00      1.00      0.00      0.00     84.00
01:54:57         30      0.00      0.00      0.00      0.00      0.00    100.00
01:54:57         31      0.00      0.00      0.00      0.00      0.00    100.00
01:54:57         32      0.00      0.00      0.00      0.00      0.00    100.00
01:54:57         33      0.00      0.00      0.00      0.00      0.00    100.00
01:54:57         34      0.00      0.00      0.00      0.00      0.00    100.00
01:54:57         35      0.00      0.00      0.00      0.00      0.00    100.00
01:54:57         36      0.00      0.00      0.00      0.00      0.00    100.00
01:54:57         37      0.00      0.00      0.00      0.00      0.00    100.00
01:54:57         38      0.00      0.00      0.00      0.00      0.00    100.00
01:54:57         39      0.00      0.00      0.00      0.00      0.00    100.00
