Linux 6.6.23 (eternity2) 	05/24/25 	_x86_64_	(40 CPU)

01:54:31    kbmemfree   kbavail kbmemused  %memused kbbuffers  kbcached  kbcommit   %commit  kbactive   kbinact   kbdirty
01:54:32     64258188  64009480   1350764      2.06       244    236256   2079752      3.12     52256    279852      4668
01:54:33     64258332  64009624   1350620      2.06       244    236256   2079752      3.12     52244    279256       548
01:54:34     64258348  64009640   1350604      2.06       244    236256   2079752      3.12     52244    279256       552
01:54:35     64258268  64009560   1350684      2.06       244    236264   2079752      3.12     52244    279256       564
01:54:36     64258340  64009632   1350612      2.06       244    236268   2079752      3.12     52244    279256       568
01:54:37     64258088  64009380   1350864      2.06       244    236272   2079752      3.12     52244    279256       572
01:54:38     64258088  64009380   1350864      2.06       244    236276   2079752      3.12     52244    279256        40
01:54:39     64258088  64009380   1350864      2.06       244    236280   2079752      3.12     52244    279256        44
01:54:40     64258088  64009380   1350864      2.06       244    236284   2079752      3.12     52244    279256        48
01:54:41     64258088  64009380   1350864      2.06       244    236296   2079752      3.12     52244    279256        60
01:54:42     64258088  64009380   1350864      2.06       244    236296   2079752      3.12     52244    279256        60
01:54:43     64258088  64009388   1350864      2.06       244    236300   2079752      3.12     52244    279272         0
01:54:44     64258088  64009388   1350864      2.06       244    236304   2079752      3.12     52244    279272        20
01:54:45     64264552  64015888   1344400      2.05       244    236356   2091632      3.14     52352    293740      1952
01:54:46     64272284  64023792   1336668      2.04       244    236520   2079752      3.12     52312    279972      2380
01:54:47     64272048  64023560   1336904      2.04       244    236524   2079752      3.12     52296    279624      2384
01:54:48     64272048  64023560   1336904      2.04       244    236528   2079752      3.12     52296    279624      2388
01:54:49     64272048  64023560   1336904      2.04       244    236536   2079752      3.12     52296    279624        12
01:54:50     64272048  64023560   1336904      2.04       244    236540   2079752      3.12     52296    279624        24
01:54:51     64272144  64023656   1336808      2.04       244    236548   2079752      3.12     52296    279624        32
01:54:52     64272492  64024004   1336460      2.04       244    236552   2079752      3.12     52296    279624        36
01:54:53     64272492  64024004   1336460      2.04       244    236552   2079752      3.12     52296    279624        36
01:54:54     64272492  64024016   1336460      2.04       244    236556   2079752      3.12     52296    279652         0
01:54:55     64275532  64027060   1333420      2.03       244    236568   2079752      3.12     52320    281396      1396
01:54:56     64276172  64027772   1332780      2.03       244    236704   2079752      3.12     52360    279736      1408
01:54:57     64276188  64027788   1332764      2.03       244    236708   2082096      3.13     52360    280172      1412
