Linux 6.6.23 (eternity1) 	05/24/25 	_x86_64_	(40 CPU)

01:58:22    kbmemfree   kbavail kbmemused  %memused kbbuffers  kbcached  kbcommit   %commit  kbactive   kbinact   kbdirty
01:58:23     63810932  63647292   1797936      2.74         0    398036   2966220      4.45     60308    680816      5504
01:58:24     63809304  63645664   1799564      2.74         0    398044   2966220      4.45     60296    679908      4136
01:58:25     63809440  63645800   1799428      2.74         0    398048   2966220      4.45     60296    679908      3600
01:58:26     63809452  63645812   1799416      2.74         0    398052   2966220      4.45     60296    679908      3604
01:58:27     63809788  63646148   1799080      2.74         0    398056   2966220      4.45     60296    679908      3608
01:58:28     63809788  63646168   1799080      2.74         0    398060   2966220      4.45     60296    679968      3612
01:58:29     63809788  63646168   1799080      2.74         0    398064   2966220      4.45     60296    679968      3616
01:58:30     63809788  63646172   1799080      2.74         0    398072   2966220      4.45     60296    679996        16
01:58:31     63813700  63650088   1795168      2.74         0    398080   2966220      4.45     60300    679996        44
01:58:32     63813148  63649536   1795720      2.74         0    398088   2966220      4.45     60300    679944        52
01:58:33     63813232  63649620   1795636      2.74         0    398088   2966220      4.45     60300    679928        52
01:58:34     63813716  63650104   1795152      2.74         0    398092   2965816      4.45     60300    679520        56
01:58:35     63813304  63649716   1795564      2.74         0    398096   2966220      4.45     60304    679952         4
01:58:36     63809892  63646308   1798976      2.74         0    398104   2971244      4.46     60308    683300        20
01:58:37     63805540  63642144   1803328      2.75         0    398248   2968012      4.46     60392    681544      3532
01:58:38     63808060  63644780   1800808      2.74         0    398368   2965672      4.45     60388    680964      3788
01:58:39     63809900  63646624   1798968      2.74         0    398364   2965672      4.45     60400    679792      4216
01:58:40     63809916  63646640   1798952      2.74         0    398368   2965672      4.45     60400    679792      4220
01:58:41     63809688  63646412   1799180      2.74         0    398372   2965672      4.45     60400    679792        80
01:58:42     63809720  63646444   1799148      2.74         0    398380   2965672      4.45     60400    679792        96
01:58:43     63809720  63646444   1799148      2.74         0    398384   2965672      4.45     60400    679792       100
01:58:44     63809756  63646480   1799112      2.74         0    398388   2965672      4.45     60400    679792       104
01:58:45     63809756  63646480   1799112      2.74         0    398392   2965672      4.45     60400    679792       108
01:58:46     63810008  63646736   1798860      2.74         0    398396   2965672      4.45     60400    679796        12
01:58:47     63810008  63646736   1798860      2.74         0    398404   2965672      4.45     60400    679796        28
01:58:48     63809960  63646724   1798908      2.74         0    398408   2970072      4.46     60412    682280        32
01:58:49     63809872  63646684   1798996      2.74         0    398456   2965672      4.45     60448    681120        32
01:58:50     63810808  63647620   1798060      2.74         0    398464   2965672      4.45     60428    679804        40
01:58:51     63811084  63647896   1797784      2.74         0    398468   2965672      4.45     60428    679856         4
01:58:52     63811100  63647912   1797768      2.74         0    398480   2965672      4.45     60428    679856        24
01:58:53     63811100  63647912   1797768      2.74         0    398484   2965672      4.45     60428    679856        28
01:58:54     63810880  63647692   1797988      2.74         0    398488   2965672      4.45     60428    679856        32
01:58:55     63810880  63647692   1797988      2.74         0    398488   2965672      4.45     60428    679856        32
01:58:56     63810880  63647692   1797988      2.74         0    398496   2965672      4.45     60428    679856        40
01:58:57     63810880  63647692   1797988      2.74         0    398508   2965672      4.45     60428    679856        16
01:58:58     63810880  63647692   1797988      2.74         0    398512   2966220      4.45     60428    680292        28
01:58:59     63809168  63645996   1799700      2.74         0    398516   2967672      4.46     60428    681848       568
01:59:00     63805784  63642768   1803084      2.75         0    398628   2967680      4.46     60512    681968      3184
