Linux 6.6.23 (eternity2) 	05/24/25 	_x86_64_	(40 CPU)

01:58:34        CPU     %user     %nice   %system   %iowait    %steal     %idle
01:58:35        all      2.03      0.00      0.73      0.75      0.00     96.50
01:58:35          0      0.99      0.00      2.97      3.96      0.00     92.08
01:58:35          1      1.98      0.00      0.99      4.95      0.00     92.08
01:58:35          2      4.95      0.00      0.99      0.00      0.00     94.06
01:58:35          3      0.00      0.00      1.00      0.00      0.00     99.00
01:58:35          4      1.00      0.00      0.00      0.00      0.00     99.00
01:58:35          5      0.00      0.00      0.00      0.00      0.00    100.00
01:58:35          6      0.00      0.00      0.99      0.00      0.00     99.01
01:58:35          7      0.00      0.00      1.98      0.00      0.00     98.02
01:58:35          8      6.00      0.00      2.00     12.00      0.00     80.00
01:58:35          9      0.00      0.00      0.00      0.00      0.00    100.00
01:58:35         10      0.00      0.00      0.00      0.00      0.00    100.00
01:58:35         11      2.00      0.00      1.00      0.00      0.00     97.00
01:58:35         12      1.00      0.00      1.00      0.00      0.00     98.00
01:58:35         13      0.00      0.00      0.00      0.00      0.00    100.00
01:58:35         14      0.00      0.00      0.00      0.00      0.00    100.00
01:58:35         15      3.96      0.00      2.97      0.00      0.00     93.07
01:58:35         16      0.00      0.00      0.00      0.00      0.00    100.00
01:58:35         17      0.00      0.00      0.00      0.00      0.00    100.00
01:58:35         18      0.00      0.00      0.00      0.00      0.00    100.00
01:58:35         19      0.00      0.00      0.00      1.02      0.00     98.98
01:58:35         20      0.00      0.00      0.00      0.00      0.00    100.00
01:58:35         21      0.00      0.00      0.00      0.00      0.00    100.00
01:58:35         22      0.00      0.00      0.00      0.00      0.00    100.00
01:58:35         23      0.00      0.00      1.01      5.05      0.00     93.94
01:58:35         24      0.00      0.00      0.00      0.00      0.00    100.00
01:58:35         25      0.00      0.00      0.00      0.00      0.00    100.00
01:58:35         26     18.00      0.00      2.00      0.00      0.00     80.00
01:58:35         27      0.00      0.00      1.00      0.00      0.00     99.00
01:58:35         28      2.02      0.00      0.00      0.00      0.00     97.98
01:58:35         29      8.08      0.00      0.00      2.02      0.00     89.90
01:58:35         30      0.00      0.00      1.00      0.00      0.00     99.00
01:58:35         31     12.00      0.00      3.00      0.00      0.00     85.00
01:58:35         32      0.00      0.00      0.00      0.00      0.00    100.00
01:58:35         33      0.00      0.00      0.00      0.00      0.00    100.00
01:58:35         34      0.00      0.00      0.00      0.00      0.00    100.00
01:58:35         35     16.00      0.00      2.00      0.00      0.00     82.00
01:58:35         36      0.00      0.00      0.00      0.00      0.00    100.00
01:58:35         37      1.00      0.00      2.00      0.00      0.00     97.00
01:58:35         38      0.00      0.00      1.00      1.00      0.00     98.00
01:58:35         39      0.00      0.00      0.00      0.00      0.00    100.00

01:58:35        CPU     %user     %nice   %system   %iowait    %steal     %idle
01:58:36        all      1.73      0.00      0.55      0.00      0.00     97.72
01:58:36          0      1.00      0.00      1.00      0.00      0.00     98.00
01:58:36          1      0.00      0.00      0.00      0.00      0.00    100.00
01:58:36          2      5.05      0.00      2.02      0.00      0.00     92.93
01:58:36          3     23.00      0.00      5.00      0.00      0.00     72.00
01:58:36          4      0.99      0.00      0.99      0.00      0.00     98.02
01:58:36          5      1.01      0.00      0.00      0.00      0.00     98.99
01:58:36          6      0.00      0.00      0.00      0.00      0.00    100.00
01:58:36          7      0.00      0.00      0.00      0.00      0.00    100.00
01:58:36          8      0.00      0.00      0.00      0.00      0.00    100.00
01:58:36          9      0.00      0.00      0.00      0.00      0.00    100.00
01:58:36         10      0.00      0.00      0.00      0.00      0.00    100.00
01:58:36         11      0.00      0.00      0.00      0.00      0.00    100.00
01:58:36         12      0.00      0.00      1.00      0.00      0.00     99.00
01:58:36         13      1.98      0.00      0.99      0.00      0.00     97.03
01:58:36         14      0.00      0.00      1.00      0.00      0.00     99.00
01:58:36         15      0.00      0.00      0.00      0.00      0.00    100.00
01:58:36         16      0.00      0.00      0.99      0.00      0.00     99.01
01:58:36         17      0.00      0.00      0.00      0.00      0.00    100.00
01:58:36         18      0.00      0.00      0.00      0.00      0.00    100.00
01:58:36         19      0.00      0.00      1.98      0.00      0.00     98.02
01:58:36         20      0.00      0.00      0.00      0.00      0.00    100.00
01:58:36         21      0.00      0.00      0.99      0.00      0.00     99.01
01:58:36         22      0.00      0.00      0.99      0.00      0.00     99.01
01:58:36         23      0.00      0.00      0.00      0.00      0.00    100.00
01:58:36         24      0.00      0.00      0.00      0.00      0.00    100.00
01:58:36         25      0.00      0.00      0.00      0.00      0.00    100.00
01:58:36         26      1.98      0.00      0.00      0.00      0.00     98.02
01:58:36         27      0.00      0.00      0.00      0.00      0.00    100.00
01:58:36         28      0.00      0.00      1.98      0.00      0.00     98.02
01:58:36         29     36.36      0.00      3.03      0.00      0.00     60.61
01:58:36         30      0.00      0.00      1.00      0.00      0.00     99.00
01:58:36         31      0.00      0.00      1.00      0.00      0.00     99.00
01:58:36         32      0.00      0.00      0.00      0.00      0.00    100.00
01:58:36         33      0.00      0.00      0.00      0.00      0.00    100.00
01:58:36         34      0.00      0.00      0.00      0.00      0.00    100.00
01:58:36         35      0.00      0.00      0.00      0.00      0.00    100.00
01:58:36         36      0.00      0.00      0.00      0.00      0.00    100.00
01:58:36         37      0.00      0.00      0.00      0.00      0.00    100.00
01:58:36         38      0.00      0.00      0.00      0.00      0.00    100.00
01:58:36         39      0.00      0.00      0.00      0.00      0.00    100.00

01:58:36        CPU     %user     %nice   %system   %iowait    %steal     %idle
01:58:37        all      1.23      0.00      0.30      0.10      0.00     98.37
01:58:37          0      1.00      0.00      1.00      0.00      0.00     98.00
01:58:37          1      0.00      0.00      1.00      0.00      0.00     99.00
01:58:37          2      0.00      0.00      0.99      0.00      0.00     99.01
01:58:37          3      0.00      0.00      1.00      0.00      0.00     99.00
01:58:37          4      0.00      0.00      0.00      0.00      0.00    100.00
01:58:37          5      7.07      0.00      0.00      4.04      0.00     88.89
01:58:37          6      0.00      0.00      0.00      0.00      0.00    100.00
01:58:37          7      1.00      0.00      0.00      0.00      0.00     99.00
01:58:37          8      0.00      0.00      0.00      0.00      0.00    100.00
01:58:37          9     16.16      0.00      3.03      0.00      0.00     80.81
01:58:37         10      0.00      0.00      0.00      0.00      0.00    100.00
01:58:37         11      0.00      0.00      0.00      0.00      0.00    100.00
01:58:37         12      0.00      0.00      0.00      0.00      0.00    100.00
01:58:37         13      0.00      0.00      1.01      0.00      0.00     98.99
01:58:37         14      0.00      0.00      0.00      0.00      0.00    100.00
01:58:37         15      0.00      0.00      0.00      0.00      0.00    100.00
01:58:37         16      1.00      0.00      1.00      0.00      0.00     98.00
01:58:37         17      0.00      0.00      0.00      0.00      0.00    100.00
01:58:37         18      0.99      0.00      0.00      0.00      0.00     99.01
01:58:37         19      0.00      0.00      0.00      0.00      0.00    100.00
01:58:37         20      0.00      0.00      0.00      0.00      0.00    100.00
01:58:37         21      0.00      0.00      0.00      0.00      0.00    100.00
01:58:37         22      0.00      0.00      0.00      0.00      0.00    100.00
01:58:37         23      0.00      0.00      0.00      0.00      0.00    100.00
01:58:37         24      0.00      0.00      0.00      0.00      0.00    100.00
01:58:37         25      0.00      0.00      0.00      0.00      0.00    100.00
01:58:37         26      0.00      0.00      1.00      0.00      0.00     99.00
01:58:37         27      0.00      0.00      0.00      0.00      0.00    100.00
01:58:37         28      0.00      0.00      0.00      0.00      0.00    100.00
01:58:37         29     21.78      0.00      1.98      0.00      0.00     76.24
01:58:37         30      0.00      0.00      0.00      0.00      0.00    100.00
01:58:37         31      0.00      0.00      0.00      0.00      0.00    100.00
01:58:37         32      0.00      0.00      0.00      0.00      0.00    100.00
01:58:37         33      0.00      0.00      0.00      0.00      0.00    100.00
01:58:37         34      0.00      0.00      0.00      0.00      0.00    100.00
01:58:37         35      0.00      0.00      0.00      0.00      0.00    100.00
01:58:37         36      0.00      0.00      0.00      0.00      0.00    100.00
01:58:37         37      0.99      0.00      0.99      0.00      0.00     98.02
01:58:37         38      0.00      0.00      0.00      0.00      0.00    100.00
01:58:37         39      0.00      0.00      0.00      0.00      0.00    100.00

01:58:37        CPU     %user     %nice   %system   %iowait    %steal     %idle
01:58:38        all      0.00      0.00      0.00      0.00      0.00    100.00
01:58:38          0      0.00      0.00      0.00      0.00      0.00    100.00
01:58:38          1      0.00      0.00      0.00      0.00      0.00    100.00
01:58:38          2      0.00      0.00      0.00      0.00      0.00    100.00
01:58:38          3      0.00      0.00      0.00      0.00      0.00    100.00
01:58:38          4      0.00      0.00      0.00      0.00      0.00    100.00
01:58:38          5      0.00      0.00      0.00      0.00      0.00    100.00
01:58:38          6      0.00      0.00      0.00      0.00      0.00    100.00
01:58:38          7      0.00      0.00      0.00      0.00      0.00    100.00
01:58:38          8      0.00      0.00      0.00      0.00      0.00    100.00
01:58:38          9      0.00      0.00      0.00      0.00      0.00    100.00
01:58:38         10      0.00      0.00      0.00      0.00      0.00    100.00
01:58:38         11      0.00      0.00      0.00      0.00      0.00    100.00
01:58:38         12      0.00      0.00      0.00      0.00      0.00    100.00
01:58:38         13      0.00      0.00      0.00      0.00      0.00    100.00
01:58:38         14      0.00      0.00      0.00      0.00      0.00    100.00
01:58:38         15      0.00      0.00      0.00      0.00      0.00    100.00
01:58:38         16      0.00      0.00      0.00      0.00      0.00    100.00
01:58:38         17      0.00      0.00      0.00      0.00      0.00    100.00
01:58:38         18      0.00      0.00      0.00      0.00      0.00    100.00
01:58:38         19      0.00      0.00      0.00      0.00      0.00    100.00
01:58:38         20      0.00      0.00      0.00      0.00      0.00    100.00
01:58:38         21      0.00      0.00      0.00      0.00      0.00    100.00
01:58:38         22      0.00      0.00      0.00      0.00      0.00    100.00
01:58:38         23      0.00      0.00      0.00      0.00      0.00    100.00
01:58:38         24      0.00      0.00      0.00      0.00      0.00    100.00
01:58:38         25      0.00      0.00      0.00      0.00      0.00    100.00
01:58:38         26      0.00      0.00      0.00      0.00      0.00    100.00
01:58:38         27      0.00      0.00      0.00      0.00      0.00    100.00
01:58:38         28      0.00      0.00      0.00      0.00      0.00    100.00
01:58:38         29      0.00      0.00      0.00      0.00      0.00    100.00
01:58:38         30      0.00      0.00      0.00      0.00      0.00    100.00
01:58:38         31      0.00      0.00      0.00      0.00      0.00    100.00
01:58:38         32      0.00      0.00      0.00      0.00      0.00    100.00
01:58:38         33      0.00      0.00      0.00      0.00      0.00    100.00
01:58:38         34      0.00      0.00      0.00      0.00      0.00    100.00
01:58:38         35      0.00      0.00      0.00      0.00      0.00    100.00
01:58:38         36      0.00      0.00      0.00      0.00      0.00    100.00
01:58:38         37      0.00      0.00      0.00      0.00      0.00    100.00
01:58:38         38      0.00      0.00      0.00      0.00      0.00    100.00
01:58:38         39      0.00      0.00      0.00      0.00      0.00    100.00

01:58:38        CPU     %user     %nice   %system   %iowait    %steal     %idle
01:58:39        all      0.00      0.00      0.00      0.00      0.00    100.00
01:58:39          0      0.00      0.00      0.00      0.00      0.00    100.00
01:58:39          1      0.00      0.00      0.00      0.00      0.00    100.00
01:58:39          2      0.00      0.00      0.00      0.00      0.00    100.00
01:58:39          3      0.00      0.00      0.00      0.00      0.00    100.00
01:58:39          4      0.00      0.00      0.00      0.00      0.00    100.00
01:58:39          5      0.00      0.00      0.00      0.00      0.00    100.00
01:58:39          6      0.00      0.00      0.00      0.00      0.00    100.00
01:58:39          7      0.00      0.00      0.00      0.00      0.00    100.00
01:58:39          8      0.00      0.00      0.00      0.00      0.00    100.00
01:58:39          9      0.00      0.00      0.00      0.00      0.00    100.00
01:58:39         10      0.00      0.00      0.00      0.00      0.00    100.00
01:58:39         11      0.00      0.00      0.00      0.00      0.00    100.00
01:58:39         12      0.00      0.00      0.00      0.00      0.00    100.00
01:58:39         13      0.00      0.00      0.00      0.00      0.00    100.00
01:58:39         14      0.00      0.00      0.00      0.00      0.00    100.00
01:58:39         15      0.00      0.00      0.00      0.00      0.00    100.00
01:58:39         16      0.00      0.00      0.00      0.00      0.00    100.00
01:58:39         17      0.00      0.00      0.00      0.00      0.00    100.00
01:58:39         18      0.00      0.00      0.00      0.00      0.00    100.00
01:58:39         19      0.00      0.00      0.00      0.00      0.00    100.00
01:58:39         20      0.00      0.00      0.00      0.00      0.00    100.00
01:58:39         21      0.00      0.00      0.00      0.00      0.00    100.00
01:58:39         22      0.00      0.00      0.00      0.00      0.00    100.00
01:58:39         23      0.00      0.00      0.00      0.00      0.00    100.00
01:58:39         24      0.00      0.00      0.00      0.00      0.00    100.00
01:58:39         25      0.00      0.00      0.00      0.00      0.00    100.00
01:58:39         26      0.00      0.00      0.00      0.00      0.00    100.00
01:58:39         27      0.00      0.00      0.00      0.00      0.00    100.00
01:58:39         28      0.00      0.00      0.00      0.00      0.00    100.00
01:58:39         29      0.00      0.00      0.00      0.00      0.00    100.00
01:58:39         30      0.00      0.00      0.00      0.00      0.00    100.00
01:58:39         31      0.00      0.00      0.00      0.00      0.00    100.00
01:58:39         32      0.00      0.00      0.00      0.00      0.00    100.00
01:58:39         33      0.00      0.00      0.00      0.00      0.00    100.00
01:58:39         34      0.00      0.00      0.00      0.00      0.00    100.00
01:58:39         35      0.00      0.00      0.00      0.00      0.00    100.00
01:58:39         36      0.00      0.00      0.00      0.00      0.00    100.00
01:58:39         37      0.00      0.00      0.00      0.00      0.00    100.00
01:58:39         38      0.00      0.00      0.00      0.00      0.00    100.00
01:58:39         39      0.00      0.00      0.00      0.00      0.00    100.00

01:58:39        CPU     %user     %nice   %system   %iowait    %steal     %idle
01:58:40        all      0.00      0.00      0.00      0.00      0.00    100.00
01:58:40          0      0.00      0.00      0.00      0.00      0.00    100.00
01:58:40          1      0.00      0.00      0.00      0.00      0.00    100.00
01:58:40          2      0.00      0.00      0.00      0.00      0.00    100.00
01:58:40          3      0.00      0.00      0.00      0.00      0.00    100.00
01:58:40          4      0.00      0.00      0.00      0.00      0.00    100.00
01:58:40          5      0.00      0.00      0.00      0.00      0.00    100.00
01:58:40          6      0.00      0.00      0.00      0.00      0.00    100.00
01:58:40          7      0.00      0.00      0.00      0.00      0.00    100.00
01:58:40          8      0.00      0.00      0.00      0.00      0.00    100.00
01:58:40          9      0.00      0.00      0.00      0.00      0.00    100.00
01:58:40         10      0.00      0.00      0.00      0.00      0.00    100.00
01:58:40         11      0.00      0.00      0.00      0.00      0.00    100.00
01:58:40         12      0.00      0.00      0.00      0.00      0.00    100.00
01:58:40         13      0.00      0.00      0.00      0.00      0.00    100.00
01:58:40         14      0.00      0.00      0.00      0.00      0.00    100.00
01:58:40         15      0.00      0.00      0.00      0.00      0.00    100.00
01:58:40         16      0.00      0.00      0.00      0.00      0.00    100.00
01:58:40         17      0.00      0.00      0.00      0.00      0.00    100.00
01:58:40         18      0.00      0.00      0.00      0.00      0.00    100.00
01:58:40         19      0.00      0.00      0.00      0.00      0.00    100.00
01:58:40         20      0.00      0.00      0.00      0.00      0.00    100.00
01:58:40         21      0.00      0.00      0.00      0.00      0.00    100.00
01:58:40         22      0.00      0.00      0.00      0.00      0.00    100.00
01:58:40         23      0.00      0.00      0.00      0.00      0.00    100.00
01:58:40         24      0.00      0.00      0.00      0.00      0.00    100.00
01:58:40         25      0.00      0.00      0.00      0.00      0.00    100.00
01:58:40         26      0.00      0.00      0.00      0.00      0.00    100.00
01:58:40         27      0.00      0.00      0.00      0.00      0.00    100.00
01:58:40         28      0.00      0.00      0.00      0.00      0.00    100.00
01:58:40         29      0.00      0.00      0.00      0.00      0.00    100.00
01:58:40         30      0.00      0.00      0.00      0.00      0.00    100.00
01:58:40         31      0.00      0.00      0.00      0.00      0.00    100.00
01:58:40         32      0.00      0.00      0.00      0.00      0.00    100.00
01:58:40         33      0.00      0.00      0.00      0.00      0.00    100.00
01:58:40         34      0.00      0.00      0.00      0.00      0.00    100.00
01:58:40         35      0.00      0.00      0.00      0.00      0.00    100.00
01:58:40         36      0.00      0.00      0.00      0.00      0.00    100.00
01:58:40         37      0.00      0.00      0.00      0.00      0.00    100.00
01:58:40         38      0.00      0.00      0.00      0.00      0.00    100.00
01:58:40         39      0.00      0.00      0.00      0.00      0.00    100.00

01:58:40        CPU     %user     %nice   %system   %iowait    %steal     %idle
01:58:41        all      0.00      0.00      0.00      0.00      0.00    100.00
01:58:41          0      0.00      0.00      0.00      0.00      0.00    100.00
01:58:41          1      0.00      0.00      0.00      0.00      0.00    100.00
01:58:41          2      0.00      0.00      0.00      0.00      0.00    100.00
01:58:41          3      0.00      0.00      0.00      0.00      0.00    100.00
01:58:41          4      0.00      0.00      0.00      0.00      0.00    100.00
01:58:41          5      0.00      0.00      0.00      0.00      0.00    100.00
01:58:41          6      0.00      0.00      0.00      0.00      0.00    100.00
01:58:41          7      0.00      0.00      0.00      0.00      0.00    100.00
01:58:41          8      0.00      0.00      0.00      0.00      0.00    100.00
01:58:41          9      0.00      0.00      0.00      0.00      0.00    100.00
01:58:41         10      0.00      0.00      0.00      0.00      0.00    100.00
01:58:41         11      0.00      0.00      0.00      0.00      0.00    100.00
01:58:41         12      0.00      0.00      0.00      0.00      0.00    100.00
01:58:41         13      0.00      0.00      0.00      0.00      0.00    100.00
01:58:41         14      0.00      0.00      0.00      0.00      0.00    100.00
01:58:41         15      0.00      0.00      0.00      0.00      0.00    100.00
01:58:41         16      0.00      0.00      0.00      0.00      0.00    100.00
01:58:41         17      0.00      0.00      0.00      0.00      0.00    100.00
01:58:41         18      0.00      0.00      0.00      0.00      0.00    100.00
01:58:41         19      0.00      0.00      0.00      0.00      0.00    100.00
01:58:41         20      0.00      0.00      0.00      0.00      0.00    100.00
01:58:41         21      0.00      0.00      0.00      0.00      0.00    100.00
01:58:41         22      0.00      0.00      0.00      0.00      0.00    100.00
01:58:41         23      0.00      0.00      0.00      0.00      0.00    100.00
01:58:41         24      0.00      0.00      0.00      0.00      0.00    100.00
01:58:41         25      0.00      0.00      0.00      0.00      0.00    100.00
01:58:41         26      0.00      0.00      0.00      0.00      0.00    100.00
01:58:41         27      0.00      0.00      0.00      0.00      0.00    100.00
01:58:41         28      0.00      0.00      0.00      0.00      0.00    100.00
01:58:41         29      0.00      0.00      0.00      0.00      0.00    100.00
01:58:41         30      0.00      0.00      0.00      0.00      0.00    100.00
01:58:41         31      0.00      0.00      0.00      0.00      0.00    100.00
01:58:41         32      0.00      0.00      0.00      0.00      0.00    100.00
01:58:41         33      0.00      0.00      0.00      0.00      0.00    100.00
01:58:41         34      0.00      0.00      0.00      0.00      0.00    100.00
01:58:41         35      0.00      0.00      0.00      0.00      0.00    100.00
01:58:41         36      0.00      0.00      0.00      0.00      0.00    100.00
01:58:41         37      0.00      0.00      0.00      0.00      0.00    100.00
01:58:41         38      0.00      0.00      0.00      0.00      0.00    100.00
01:58:41         39      0.00      0.00      0.00      0.00      0.00    100.00

01:58:41        CPU     %user     %nice   %system   %iowait    %steal     %idle
01:58:42        all      0.00      0.00      0.00      0.00      0.00    100.00
01:58:42          0      0.00      0.00      0.00      0.00      0.00    100.00
01:58:42          1      0.00      0.00      0.00      0.00      0.00    100.00
01:58:42          2      0.00      0.00      0.00      0.00      0.00    100.00
01:58:42          3      0.00      0.00      0.00      0.00      0.00    100.00
01:58:42          4      0.00      0.00      0.00      0.00      0.00    100.00
01:58:42          5      0.00      0.00      0.00      0.00      0.00    100.00
01:58:42          6      0.00      0.00      0.00      0.00      0.00    100.00
01:58:42          7      0.00      0.00      0.00      0.00      0.00    100.00
01:58:42          8      0.00      0.00      0.00      0.00      0.00    100.00
01:58:42          9      0.00      0.00      0.00      0.00      0.00    100.00
01:58:42         10      0.00      0.00      0.00      0.00      0.00    100.00
01:58:42         11      0.00      0.00      0.00      0.00      0.00    100.00
01:58:42         12      0.00      0.00      0.00      0.00      0.00    100.00
01:58:42         13      0.00      0.00      0.00      0.00      0.00    100.00
01:58:42         14      0.00      0.00      0.00      0.00      0.00    100.00
01:58:42         15      0.00      0.00      0.00      0.00      0.00    100.00
01:58:42         16      0.00      0.00      0.00      0.00      0.00    100.00
01:58:42         17      0.00      0.00      0.00      0.00      0.00    100.00
01:58:42         18      0.00      0.00      0.00      0.00      0.00    100.00
01:58:42         19      0.00      0.00      0.00      0.00      0.00    100.00
01:58:42         20      0.00      0.00      0.00      0.00      0.00    100.00
01:58:42         21      0.00      0.00      0.00      0.00      0.00    100.00
01:58:42         22      0.00      0.00      0.00      0.00      0.00    100.00
01:58:42         23      0.00      0.00      0.00      0.00      0.00    100.00
01:58:42         24      0.00      0.00      0.00      0.00      0.00    100.00
01:58:42         25      0.00      0.00      0.00      0.00      0.00    100.00
01:58:42         26      0.00      0.00      0.00      0.00      0.00    100.00
01:58:42         27      0.00      0.00      0.00      0.00      0.00    100.00
01:58:42         28      0.00      0.00      0.00      0.00      0.00    100.00
01:58:42         29      0.00      0.00      0.00      0.00      0.00    100.00
01:58:42         30      0.00      0.00      0.00      0.00      0.00    100.00
01:58:42         31      0.00      0.00      0.00      0.00      0.00    100.00
01:58:42         32      0.00      0.00      0.00      0.00      0.00    100.00
01:58:42         33      0.00      0.00      0.00      0.00      0.00    100.00
01:58:42         34      0.00      0.00      0.00      0.00      0.00    100.00
01:58:42         35      0.00      0.00      0.00      0.00      0.00    100.00
01:58:42         36      0.00      0.00      0.00      0.00      0.00    100.00
01:58:42         37      0.00      0.00      0.00      0.00      0.00    100.00
01:58:42         38      0.00      0.00      0.00      0.00      0.00    100.00
01:58:42         39      0.00      0.00      0.00      0.00      0.00    100.00

01:58:42        CPU     %user     %nice   %system   %iowait    %steal     %idle
01:58:43        all      0.00      0.00      0.00      0.00      0.00    100.00
01:58:43          0      0.00      0.00      0.00      0.00      0.00    100.00
01:58:43          1      0.00      0.00      0.00      0.00      0.00    100.00
01:58:43          2      0.00      0.00      0.00      0.00      0.00    100.00
01:58:43          3      0.00      0.00      0.00      0.00      0.00    100.00
01:58:43          4      0.00      0.00      0.00      0.00      0.00    100.00
01:58:43          5      0.00      0.00      0.00      0.00      0.00    100.00
01:58:43          6      0.00      0.00      0.00      0.00      0.00    100.00
01:58:43          7      0.00      0.00      0.00      0.00      0.00    100.00
01:58:43          8      0.00      0.00      0.00      0.00      0.00    100.00
01:58:43          9      0.00      0.00      0.00      0.00      0.00    100.00
01:58:43         10      0.00      0.00      0.00      0.00      0.00    100.00
01:58:43         11      0.00      0.00      0.00      0.00      0.00    100.00
01:58:43         12      0.00      0.00      0.00      0.00      0.00    100.00
01:58:43         13      0.00      0.00      0.00      0.00      0.00    100.00
01:58:43         14      0.00      0.00      0.00      0.00      0.00    100.00
01:58:43         15      0.00      0.00      0.00      0.00      0.00    100.00
01:58:43         16      0.00      0.00      0.00      0.00      0.00    100.00
01:58:43         17      0.00      0.00      0.00      0.00      0.00    100.00
01:58:43         18      0.00      0.00      0.00      0.00      0.00    100.00
01:58:43         19      0.00      0.00      0.00      0.00      0.00    100.00
01:58:43         20      0.00      0.00      0.00      0.00      0.00    100.00
01:58:43         21      0.00      0.00      0.00      0.00      0.00    100.00
01:58:43         22      0.00      0.00      0.00      0.00      0.00    100.00
01:58:43         23      0.00      0.00      0.00      0.00      0.00    100.00
01:58:43         24      0.00      0.00      0.00      0.00      0.00    100.00
01:58:43         25      0.00      0.00      0.00      0.00      0.00    100.00
01:58:43         26      0.00      0.00      0.00      0.00      0.00    100.00
01:58:43         27      0.00      0.00      0.00      0.00      0.00    100.00
01:58:43         28      0.00      0.00      0.00      0.00      0.00    100.00
01:58:43         29      0.00      0.00      0.00      0.00      0.00    100.00
01:58:43         30      0.00      0.00      0.00      0.00      0.00    100.00
01:58:43         31      0.00      0.00      0.00      0.00      0.00    100.00
01:58:43         32      0.00      0.00      0.00      0.00      0.00    100.00
01:58:43         33      0.00      0.00      0.00      0.00      0.00    100.00
01:58:43         34      0.00      0.00      0.00      0.00      0.00    100.00
01:58:43         35      0.00      0.00      0.00      0.00      0.00    100.00
01:58:43         36      0.00      0.00      0.00      0.00      0.00    100.00
01:58:43         37      0.00      0.00      0.00      0.00      0.00    100.00
01:58:43         38      0.00      0.00      0.00      0.00      0.00    100.00
01:58:43         39      0.00      0.00      0.00      0.00      0.00    100.00

01:58:43        CPU     %user     %nice   %system   %iowait    %steal     %idle
01:58:44        all      0.00      0.00      0.00      0.00      0.00    100.00
01:58:44          0      0.00      0.00      0.00      0.00      0.00    100.00
01:58:44          1      0.00      0.00      0.00      0.00      0.00    100.00
01:58:44          2      0.00      0.00      0.00      0.00      0.00    100.00
01:58:44          3      0.00      0.00      0.00      0.00      0.00    100.00
01:58:44          4      0.00      0.00      0.00      0.00      0.00    100.00
01:58:44          5      0.00      0.00      0.00      0.00      0.00    100.00
01:58:44          6      0.00      0.00      0.00      0.00      0.00    100.00
01:58:44          7      0.00      0.00      0.00      0.00      0.00    100.00
01:58:44          8      0.00      0.00      0.00      0.00      0.00    100.00
01:58:44          9      0.00      0.00      0.00      0.00      0.00    100.00
01:58:44         10      0.00      0.00      0.00      0.00      0.00    100.00
01:58:44         11      0.00      0.00      0.00      0.00      0.00    100.00
01:58:44         12      0.00      0.00      0.00      0.00      0.00    100.00
01:58:44         13      0.00      0.00      0.00      0.00      0.00    100.00
01:58:44         14      0.00      0.00      0.00      0.00      0.00    100.00
01:58:44         15      0.00      0.00      0.00      0.00      0.00    100.00
01:58:44         16      0.00      0.00      0.00      0.00      0.00    100.00
01:58:44         17      0.00      0.00      0.00      0.00      0.00    100.00
01:58:44         18      0.00      0.00      0.00      0.00      0.00    100.00
01:58:44         19      0.00      0.00      0.00      0.00      0.00    100.00
01:58:44         20      0.00      0.00      0.00      0.00      0.00    100.00
01:58:44         21      0.00      0.00      0.00      0.00      0.00    100.00
01:58:44         22      0.00      0.00      0.00      0.00      0.00    100.00
01:58:44         23      0.00      0.00      0.00      0.00      0.00    100.00
01:58:44         24      0.00      0.00      0.00      0.00      0.00    100.00
01:58:44         25      0.00      0.00      0.00      0.00      0.00    100.00
01:58:44         26      0.00      0.00      0.00      0.00      0.00    100.00
01:58:44         27      0.00      0.00      0.00      0.00      0.00    100.00
01:58:44         28      0.00      0.00      0.00      0.00      0.00    100.00
01:58:44         29      0.00      0.00      0.00      0.00      0.00    100.00
01:58:44         30      0.00      0.00      0.00      0.00      0.00    100.00
01:58:44         31      0.00      0.00      0.00      0.00      0.00    100.00
01:58:44         32      0.00      0.00      0.00      0.00      0.00    100.00
01:58:44         33      0.00      0.00      0.00      0.00      0.00    100.00
01:58:44         34      0.00      0.00      0.00      0.00      0.00    100.00
01:58:44         35      0.00      0.00      0.00      0.00      0.00    100.00
01:58:44         36      0.00      0.00      0.00      0.00      0.00    100.00
01:58:44         37      0.00      0.00      0.00      0.00      0.00    100.00
01:58:44         38      0.00      0.00      0.00      0.00      0.00    100.00
01:58:44         39      0.00      0.00      0.00      0.00      0.00    100.00

01:58:44        CPU     %user     %nice   %system   %iowait    %steal     %idle
01:58:45        all      0.00      0.00      0.00      0.00      0.00    100.00
01:58:45          0      0.00      0.00      0.00      0.00      0.00    100.00
01:58:45          1      0.00      0.00      0.00      0.00      0.00    100.00
01:58:45          2      0.00      0.00      0.00      0.00      0.00    100.00
01:58:45          3      0.00      0.00      0.00      0.00      0.00    100.00
01:58:45          4      0.00      0.00      0.00      0.00      0.00    100.00
01:58:45          5      0.00      0.00      0.00      0.00      0.00    100.00
01:58:45          6      0.00      0.00      0.00      0.00      0.00    100.00
01:58:45          7      0.00      0.00      0.00      0.00      0.00    100.00
01:58:45          8      0.00      0.00      0.00      0.00      0.00    100.00
01:58:45          9      0.00      0.00      0.00      0.00      0.00    100.00
01:58:45         10      0.00      0.00      0.00      0.00      0.00    100.00
01:58:45         11      0.00      0.00      0.00      0.00      0.00    100.00
01:58:45         12      0.00      0.00      0.00      0.00      0.00    100.00
01:58:45         13      0.00      0.00      0.00      0.00      0.00    100.00
01:58:45         14      0.00      0.00      0.00      0.00      0.00    100.00
01:58:45         15      0.00      0.00      0.00      0.00      0.00    100.00
01:58:45         16      0.00      0.00      0.00      0.00      0.00    100.00
01:58:45         17      0.00      0.00      0.00      0.00      0.00    100.00
01:58:45         18      0.00      0.00      0.00      0.00      0.00    100.00
01:58:45         19      0.00      0.00      0.00      0.00      0.00    100.00
01:58:45         20      0.00      0.00      0.00      0.00      0.00    100.00
01:58:45         21      0.00      0.00      0.00      0.00      0.00    100.00
01:58:45         22      0.00      0.00      0.00      0.00      0.00    100.00
01:58:45         23      0.00      0.00      0.00      0.00      0.00    100.00
01:58:45         24      0.00      0.00      0.00      0.00      0.00    100.00
01:58:45         25      0.00      0.00      0.00      0.00      0.00    100.00
01:58:45         26      0.00      0.00      0.00      0.00      0.00    100.00
01:58:45         27      0.00      0.00      0.00      0.00      0.00    100.00
01:58:45         28      0.00      0.00      0.00      0.00      0.00    100.00
01:58:45         29      0.00      0.00      0.00      0.00      0.00    100.00
01:58:45         30      0.00      0.00      0.00      0.00      0.00    100.00
01:58:45         31      0.00      0.00      0.00      0.00      0.00    100.00
01:58:45         32      0.00      0.00      0.00      0.00      0.00    100.00
01:58:45         33      0.00      0.00      0.00      0.00      0.00    100.00
01:58:45         34      0.00      0.00      0.00      0.00      0.00    100.00
01:58:45         35      0.00      0.00      0.00      0.00      0.00    100.00
01:58:45         36      0.00      0.00      0.00      0.00      0.00    100.00
01:58:45         37      0.00      0.00      0.00      0.00      0.00    100.00
01:58:45         38      0.00      0.00      0.00      0.00      0.00    100.00
01:58:45         39      0.00      0.00      0.00      0.00      0.00    100.00

01:58:45        CPU     %user     %nice   %system   %iowait    %steal     %idle
01:58:46        all      0.03      0.00      0.00      0.00      0.00     99.97
01:58:46          0      0.00      0.00      0.00      0.00      0.00    100.00
01:58:46          1      0.00      0.00      0.00      0.00      0.00    100.00
01:58:46          2      0.00      0.00      0.00      0.00      0.00    100.00
01:58:46          3      0.00      0.00      0.00      0.00      0.00    100.00
01:58:46          4      0.00      0.00      0.00      0.00      0.00    100.00
01:58:46          5      0.00      0.00      0.00      0.00      0.00    100.00
01:58:46          6      0.00      0.00      0.00      0.00      0.00    100.00
01:58:46          7      0.00      0.00      0.00      0.00      0.00    100.00
01:58:46          8      0.00      0.00      0.00      0.00      0.00    100.00
01:58:46          9      0.00      0.00      0.00      0.00      0.00    100.00
01:58:46         10      0.00      0.00      0.00      0.00      0.00    100.00
01:58:46         11      0.00      0.00      0.00      0.00      0.00    100.00
01:58:46         12      0.00      0.00      0.00      0.00      0.00    100.00
01:58:46         13      0.99      0.00      0.00      0.00      0.00     99.01
01:58:46         14      0.00      0.00      0.00      0.00      0.00    100.00
01:58:46         15      0.00      0.00      0.00      0.00      0.00    100.00
01:58:46         16      0.00      0.00      0.00      0.00      0.00    100.00
01:58:46         17      0.00      0.00      0.00      0.00      0.00    100.00
01:58:46         18      0.00      0.00      0.00      0.00      0.00    100.00
01:58:46         19      0.00      0.00      0.00      0.00      0.00    100.00
01:58:46         20      0.00      0.00      0.00      0.00      0.00    100.00
01:58:46         21      0.00      0.00      0.00      0.00      0.00    100.00
01:58:46         22      0.00      0.00      0.00      0.00      0.00    100.00
01:58:46         23      0.00      0.00      0.00      0.00      0.00    100.00
01:58:46         24      0.00      0.00      0.00      0.00      0.00    100.00
01:58:46         25      0.00      0.00      0.00      0.00      0.00    100.00
01:58:46         26      0.00      0.00      0.00      0.00      0.00    100.00
01:58:46         27      0.00      0.00      0.00      0.00      0.00    100.00
01:58:46         28      0.00      0.00      0.00      0.00      0.00    100.00
01:58:46         29      0.00      0.00      0.00      0.00      0.00    100.00
01:58:46         30      0.00      0.00      0.00      0.00      0.00    100.00
01:58:46         31      0.00      0.00      0.00      0.00      0.00    100.00
01:58:46         32      0.00      0.00      0.00      0.00      0.00    100.00
01:58:46         33      0.00      0.00      0.00      0.00      0.00    100.00
01:58:46         34      0.00      0.00      0.00      0.00      0.00    100.00
01:58:46         35      0.00      0.00      0.00      0.00      0.00    100.00
01:58:46         36      0.00      0.00      0.00      0.00      0.00    100.00
01:58:46         37      0.00      0.00      0.00      0.00      0.00    100.00
01:58:46         38      0.00      0.00      0.00      0.00      0.00    100.00
01:58:46         39      0.00      0.00      0.00      0.00      0.00    100.00

01:58:46        CPU     %user     %nice   %system   %iowait    %steal     %idle
01:58:47        all      0.00      0.00      0.00      0.00      0.00    100.00
01:58:47          0      0.00      0.00      0.00      0.00      0.00    100.00
01:58:47          1      0.00      0.00      0.00      0.00      0.00    100.00
01:58:47          2      0.00      0.00      0.00      0.00      0.00    100.00
01:58:47          3      0.00      0.00      0.00      0.00      0.00    100.00
01:58:47          4      0.00      0.00      0.00      0.00      0.00    100.00
01:58:47          5      0.00      0.00      0.00      0.00      0.00    100.00
01:58:47          6      0.00      0.00      0.00      0.00      0.00    100.00
01:58:47          7      0.00      0.00      0.00      0.00      0.00    100.00
01:58:47          8      0.00      0.00      0.00      0.00      0.00    100.00
01:58:47          9      0.00      0.00      0.00      0.00      0.00    100.00
01:58:47         10      0.00      0.00      0.00      0.00      0.00    100.00
01:58:47         11      0.00      0.00      0.00      0.00      0.00    100.00
01:58:47         12      0.00      0.00      0.00      0.00      0.00    100.00
01:58:47         13      0.00      0.00      0.00      0.00      0.00    100.00
01:58:47         14      0.00      0.00      0.00      0.00      0.00    100.00
01:58:47         15      0.00      0.00      0.00      0.00      0.00    100.00
01:58:47         16      0.00      0.00      0.00      0.00      0.00    100.00
01:58:47         17      0.00      0.00      0.00      0.00      0.00    100.00
01:58:47         18      0.00      0.00      0.00      0.00      0.00    100.00
01:58:47         19      0.00      0.00      0.00      0.00      0.00    100.00
01:58:47         20      0.00      0.00      0.00      0.00      0.00    100.00
01:58:47         21      0.00      0.00      0.00      0.00      0.00    100.00
01:58:47         22      0.00      0.00      0.00      0.00      0.00    100.00
01:58:47         23      0.00      0.00      0.00      0.00      0.00    100.00
01:58:47         24      0.00      0.00      0.00      0.00      0.00    100.00
01:58:47         25      0.00      0.00      0.00      0.00      0.00    100.00
01:58:47         26      0.00      0.00      0.00      0.00      0.00    100.00
01:58:47         27      0.00      0.00      0.00      0.00      0.00    100.00
01:58:47         28      0.00      0.00      0.00      0.00      0.00    100.00
01:58:47         29      0.00      0.00      0.00      0.00      0.00    100.00
01:58:47         30      0.00      0.00      0.00      0.00      0.00    100.00
01:58:47         31      0.00      0.00      0.00      0.00      0.00    100.00
01:58:47         32      0.00      0.00      0.00      0.00      0.00    100.00
01:58:47         33      0.00      0.00      0.00      0.00      0.00    100.00
01:58:47         34      0.00      0.00      0.00      0.00      0.00    100.00
01:58:47         35      0.00      0.00      0.00      0.00      0.00    100.00
01:58:47         36      0.00      0.00      0.00      0.00      0.00    100.00
01:58:47         37      0.00      0.00      0.00      0.00      0.00    100.00
01:58:47         38      0.00      0.00      0.00      0.00      0.00    100.00
01:58:47         39      0.00      0.00      0.00      0.00      0.00    100.00

01:58:47        CPU     %user     %nice   %system   %iowait    %steal     %idle
01:58:48        all      0.00      0.00      0.00      0.00      0.00    100.00
01:58:48          0      0.00      0.00      0.00      0.00      0.00    100.00
01:58:48          1      0.00      0.00      0.00      0.00      0.00    100.00
01:58:48          2      0.00      0.00      0.00      0.00      0.00    100.00
01:58:48          3      0.00      0.00      0.00      0.00      0.00    100.00
01:58:48          4      0.00      0.00      0.00      0.00      0.00    100.00
01:58:48          5      0.00      0.00      0.00      0.00      0.00    100.00
01:58:48          6      0.00      0.00      0.00      0.00      0.00    100.00
01:58:48          7      0.00      0.00      0.00      0.00      0.00    100.00
01:58:48          8      0.00      0.00      0.00      0.00      0.00    100.00
01:58:48          9      0.00      0.00      0.00      0.00      0.00    100.00
01:58:48         10      0.00      0.00      0.00      0.00      0.00    100.00
01:58:48         11      0.00      0.00      0.00      0.00      0.00    100.00
01:58:48         12      0.00      0.00      0.00      0.00      0.00    100.00
01:58:48         13      0.00      0.00      0.00      0.00      0.00    100.00
01:58:48         14      0.00      0.00      0.00      0.00      0.00    100.00
01:58:48         15      0.00      0.00      0.00      0.00      0.00    100.00
01:58:48         16      0.00      0.00      0.00      0.00      0.00    100.00
01:58:48         17      0.00      0.00      0.00      0.00      0.00    100.00
01:58:48         18      0.00      0.00      0.00      0.00      0.00    100.00
01:58:48         19      0.00      0.00      0.00      0.00      0.00    100.00
01:58:48         20      0.00      0.00      0.00      0.00      0.00    100.00
01:58:48         21      0.00      0.00      0.00      0.00      0.00    100.00
01:58:48         22      0.00      0.00      0.00      0.00      0.00    100.00
01:58:48         23      0.00      0.00      0.00      0.00      0.00    100.00
01:58:48         24      0.00      0.00      0.00      0.00      0.00    100.00
01:58:48         25      0.00      0.00      0.00      0.00      0.00    100.00
01:58:48         26      0.00      0.00      0.00      0.00      0.00    100.00
01:58:48         27      0.00      0.00      0.00      0.00      0.00    100.00
01:58:48         28      0.00      0.00      0.00      0.00      0.00    100.00
01:58:48         29      0.00      0.00      0.00      0.00      0.00    100.00
01:58:48         30      0.00      0.00      0.00      0.00      0.00    100.00
01:58:48         31      0.00      0.00      0.00      0.00      0.00    100.00
01:58:48         32      0.00      0.00      0.00      0.00      0.00    100.00
01:58:48         33      0.00      0.00      0.00      0.00      0.00    100.00
01:58:48         34      0.00      0.00      0.00      0.00      0.00    100.00
01:58:48         35      0.00      0.00      0.00      0.00      0.00    100.00
01:58:48         36      0.00      0.00      0.00      0.00      0.00    100.00
01:58:48         37      0.00      0.00      0.00      0.00      0.00    100.00
01:58:48         38      0.00      0.00      0.00      0.00      0.00    100.00
01:58:48         39      0.00      0.00      0.00      0.00      0.00    100.00

01:58:48        CPU     %user     %nice   %system   %iowait    %steal     %idle
01:58:49        all      1.68      0.00      0.43      0.00      0.00     97.90
01:58:49          0      0.00      0.00      0.00      0.00      0.00    100.00
01:58:49          1      6.06      0.00      0.00      0.00      0.00     93.94
01:58:49          2     10.00      0.00      2.00      0.00      0.00     88.00
01:58:49          3     10.00      0.00      2.00      0.00      0.00     88.00
01:58:49          4     10.00      0.00      1.00      0.00      0.00     89.00
01:58:49          5      8.00      0.00      1.00      0.00      0.00     91.00
01:58:49          6      1.00      0.00      0.00      0.00      0.00     99.00
01:58:49          7      0.00      0.00      0.00      0.00      0.00    100.00
01:58:49          8      3.00      0.00      0.00      0.00      0.00     97.00
01:58:49          9      0.00      0.00      1.00      0.00      0.00     99.00
01:58:49         10      0.00      0.00      0.00      0.00      0.00    100.00
01:58:49         11      1.00      0.00      1.00      0.00      0.00     98.00
01:58:49         12      0.00      0.00      0.00      0.00      0.00    100.00
01:58:49         13      0.00      0.00      0.00      0.00      0.00    100.00
01:58:49         14      0.00      0.00      0.00      0.00      0.00    100.00
01:58:49         15      1.01      0.00      0.00      0.00      0.00     98.99
01:58:49         16      0.00      0.00      0.00      0.00      0.00    100.00
01:58:49         17      0.00      0.00      0.00      0.00      0.00    100.00
01:58:49         18      0.00      0.00      0.00      0.00      0.00    100.00
01:58:49         19      0.00      0.00      0.00      0.00      0.00    100.00
01:58:49         20      1.00      0.00      0.00      0.00      0.00     99.00
01:58:49         21      0.00      0.00      0.00      0.00      0.00    100.00
01:58:49         22      1.00      0.00      0.00      0.00      0.00     99.00
01:58:49         23      0.00      0.00      0.00      0.00      0.00    100.00
01:58:49         24      0.99      0.00      0.99      0.00      0.00     98.02
01:58:49         25      0.00      0.00      1.00      0.00      0.00     99.00
01:58:49         26      1.00      0.00      0.00      0.00      0.00     99.00
01:58:49         27      3.96      0.00      1.98      0.00      0.00     94.06
01:58:49         28      4.00      0.00      1.00      0.00      0.00     95.00
01:58:49         29      0.00      0.00      0.00      0.00      0.00    100.00
01:58:49         30      0.00      0.00      0.00      0.00      0.00    100.00
01:58:49         31      0.00      0.00      0.00      0.00      0.00    100.00
01:58:49         32      1.00      0.00      0.00      0.00      0.00     99.00
01:58:49         33      0.00      0.00      0.00      0.00      0.00    100.00
01:58:49         34      1.00      0.00      0.00      0.00      0.00     99.00
01:58:49         35      2.00      0.00      0.00      0.00      0.00     98.00
01:58:49         36      0.00      0.00      0.00      0.00      0.00    100.00
01:58:49         37      0.00      0.00      0.00      0.00      0.00    100.00
01:58:49         38      0.00      0.00      0.99      0.00      0.00     99.01
01:58:49         39      2.02      0.00      0.00      0.00      0.00     97.98

01:58:49        CPU     %user     %nice   %system   %iowait    %steal     %idle
01:58:50        all      6.61      0.00      2.03      0.28      0.00     91.08
01:58:50          0     20.20      0.00      4.04      0.00      0.00     75.76
01:58:50          1      0.99      0.00      2.97      0.00      0.00     96.04
01:58:50          2     16.00      0.00      4.00      0.00      0.00     80.00
01:58:50          3     42.00      0.00      7.00      0.00      0.00     51.00
01:58:50          4     30.61      0.00      6.12      0.00      0.00     63.27
01:58:50          5     11.00      0.00      2.00      0.00      0.00     87.00
01:58:50          6      1.01      0.00      0.00      0.00      0.00     98.99
01:58:50          7      1.98      0.00      0.99      1.98      0.00     95.05
01:58:50          8      2.00      0.00      1.00      0.00      0.00     97.00
01:58:50          9      1.00      0.00      1.00      2.00      0.00     96.00
01:58:50         10      4.00      0.00      1.00      0.00      0.00     95.00
01:58:50         11      8.00      0.00      2.00      0.00      0.00     90.00
01:58:50         12      3.03      0.00      2.02      0.00      0.00     94.95
01:58:50         13     23.76      0.00      7.92      0.00      0.00     68.32
01:58:50         14      2.00      0.00      1.00      2.00      0.00     95.00
01:58:50         15      0.99      0.00      0.99      0.00      0.00     98.02
01:58:50         16      0.00      0.00      0.00      0.00      0.00    100.00
01:58:50         17      1.01      0.00      0.00      0.00      0.00     98.99
01:58:50         18     11.11      0.00      2.02      0.00      0.00     86.87
01:58:50         19      1.01      0.00      0.00      2.02      0.00     96.97
01:58:50         20      8.00      0.00      3.00      0.00      0.00     89.00
01:58:50         21      0.00      0.00      0.00      0.00      0.00    100.00
01:58:50         22      0.00      0.00      0.00      0.00      0.00    100.00
01:58:50         23      6.00      0.00      2.00      0.00      0.00     92.00
01:58:50         24      0.00      0.00      0.00      0.00      0.00    100.00
01:58:50         25      4.00      0.00      2.00      0.00      0.00     94.00
01:58:50         26      0.00      0.00      0.00      0.00      0.00    100.00
01:58:50         27      6.06      0.00      1.01      0.00      0.00     92.93
01:58:50         28      7.92      0.00      3.96      1.98      0.00     86.14
01:58:50         29      0.00      0.00      1.00      0.00      0.00     99.00
01:58:50         30     10.00      0.00      2.00      0.00      0.00     88.00
01:58:50         31     26.00      0.00      9.00      0.00      0.00     65.00
01:58:50         32      4.00      0.00      1.00      0.00      0.00     95.00
01:58:50         33      4.95      0.00      3.96      0.00      0.00     91.09
01:58:50         34      0.00      0.00      1.98      0.00      0.00     98.02
01:58:50         35      2.02      0.00      0.00      0.00      0.00     97.98
01:58:50         36      4.00      0.00      3.00      0.00      0.00     93.00
01:58:50         37      0.00      0.00      0.00      0.00      0.00    100.00
01:58:50         38      1.00      0.00      1.00      0.00      0.00     98.00
01:58:50         39      0.00      0.00      1.00      0.00      0.00     99.00

01:58:50        CPU     %user     %nice   %system   %iowait    %steal     %idle
01:58:51        all      0.00      0.00      0.00      0.00      0.00    100.00
01:58:51          0      0.00      0.00      0.00      0.00      0.00    100.00
01:58:51          1      0.00      0.00      0.00      0.00      0.00    100.00
01:58:51          2      0.00      0.00      0.00      0.00      0.00    100.00
01:58:51          3      0.00      0.00      0.00      0.00      0.00    100.00
01:58:51          4      0.00      0.00      0.00      0.00      0.00    100.00
01:58:51          5      0.00      0.00      0.00      0.00      0.00    100.00
01:58:51          6      0.00      0.00      0.00      0.00      0.00    100.00
01:58:51          7      0.00      0.00      0.00      0.00      0.00    100.00
01:58:51          8      0.00      0.00      0.00      0.00      0.00    100.00
01:58:51          9      0.00      0.00      0.00      0.00      0.00    100.00
01:58:51         10      0.00      0.00      0.00      0.00      0.00    100.00
01:58:51         11      0.00      0.00      0.00      0.00      0.00    100.00
01:58:51         12      0.00      0.00      0.00      0.00      0.00    100.00
01:58:51         13      0.00      0.00      0.00      0.00      0.00    100.00
01:58:51         14      0.00      0.00      0.00      0.00      0.00    100.00
01:58:51         15      0.00      0.00      0.00      0.00      0.00    100.00
01:58:51         16      0.00      0.00      0.00      0.00      0.00    100.00
01:58:51         17      0.00      0.00      0.00      0.00      0.00    100.00
01:58:51         18      0.00      0.00      0.00      0.00      0.00    100.00
01:58:51         19      0.00      0.00      0.00      0.00      0.00    100.00
01:58:51         20      0.00      0.00      0.00      0.00      0.00    100.00
01:58:51         21      0.00      0.00      0.00      0.00      0.00    100.00
01:58:51         22      0.00      0.00      0.00      0.00      0.00    100.00
01:58:51         23      0.00      0.00      0.00      0.00      0.00    100.00
01:58:51         24      0.00      0.00      0.00      0.00      0.00    100.00
01:58:51         25      0.00      0.00      0.00      0.00      0.00    100.00
01:58:51         26      0.00      0.00      0.00      0.00      0.00    100.00
01:58:51         27      0.00      0.00      0.00      0.00      0.00    100.00
01:58:51         28      0.00      0.00      0.00      0.00      0.00    100.00
01:58:51         29      0.00      0.00      0.00      0.00      0.00    100.00
01:58:51         30      0.00      0.00      0.00      0.00      0.00    100.00
01:58:51         31      0.00      0.00      0.00      0.00      0.00    100.00
01:58:51         32      0.00      0.00      0.00      0.00      0.00    100.00
01:58:51         33      0.00      0.00      0.00      0.00      0.00    100.00
01:58:51         34      0.00      0.00      0.00      0.00      0.00    100.00
01:58:51         35      0.00      0.00      0.00      0.00      0.00    100.00
01:58:51         36      0.00      0.00      0.00      0.00      0.00    100.00
01:58:51         37      0.00      0.00      0.00      0.00      0.00    100.00
01:58:51         38      0.00      0.00      0.00      0.00      0.00    100.00
01:58:51         39      0.00      0.00      0.00      0.00      0.00    100.00

01:58:51        CPU     %user     %nice   %system   %iowait    %steal     %idle
01:58:52        all      0.00      0.00      0.00      0.00      0.00    100.00
01:58:52          0      0.00      0.00      0.00      0.00      0.00    100.00
01:58:52          1      0.00      0.00      0.00      0.00      0.00    100.00
01:58:52          2      0.00      0.00      0.00      0.00      0.00    100.00
01:58:52          3      0.00      0.00      0.00      0.00      0.00    100.00
01:58:52          4      0.00      0.00      0.00      0.00      0.00    100.00
01:58:52          5      0.00      0.00      0.00      0.00      0.00    100.00
01:58:52          6      0.00      0.00      0.00      0.00      0.00    100.00
01:58:52          7      0.00      0.00      0.00      0.00      0.00    100.00
01:58:52          8      0.00      0.00      0.00      0.00      0.00    100.00
01:58:52          9      0.00      0.00      0.00      0.00      0.00    100.00
01:58:52         10      0.00      0.00      0.00      0.00      0.00    100.00
01:58:52         11      0.00      0.00      0.00      0.00      0.00    100.00
01:58:52         12      0.00      0.00      0.00      0.00      0.00    100.00
01:58:52         13      0.00      0.00      0.00      0.00      0.00    100.00
01:58:52         14      0.00      0.00      0.00      0.00      0.00    100.00
01:58:52         15      0.00      0.00      0.00      0.00      0.00    100.00
01:58:52         16      0.00      0.00      0.00      0.00      0.00    100.00
01:58:52         17      0.00      0.00      0.00      0.00      0.00    100.00
01:58:52         18      0.00      0.00      0.00      0.00      0.00    100.00
01:58:52         19      0.00      0.00      0.00      0.00      0.00    100.00
01:58:52         20      0.00      0.00      0.00      0.00      0.00    100.00
01:58:52         21      0.00      0.00      0.00      0.00      0.00    100.00
01:58:52         22      0.00      0.00      0.00      0.00      0.00    100.00
01:58:52         23      0.00      0.00      0.00      0.00      0.00    100.00
01:58:52         24      0.00      0.00      0.00      0.00      0.00    100.00
01:58:52         25      0.00      0.00      0.00      0.00      0.00    100.00
01:58:52         26      0.00      0.00      0.00      0.00      0.00    100.00
01:58:52         27      0.00      0.00      0.00      0.00      0.00    100.00
01:58:52         28      0.00      0.00      0.00      0.00      0.00    100.00
01:58:52         29      0.00      0.00      0.00      0.00      0.00    100.00
01:58:52         30      0.00      0.00      0.00      0.00      0.00    100.00
01:58:52         31      0.00      0.00      0.00      0.00      0.00    100.00
01:58:52         32      0.00      0.00      0.00      0.00      0.00    100.00
01:58:52         33      0.00      0.00      0.00      0.00      0.00    100.00
01:58:52         34      0.00      0.00      0.00      0.00      0.00    100.00
01:58:52         35      0.00      0.00      0.00      0.00      0.00    100.00
01:58:52         36      0.00      0.00      0.00      0.00      0.00    100.00
01:58:52         37      0.00      0.00      0.00      0.00      0.00    100.00
01:58:52         38      0.00      0.00      0.00      0.00      0.00    100.00
01:58:52         39      0.00      0.00      0.00      0.00      0.00    100.00

01:58:52        CPU     %user     %nice   %system   %iowait    %steal     %idle
01:58:53        all      0.00      0.00      0.00      0.13      0.00     99.87
01:58:53          0      0.00      0.00      0.00      0.00      0.00    100.00
01:58:53          1      0.00      0.00      0.00      0.00      0.00    100.00
01:58:53          2      0.00      0.00      0.00      0.00      0.00    100.00
01:58:53          3      0.00      0.00      0.00      0.00      0.00    100.00
01:58:53          4      0.00      0.00      0.00      0.00      0.00    100.00
01:58:53          5      0.00      0.00      0.00      0.00      0.00    100.00
01:58:53          6      0.00      0.00      0.00      0.00      0.00    100.00
01:58:53          7      0.00      0.00      0.00      0.00      0.00    100.00
01:58:53          8      0.00      0.00      0.00      0.00      0.00    100.00
01:58:53          9      0.00      0.00      0.00      0.00      0.00    100.00
01:58:53         10      0.00      0.00      0.00      0.00      0.00    100.00
01:58:53         11      0.00      0.00      0.00      0.00      0.00    100.00
01:58:53         12      0.00      0.00      0.00      0.00      0.00    100.00
01:58:53         13      0.00      0.00      0.00      0.00      0.00    100.00
01:58:53         14      0.00      0.00      0.00      2.97      0.00     97.03
01:58:53         15      0.00      0.00      0.00      0.00      0.00    100.00
01:58:53         16      0.00      0.00      0.00      0.00      0.00    100.00
01:58:53         17      0.00      0.00      0.00      0.00      0.00    100.00
01:58:53         18      0.00      0.00      0.00      0.00      0.00    100.00
01:58:53         19      0.00      0.00      0.00      0.00      0.00    100.00
01:58:53         20      0.00      0.00      0.00      0.00      0.00    100.00
01:58:53         21      0.00      0.00      0.99      2.97      0.00     96.04
01:58:53         22      0.00      0.00      0.00      0.00      0.00    100.00
01:58:53         23      0.00      0.00      0.00      0.00      0.00    100.00
01:58:53         24      0.00      0.00      0.00      0.00      0.00    100.00
01:58:53         25      0.00      0.00      0.00      0.00      0.00    100.00
01:58:53         26      0.00      0.00      0.00      0.00      0.00    100.00
01:58:53         27      0.00      0.00      0.00      0.00      0.00    100.00
01:58:53         28      0.00      0.00      0.00      0.00      0.00    100.00
01:58:53         29      0.00      0.00      0.00      0.00      0.00    100.00
01:58:53         30      0.00      0.00      0.00      0.00      0.00    100.00
01:58:53         31      0.00      0.00      0.00      0.00      0.00    100.00
01:58:53         32      0.00      0.00      0.00      0.00      0.00    100.00
01:58:53         33      0.00      0.00      0.00      0.00      0.00    100.00
01:58:53         34      0.00      0.00      0.00      0.00      0.00    100.00
01:58:53         35      0.00      0.00      0.00      0.00      0.00    100.00
01:58:53         36      0.00      0.00      0.00      0.00      0.00    100.00
01:58:53         37      0.00      0.00      0.00      0.00      0.00    100.00
01:58:53         38      0.00      0.00      0.00      0.00      0.00    100.00
01:58:53         39      0.00      0.00      0.00      0.00      0.00    100.00

01:58:53        CPU     %user     %nice   %system   %iowait    %steal     %idle
01:58:54        all      0.03      0.00      0.03      0.00      0.00     99.95
01:58:54          0      0.00      0.00      0.00      0.00      0.00    100.00
01:58:54          1      0.00      0.00      0.00      0.00      0.00    100.00
01:58:54          2      0.00      0.00      0.00      0.00      0.00    100.00
01:58:54          3      0.00      0.00      0.00      0.00      0.00    100.00
01:58:54          4      0.00      0.00      0.00      0.00      0.00    100.00
01:58:54          5      0.00      0.00      0.00      0.00      0.00    100.00
01:58:54          6      0.00      0.00      0.00      0.00      0.00    100.00
01:58:54          7      0.00      0.00      1.00      0.00      0.00     99.00
01:58:54          8      0.00      0.00      0.00      0.00      0.00    100.00
01:58:54          9      0.00      0.00      0.00      0.00      0.00    100.00
01:58:54         10      0.00      0.00      0.00      0.00      0.00    100.00
01:58:54         11      0.00      0.00      0.00      0.00      0.00    100.00
01:58:54         12      0.00      0.00      0.00      0.00      0.00    100.00
01:58:54         13      0.00      0.00      0.00      0.00      0.00    100.00
01:58:54         14      0.00      0.00      0.00      0.00      0.00    100.00
01:58:54         15      0.00      0.00      0.00      0.00      0.00    100.00
01:58:54         16      0.00      0.00      0.00      0.00      0.00    100.00
01:58:54         17      0.00      0.00      0.00      0.00      0.00    100.00
01:58:54         18      0.00      0.00      0.00      0.00      0.00    100.00
01:58:54         19      0.00      0.00      0.00      0.00      0.00    100.00
01:58:54         20      0.00      0.00      0.00      0.00      0.00    100.00
01:58:54         21      0.00      0.00      0.00      0.00      0.00    100.00
01:58:54         22      0.00      0.00      0.00      0.00      0.00    100.00
01:58:54         23      0.00      0.00      0.00      0.00      0.00    100.00
01:58:54         24      0.00      0.00      0.00      0.00      0.00    100.00
01:58:54         25      0.00      0.00      0.00      0.00      0.00    100.00
01:58:54         26      0.00      0.00      0.00      0.00      0.00    100.00
01:58:54         27      0.00      0.00      0.00      0.00      0.00    100.00
01:58:54         28      0.00      0.00      0.00      0.00      0.00    100.00
01:58:54         29      0.00      0.00      0.00      0.00      0.00    100.00
01:58:54         30      0.00      0.00      0.00      0.00      0.00    100.00
01:58:54         31      0.00      0.00      0.00      0.00      0.00    100.00
01:58:54         32      0.00      0.00      0.00      0.00      0.00    100.00
01:58:54         33      0.00      0.00      0.00      0.00      0.00    100.00
01:58:54         34      0.00      0.00      0.00      0.00      0.00    100.00
01:58:54         35      0.00      0.00      0.00      0.00      0.00    100.00
01:58:54         36      0.00      0.00      0.00      0.00      0.00    100.00
01:58:54         37      0.00      0.00      0.00      0.00      0.00    100.00
01:58:54         38      0.00      0.00      0.00      0.00      0.00    100.00
01:58:54         39      0.00      0.00      0.00      0.00      0.00    100.00

01:58:54        CPU     %user     %nice   %system   %iowait    %steal     %idle
01:58:55        all      0.00      0.00      0.00      0.00      0.00    100.00
01:58:55          0      0.00      0.00      0.00      0.00      0.00    100.00
01:58:55          1      0.00      0.00      0.00      0.00      0.00    100.00
01:58:55          2      0.00      0.00      0.00      0.00      0.00    100.00
01:58:55          3      0.00      0.00      0.00      0.00      0.00    100.00
01:58:55          4      0.00      0.00      0.00      0.00      0.00    100.00
01:58:55          5      0.00      0.00      0.00      0.00      0.00    100.00
01:58:55          6      0.00      0.00      0.00      0.00      0.00    100.00
01:58:55          7      0.00      0.00      0.00      0.00      0.00    100.00
01:58:55          8      0.00      0.00      0.00      0.00      0.00    100.00
01:58:55          9      0.00      0.00      0.00      0.00      0.00    100.00
01:58:55         10      0.00      0.00      0.00      0.00      0.00    100.00
01:58:55         11      0.00      0.00      0.00      0.00      0.00    100.00
01:58:55         12      0.00      0.00      0.00      0.00      0.00    100.00
01:58:55         13      0.00      0.00      0.00      0.00      0.00    100.00
01:58:55         14      0.00      0.00      0.00      0.00      0.00    100.00
01:58:55         15      0.00      0.00      0.00      0.00      0.00    100.00
01:58:55         16      0.00      0.00      0.00      0.00      0.00    100.00
01:58:55         17      0.00      0.00      0.00      0.00      0.00    100.00
01:58:55         18      0.00      0.00      0.00      0.00      0.00    100.00
01:58:55         19      0.00      0.00      0.00      0.00      0.00    100.00
01:58:55         20      0.00      0.00      0.00      0.00      0.00    100.00
01:58:55         21      0.00      0.00      0.00      0.00      0.00    100.00
01:58:55         22      0.00      0.00      0.00      0.00      0.00    100.00
01:58:55         23      0.00      0.00      0.00      0.00      0.00    100.00
01:58:55         24      0.00      0.00      0.00      0.00      0.00    100.00
01:58:55         25      0.00      0.00      0.00      0.00      0.00    100.00
01:58:55         26      0.00      0.00      0.00      0.00      0.00    100.00
01:58:55         27      0.00      0.00      0.00      0.00      0.00    100.00
01:58:55         28      0.00      0.00      0.00      0.00      0.00    100.00
01:58:55         29      0.00      0.00      0.00      0.00      0.00    100.00
01:58:55         30      0.00      0.00      0.00      0.00      0.00    100.00
01:58:55         31      0.00      0.00      0.00      0.00      0.00    100.00
01:58:55         32      0.00      0.00      0.00      0.00      0.00    100.00
01:58:55         33      0.00      0.00      0.00      0.00      0.00    100.00
01:58:55         34      0.00      0.00      0.00      0.00      0.00    100.00
01:58:55         35      0.00      0.00      0.00      0.00      0.00    100.00
01:58:55         36      0.00      0.00      0.00      0.00      0.00    100.00
01:58:55         37      0.00      0.00      0.00      0.00      0.00    100.00
01:58:55         38      0.00      0.00      0.00      0.00      0.00    100.00
01:58:55         39      0.00      0.00      0.00      0.00      0.00    100.00

01:58:55        CPU     %user     %nice   %system   %iowait    %steal     %idle
01:58:56        all      0.00      0.00      0.00      0.00      0.00    100.00
01:58:56          0      0.00      0.00      0.00      0.00      0.00    100.00
01:58:56          1      0.00      0.00      0.00      0.00      0.00    100.00
01:58:56          2      0.00      0.00      0.00      0.00      0.00    100.00
01:58:56          3      0.00      0.00      0.00      0.00      0.00    100.00
01:58:56          4      0.00      0.00      0.00      0.00      0.00    100.00
01:58:56          5      0.00      0.00      0.00      0.00      0.00    100.00
01:58:56          6      0.00      0.00      0.00      0.00      0.00    100.00
01:58:56          7      0.00      0.00      0.00      0.00      0.00    100.00
01:58:56          8      0.00      0.00      0.00      0.00      0.00    100.00
01:58:56          9      0.00      0.00      0.00      0.00      0.00    100.00
01:58:56         10      0.00      0.00      0.00      0.00      0.00    100.00
01:58:56         11      0.00      0.00      0.00      0.00      0.00    100.00
01:58:56         12      0.00      0.00      0.00      0.00      0.00    100.00
01:58:56         13      0.00      0.00      0.00      0.00      0.00    100.00
01:58:56         14      0.00      0.00      0.00      0.00      0.00    100.00
01:58:56         15      0.00      0.00      0.00      0.00      0.00    100.00
01:58:56         16      0.00      0.00      0.00      0.00      0.00    100.00
01:58:56         17      0.00      0.00      0.00      0.00      0.00    100.00
01:58:56         18      0.00      0.00      0.00      0.00      0.00    100.00
01:58:56         19      0.00      0.00      0.00      0.00      0.00    100.00
01:58:56         20      0.00      0.00      0.00      0.00      0.00    100.00
01:58:56         21      0.00      0.00      0.00      0.00      0.00    100.00
01:58:56         22      0.00      0.00      0.00      0.00      0.00    100.00
01:58:56         23      0.00      0.00      0.00      0.00      0.00    100.00
01:58:56         24      0.00      0.00      0.00      0.00      0.00    100.00
01:58:56         25      0.00      0.00      0.00      0.00      0.00    100.00
01:58:56         26      0.00      0.00      0.00      0.00      0.00    100.00
01:58:56         27      0.00      0.00      0.00      0.00      0.00    100.00
01:58:56         28      0.00      0.00      0.00      0.00      0.00    100.00
01:58:56         29      0.00      0.00      0.00      0.00      0.00    100.00
01:58:56         30      0.00      0.00      0.00      0.00      0.00    100.00
01:58:56         31      0.00      0.00      0.00      0.00      0.00    100.00
01:58:56         32      0.00      0.00      0.00      0.00      0.00    100.00
01:58:56         33      0.00      0.00      0.00      0.00      0.00    100.00
01:58:56         34      0.00      0.00      0.00      0.00      0.00    100.00
01:58:56         35      0.00      0.00      0.00      0.00      0.00    100.00
01:58:56         36      0.00      0.00      0.00      0.00      0.00    100.00
01:58:56         37      0.00      0.00      0.00      0.00      0.00    100.00
01:58:56         38      0.00      0.00      0.00      0.00      0.00    100.00
01:58:56         39      0.00      0.00      0.00      0.00      0.00    100.00

01:58:56        CPU     %user     %nice   %system   %iowait    %steal     %idle
01:58:57        all      0.00      0.00      0.00      0.00      0.00    100.00
01:58:57          0      0.00      0.00      0.00      0.00      0.00    100.00
01:58:57          1      0.00      0.00      0.00      0.00      0.00    100.00
01:58:57          2      0.00      0.00      0.00      0.00      0.00    100.00
01:58:57          3      0.00      0.00      0.00      0.00      0.00    100.00
01:58:57          4      0.00      0.00      0.00      0.00      0.00    100.00
01:58:57          5      0.00      0.00      0.00      0.00      0.00    100.00
01:58:57          6      0.00      0.00      0.00      0.00      0.00    100.00
01:58:57          7      0.00      0.00      0.00      0.00      0.00    100.00
01:58:57          8      0.00      0.00      0.00      0.00      0.00    100.00
01:58:57          9      0.00      0.00      0.00      0.00      0.00    100.00
01:58:57         10      0.00      0.00      0.00      0.00      0.00    100.00
01:58:57         11      0.00      0.00      0.00      0.00      0.00    100.00
01:58:57         12      0.00      0.00      0.00      0.00      0.00    100.00
01:58:57         13      0.00      0.00      0.00      0.00      0.00    100.00
01:58:57         14      0.00      0.00      0.00      0.00      0.00    100.00
01:58:57         15      0.00      0.00      0.00      0.00      0.00    100.00
01:58:57         16      0.00      0.00      0.00      0.00      0.00    100.00
01:58:57         17      0.00      0.00      0.00      0.00      0.00    100.00
01:58:57         18      0.00      0.00      0.00      0.00      0.00    100.00
01:58:57         19      0.00      0.00      0.00      0.00      0.00    100.00
01:58:57         20      0.00      0.00      0.00      0.00      0.00    100.00
01:58:57         21      0.00      0.00      0.00      0.00      0.00    100.00
01:58:57         22      0.00      0.00      0.00      0.00      0.00    100.00
01:58:57         23      0.00      0.00      0.00      0.00      0.00    100.00
01:58:57         24      0.00      0.00      0.00      0.00      0.00    100.00
01:58:57         25      0.00      0.00      0.00      0.00      0.00    100.00
01:58:57         26      0.00      0.00      0.00      0.00      0.00    100.00
01:58:57         27      0.00      0.00      0.00      0.00      0.00    100.00
01:58:57         28      0.00      0.00      0.00      0.00      0.00    100.00
01:58:57         29      0.00      0.00      0.00      0.00      0.00    100.00
01:58:57         30      0.00      0.00      0.00      0.00      0.00    100.00
01:58:57         31      0.00      0.00      0.00      0.00      0.00    100.00
01:58:57         32      0.00      0.00      0.00      0.00      0.00    100.00
01:58:57         33      0.00      0.00      0.00      0.00      0.00    100.00
01:58:57         34      0.00      0.00      0.00      0.00      0.00    100.00
01:58:57         35      0.00      0.00      0.00      0.00      0.00    100.00
01:58:57         36      0.00      0.00      0.00      0.00      0.00    100.00
01:58:57         37      0.00      0.00      0.00      0.00      0.00    100.00
01:58:57         38      0.00      0.00      0.00      0.00      0.00    100.00
01:58:57         39      0.00      0.00      0.00      0.00      0.00    100.00

01:58:57        CPU     %user     %nice   %system   %iowait    %steal     %idle
01:58:58        all      0.00      0.00      0.00      0.00      0.00    100.00
01:58:58          0      0.00      0.00      0.00      0.00      0.00    100.00
01:58:58          1      0.00      0.00      0.00      0.00      0.00    100.00
01:58:58          2      0.00      0.00      0.00      0.00      0.00    100.00
01:58:58          3      0.00      0.00      0.00      0.00      0.00    100.00
01:58:58          4      0.00      0.00      0.00      0.00      0.00    100.00
01:58:58          5      0.00      0.00      0.00      0.00      0.00    100.00
01:58:58          6      0.00      0.00      0.00      0.00      0.00    100.00
01:58:58          7      0.00      0.00      0.00      0.00      0.00    100.00
01:58:58          8      0.00      0.00      0.00      0.00      0.00    100.00
01:58:58          9      0.00      0.00      0.00      0.00      0.00    100.00
01:58:58         10      0.00      0.00      0.00      0.00      0.00    100.00
01:58:58         11      0.00      0.00      0.00      0.00      0.00    100.00
01:58:58         12      0.00      0.00      0.00      0.00      0.00    100.00
01:58:58         13      0.00      0.00      0.00      0.00      0.00    100.00
01:58:58         14      0.00      0.00      0.00      0.00      0.00    100.00
01:58:58         15      0.00      0.00      0.00      0.00      0.00    100.00
01:58:58         16      0.00      0.00      0.00      0.00      0.00    100.00
01:58:58         17      0.00      0.00      0.00      0.00      0.00    100.00
01:58:58         18      0.00      0.00      0.00      0.00      0.00    100.00
01:58:58         19      0.00      0.00      0.00      0.00      0.00    100.00
01:58:58         20      0.00      0.00      0.00      0.00      0.00    100.00
01:58:58         21      0.00      0.00      0.00      0.00      0.00    100.00
01:58:58         22      0.00      0.00      0.00      0.00      0.00    100.00
01:58:58         23      0.00      0.00      0.00      0.00      0.00    100.00
01:58:58         24      0.00      0.00      0.00      0.00      0.00    100.00
01:58:58         25      0.00      0.00      0.00      0.00      0.00    100.00
01:58:58         26      0.00      0.00      0.00      0.00      0.00    100.00
01:58:58         27      0.00      0.00      0.00      0.00      0.00    100.00
01:58:58         28      0.00      0.00      0.00      0.00      0.00    100.00
01:58:58         29      0.00      0.00      0.00      0.00      0.00    100.00
01:58:58         30      0.00      0.00      0.00      0.00      0.00    100.00
01:58:58         31      0.00      0.00      0.00      0.00      0.00    100.00
01:58:58         32      0.00      0.00      0.00      0.00      0.00    100.00
01:58:58         33      0.00      0.00      0.00      0.00      0.00    100.00
01:58:58         34      0.00      0.00      0.00      0.00      0.00    100.00
01:58:58         35      0.00      0.00      0.00      0.00      0.00    100.00
01:58:58         36      0.00      0.00      0.00      0.00      0.00    100.00
01:58:58         37      0.00      0.00      0.00      0.00      0.00    100.00
01:58:58         38      0.00      0.00      0.00      0.00      0.00    100.00
01:58:58         39      0.00      0.00      0.00      0.00      0.00    100.00

01:58:58        CPU     %user     %nice   %system   %iowait    %steal     %idle
01:58:59        all      0.40      0.00      0.08      0.00      0.00     99.52
01:58:59          0      0.00      0.00      0.00      0.00      0.00    100.00
01:58:59          1      1.00      0.00      0.00      0.00      0.00     99.00
01:58:59          2      0.00      0.00      0.00      0.00      0.00    100.00
01:58:59          3      0.00      0.00      0.00      0.00      0.00    100.00
01:58:59          4      0.00      0.00      0.00      0.00      0.00    100.00
01:58:59          5      0.00      0.00      0.00      0.00      0.00    100.00
01:58:59          6      0.00      0.00      0.00      0.00      0.00    100.00
01:58:59          7      0.00      0.00      0.00      0.00      0.00    100.00
01:58:59          8      0.00      0.00      0.00      0.00      0.00    100.00
01:58:59          9      0.00      0.00      0.00      0.00      0.00    100.00
01:58:59         10      0.00      0.00      0.00      0.00      0.00    100.00
01:58:59         11      0.00      0.00      0.00      0.00      0.00    100.00
01:58:59         12      0.00      0.00      0.00      0.00      0.00    100.00
01:58:59         13      0.99      0.00      0.00      0.00      0.00     99.01
01:58:59         14      0.00      0.00      0.00      0.00      0.00    100.00
01:58:59         15      0.00      0.00      0.00      0.00      0.00    100.00
01:58:59         16      0.00      0.00      0.00      0.00      0.00    100.00
01:58:59         17      0.00      0.00      0.00      0.00      0.00    100.00
01:58:59         18      0.00      0.00      0.00      0.00      0.00    100.00
01:58:59         19      0.00      0.00      0.00      0.00      0.00    100.00
01:58:59         20      0.00      0.00      0.00      0.00      0.00    100.00
01:58:59         21     11.00      0.00      1.00      0.00      0.00     88.00
01:58:59         22      0.00      0.00      0.00      0.00      0.00    100.00
01:58:59         23      0.00      0.00      0.00      0.00      0.00    100.00
01:58:59         24      0.00      0.00      0.00      0.00      0.00    100.00
01:58:59         25      0.00      0.00      0.00      0.00      0.00    100.00
01:58:59         26      0.00      0.00      0.00      0.00      0.00    100.00
01:58:59         27      0.00      0.00      0.00      0.00      0.00    100.00
01:58:59         28      1.00      0.00      0.00      0.00      0.00     99.00
01:58:59         29      0.00      0.00      0.00      0.00      0.00    100.00
01:58:59         30      0.00      0.00      0.00      0.00      0.00    100.00
01:58:59         31      0.00      0.00      0.00      0.00      0.00    100.00
01:58:59         32      2.00      0.00      0.00      0.00      0.00     98.00
01:58:59         33      0.00      0.00      0.00      0.00      0.00    100.00
01:58:59         34      0.00      0.00      0.00      0.00      0.00    100.00
01:58:59         35      0.00      0.00      0.00      0.00      0.00    100.00
01:58:59         36      0.00      0.00      0.00      0.00      0.00    100.00
01:58:59         37      0.00      0.00      0.00      0.00      0.00    100.00
01:58:59         38      0.00      0.00      0.00      0.00      0.00    100.00
01:58:59         39      0.00      0.00      0.99      0.00      0.00     99.01

01:58:59        CPU     %user     %nice   %system   %iowait    %steal     %idle
01:59:00        all      1.25      0.00      0.43      0.03      0.00     98.30
01:59:00          0      0.00      0.00      0.00      0.00      0.00    100.00
01:59:00          1      4.04      0.00      1.01      0.00      0.00     94.95
01:59:00          2      0.00      0.00      0.99      0.00      0.00     99.01
01:59:00          3      0.00      0.00      0.00      0.00      0.00    100.00
01:59:00          4      0.00      0.00      0.00      0.00      0.00    100.00
01:59:00          5      6.00      0.00      1.00      0.00      0.00     93.00
01:59:00          6      0.00      0.00      0.00      0.00      0.00    100.00
01:59:00          7      0.00      0.00      0.00      0.00      0.00    100.00
01:59:00          8      0.00      0.00      0.00      0.00      0.00    100.00
01:59:00          9      0.00      0.00      0.99      0.00      0.00     99.01
01:59:00         10      0.00      0.00      0.00      0.00      0.00    100.00
01:59:00         11      0.00      0.00      0.99      0.00      0.00     99.01
01:59:00         12      0.00      0.00      0.00      0.00      0.00    100.00
01:59:00         13      0.00      0.00      0.00      0.00      0.00    100.00
01:59:00         14      0.00      0.00      0.00      0.00      0.00    100.00
01:59:00         15      0.00      0.00      0.00      0.00      0.00    100.00
01:59:00         16      0.98      0.00      1.96      0.00      0.00     97.06
01:59:00         17      0.00      0.00      0.00      0.00      0.00    100.00
01:59:00         18      0.00      0.00      0.00      0.00      0.00    100.00
01:59:00         19      0.00      0.00      0.00      0.00      0.00    100.00
01:59:00         20      0.00      0.00      0.00      0.00      0.00    100.00
01:59:00         21     39.00      0.00      6.00      0.00      0.00     55.00
01:59:00         22      0.00      0.00      1.00      0.00      0.00     99.00
01:59:00         23      0.00      0.00      0.00      0.00      0.00    100.00
01:59:00         24      0.00      0.00      0.00      0.00      0.00    100.00
01:59:00         25      0.00      0.00      0.00      0.00      0.00    100.00
01:59:00         26      0.99      0.00      0.99      0.00      0.00     98.02
01:59:00         27      0.00      0.00      0.00      0.00      0.00    100.00
01:59:00         28      0.00      0.00      1.00      0.00      0.00     99.00
01:59:00         29      0.00      0.00      0.99      0.00      0.00     99.01
01:59:00         30      0.00      0.00      0.00      0.00      0.00    100.00
01:59:00         31      0.00      0.00      0.00      0.00      0.00    100.00
01:59:00         32      0.00      0.00      0.00      0.00      0.00    100.00
01:59:00         33      0.00      0.00      0.00      0.00      0.00    100.00
01:59:00         34      0.00      0.00      0.00      0.00      0.00    100.00
01:59:00         35      0.00      0.00      0.00      0.00      0.00    100.00
01:59:00         36      0.00      0.00      0.00      0.00      0.00    100.00
01:59:00         37      0.00      0.00      0.00      0.00      0.00    100.00
01:59:00         38      0.00      0.00      0.00      0.00      0.00    100.00
01:59:00         39      0.00      0.00      0.00      1.01      0.00     98.99

01:59:00        CPU     %user     %nice   %system   %iowait    %steal     %idle
01:59:01        all      0.03      0.00      0.00      0.00      0.00     99.98
01:59:01          0      0.00      0.00      0.00      0.00      0.00    100.00
01:59:01          1      0.00      0.00      0.00      0.00      0.00    100.00
01:59:01          2      0.00      0.00      0.00      0.00      0.00    100.00
01:59:01          3      0.00      0.00      0.00      0.00      0.00    100.00
01:59:01          4      0.00      0.00      0.00      0.00      0.00    100.00
01:59:01          5      0.00      0.00      0.00      0.00      0.00    100.00
01:59:01          6      0.00      0.00      0.00      0.00      0.00    100.00
01:59:01          7      0.00      0.00      0.00      0.00      0.00    100.00
01:59:01          8      0.00      0.00      0.00      0.00      0.00    100.00
01:59:01          9      0.00      0.00      0.00      0.00      0.00    100.00
01:59:01         10      0.00      0.00      0.00      0.00      0.00    100.00
01:59:01         11      0.00      0.00      0.00      0.00      0.00    100.00
01:59:01         12      0.00      0.00      0.00      0.00      0.00    100.00
01:59:01         13      0.00      0.00      0.00      0.00      0.00    100.00
01:59:01         14      0.00      0.00      0.00      0.00      0.00    100.00
01:59:01         15      0.00      0.00      0.00      0.00      0.00    100.00
01:59:01         16      0.00      0.00      0.00      0.00      0.00    100.00
01:59:01         17      0.00      0.00      0.00      0.00      0.00    100.00
01:59:01         18      0.00      0.00      0.00      0.00      0.00    100.00
01:59:01         19      0.00      0.00      0.00      0.00      0.00    100.00
01:59:01         20      0.00      0.00      0.00      0.00      0.00    100.00
01:59:01         21      0.00      0.00      0.00      0.00      0.00    100.00
01:59:01         22      0.00      0.00      0.00      0.00      0.00    100.00
01:59:01         23      0.00      0.00      0.00      0.00      0.00    100.00
01:59:01         24      0.00      0.00      0.00      0.00      0.00    100.00
01:59:01         25      0.00      0.00      0.00      0.00      0.00    100.00
01:59:01         26      0.00      0.00      0.00      0.00      0.00    100.00
01:59:01         27      0.00      0.00      0.00      0.00      0.00    100.00
01:59:01         28      0.00      0.00      0.00      0.00      0.00    100.00
01:59:01         29      0.00      0.00      0.00      0.00      0.00    100.00
01:59:01         30      0.00      0.00      0.00      0.00      0.00    100.00
01:59:01         31      0.00      0.00      0.00      0.00      0.00    100.00
01:59:01         32      0.00      0.00      0.00      0.00      0.00    100.00
01:59:01         33      0.00      0.00      0.00      0.00      0.00    100.00
01:59:01         34      0.00      0.00      0.00      0.00      0.00    100.00
01:59:01         35      0.00      0.00      0.00      0.00      0.00    100.00
01:59:01         36      0.00      0.00      0.00      0.00      0.00    100.00
01:59:01         37      0.00      0.00      0.00      0.00      0.00    100.00
01:59:01         38      0.00      0.00      0.00      0.00      0.00    100.00
01:59:01         39      0.00      0.00      0.00      0.00      0.00    100.00

01:59:01        CPU     %user     %nice   %system   %iowait    %steal     %idle
01:59:02        all      0.53      0.00      0.13      0.30      0.00     99.05
01:59:02          0      0.00      0.00      0.00      0.00      0.00    100.00
01:59:02          1      0.00      0.00      1.00      7.00      0.00     92.00
01:59:02          2      0.00      0.00      0.00      0.00      0.00    100.00
01:59:02          3      0.00      0.00      0.00      0.00      0.00    100.00
01:59:02          4      0.00      0.00      0.00      0.00      0.00    100.00
01:59:02          5      0.00      0.00      0.00      0.00      0.00    100.00
01:59:02          6      0.00      0.00      0.00      0.00      0.00    100.00
01:59:02          7      1.00      0.00      0.00      0.00      0.00     99.00
01:59:02          8     12.87      0.00      0.99      0.00      0.00     86.14
01:59:02          9      0.00      0.00      0.00      0.00      0.00    100.00
01:59:02         10      0.00      0.00      0.00      0.00      0.00    100.00
01:59:02         11      0.99      0.00      0.00      0.00      0.00     99.01
01:59:02         12      0.00      0.00      0.00      0.00      0.00    100.00
01:59:02         13      0.00      0.00      0.00      0.00      0.00    100.00
01:59:02         14      0.00      0.00      1.00      0.00      0.00     99.00
01:59:02         15      0.99      0.00      0.00      0.00      0.00     99.01
01:59:02         16      0.00      0.00      0.00      0.00      0.00    100.00
01:59:02         17      0.00      0.00      0.00      0.00      0.00    100.00
01:59:02         18      0.00      0.00      0.00      0.00      0.00    100.00
01:59:02         19      0.00      0.00      0.00      0.00      0.00    100.00
01:59:02         20      0.00      0.00      0.00      4.95      0.00     95.05
01:59:02         21      0.00      0.00      0.00      0.00      0.00    100.00
01:59:02         22      0.00      0.00      0.00      0.00      0.00    100.00
01:59:02         23      0.00      0.00      0.00      0.00      0.00    100.00
01:59:02         24      0.00      0.00      0.00      0.00      0.00    100.00
01:59:02         25      0.00      0.00      0.99      0.00      0.00     99.01
01:59:02         26      0.00      0.00      0.00      0.00      0.00    100.00
01:59:02         27      0.00      0.00      0.00      0.00      0.00    100.00
01:59:02         28      5.00      0.00      0.00      0.00      0.00     95.00
01:59:02         29      0.99      0.00      0.00      0.00      0.00     99.01
01:59:02         30      0.00      0.00      0.00      0.00      0.00    100.00
01:59:02         31      0.00      0.00      0.00      0.00      0.00    100.00
01:59:02         32      0.00      0.00      0.00      0.00      0.00    100.00
01:59:02         33      0.00      0.00      0.00      0.00      0.00    100.00
01:59:02         34      0.00      0.00      0.00      0.00      0.00    100.00
01:59:02         35      0.00      0.00      0.00      0.00      0.00    100.00
01:59:02         36      0.00      0.00      0.00      0.00      0.00    100.00
01:59:02         37      0.00      0.00      0.00      0.00      0.00    100.00
01:59:02         38      0.00      0.00      0.00      0.00      0.00    100.00
01:59:02         39      0.00      0.00      0.00      0.00      0.00    100.00
