Linux 6.6.23 (eternity2) 	05/24/25 	_x86_64_	(40 CPU)

01:58:35    kbmemfree   kbavail kbmemused  %memused kbbuffers  kbcached  kbcommit   %commit  kbactive   kbinact   kbdirty
01:58:36     64258020  64010332   1350932      2.06       244    237448   2079852      3.12     52252    281144      4436
01:58:37     64258828  64011140   1350124      2.06       244    237452   2079852      3.12     52248    280616       392
01:58:38     64258828  64011140   1350124      2.06       244    237456   2079852      3.12     52248    280616       404
01:58:39     64259276  64011588   1349676      2.06       244    237460   2079852      3.12     52248    280616       408
01:58:40     64259276  64011588   1349676      2.06       244    237460   2079852      3.12     52248    280616       408
01:58:41     64259276  64011588   1349676      2.06       244    237464   2079852      3.12     52248    280616       412
01:58:42     64259276  64011588   1349676      2.06       244    237464   2079852      3.12     52248    280616       412
01:58:43     64259276  64011588   1349676      2.06       244    237464   2079852      3.12     52248    280616       412
01:58:44     64259276  64011588   1349676      2.06       244    237468   2079852      3.12     52248    280616       416
01:58:45     64259276  64011588   1349676      2.06       244    237468   2079852      3.12     52248    280616       416
01:58:46     64259276  64011588   1349676      2.06       244    237468   2079852      3.12     52248    280616       416
01:58:47     64259276  64011588   1349676      2.06       244    237468   2079852      3.12     52248    280616       416
01:58:48     64259276  64011588   1349676      2.06       244    237468   2079852      3.12     52248    280616       416
01:58:49     64258676  64011020   1350276      2.06       244    237552   2088064      3.13     52368    291660      1952
01:58:50     64267068  64019448   1341884      2.05       244    237592   2079852      3.12     52292    280804      2456
01:58:51     64267068  64019448   1341884      2.05       244    237592   2079852      3.12     52292    280804      2456
01:58:52     64267068  64019448   1341884      2.05       244    237592   2079852      3.12     52292    280804       656
01:58:53     64267068  64019448   1341884      2.05       244    237592   2079852      3.12     52292    280804       660
01:58:54     64267068  64019448   1341884      2.05       244    237592   2079852      3.12     52292    280804       660
01:58:55     64266828  64019212   1342124      2.05       244    237620   2079852      3.12     52296    280804        52
01:58:56     64266892  64019276   1342060      2.05       244    237624   2079852      3.12     52296    280804        56
01:58:57     64266892  64019276   1342060      2.05       244    237624   2079852      3.12     52296    280804        56
01:58:58     64266892  64019276   1342060      2.05       244    237624   2079852      3.12     52296    280804        56
01:58:59     64264856  64017260   1344096      2.05       244    237644   2081516      3.13     52304    282368      1204
01:59:00     64265384  64017856   1343568      2.05       244    237780   2079852      3.12     52364    280928      1376
01:59:01     64264408  64016816   1344544      2.05       244    237784   2082196      3.13     52364    281364      1380
