Linux 6.6.23 (eternity2) 	05/24/25 	_x86_64_	(40 CPU)

01:46:21    kbmemfree   kbavail kbmemused  %memused kbbuffers  kbcached  kbcommit   %commit  kbactive   kbinact   kbdirty
01:46:22     64274972  64025600   1333980      2.03       244    234896   2079544      3.12     52748    277340      4360
01:46:23     64275228  64025856   1333724      2.03       244    234900   2079544      3.12     52740    277240       312
01:46:24     64275228  64025856   1333724      2.03       244    234900   2079544      3.12     52740    277240       320
01:46:25     64275228  64025860   1333724      2.03       244    234908   2079544      3.12     52740    277300       328
01:46:26     64275228  64025860   1333724      2.03       244    234908   2079544      3.12     52740    277300       328
01:46:27     64275228  64025860   1333724      2.03       244    234908   2079544      3.12     52740    277300       328
01:46:28     64275300  64025932   1333652      2.03       244    234920   2079544      3.12     52740    277300       344
01:46:29     64275300  64025932   1333652      2.03       244    234924   2079544      3.12     52740    277300       360
01:46:30     64275300  64025932   1333652      2.03       244    234932   2079544      3.12     52740    277300       368
01:46:31     64275300  64025932   1333652      2.03       244    234932   2079544      3.12     52740    277300       368
01:46:32     64275300  64025932   1333652      2.03       244    234932   2079544      3.12     52740    277300       368
01:46:33     64275300  64025932   1333652      2.03       244    234932   2079544      3.12     52740    277300       368
01:46:34     64275300  64025932   1333652      2.03       244    234932   2080716      3.12     52740    277300       348
01:46:35     64258208  64008868   1350744      2.06       244    234964   2090784      3.14     52824    289728      1432
01:46:36     64269548  64020280   1339404      2.04       244    235108   2079544      3.12     52788    277472      2596
01:46:37     64269548  64020280   1339404      2.04       244    235108   2079544      3.12     52788    277472      2596
01:46:38     64269548  64020280   1339404      2.04       244    235112   2079544      3.12     52788    277472      2600
01:46:39     64269548  64020280   1339404      2.04       244    235112   2079544      3.12     52788    277472        64
01:46:40     64269548  64020280   1339404      2.04       244    235112   2079544      3.12     52788    277472        68
01:46:41     64269548  64020280   1339404      2.04       244    235112   2079544      3.12     52788    277472        68
01:46:42     64269548  64020280   1339404      2.04       244    235112   2079544      3.12     52788    277472        68
01:46:43     64269548  64020280   1339404      2.04       244    235112   2079544      3.12     52788    277472        68
01:46:44     64269548  64020280   1339404      2.04       244    235112   2079544      3.12     52788    277472        68
01:46:45     64271044  64021796   1337908      2.04       244    235152   2079544      3.12     52820    279892      1172
01:46:46     64270552  64021304   1338400      2.04       244    235148   2079544      3.12     52880    278816      1472
01:46:47     64269796  64020564   1339156      2.04       244    235152   2081004      3.12     52884    279288      1496
