Linux 6.6.23 (eternity2) 	05/24/25 	_x86_64_	(40 CPU)

01:46:19        CPU     %user     %nice   %system   %iowait    %steal     %idle
01:46:20        all      2.00      0.00      0.65      0.75      0.00     96.59
01:46:20          0      1.02      0.00      0.00      0.00      0.00     98.98
01:46:20          1      0.00      0.00      1.01      3.03      0.00     95.96
01:46:20          2      5.00      0.00      1.00     12.00      0.00     82.00
01:46:20          3      1.01      0.00      0.00      0.00      0.00     98.99
01:46:20          4      3.00      0.00      2.00      8.00      0.00     87.00
01:46:20          5      0.00      0.00      1.00      0.00      0.00     99.00
01:46:20          6      0.00      0.00      0.00      0.00      0.00    100.00
01:46:20          7      0.00      0.00      0.00      2.00      0.00     98.00
01:46:20          8      0.00      0.00      1.00      0.00      0.00     99.00
01:46:20          9      0.00      0.00      0.00      5.10      0.00     94.90
01:46:20         10      7.07      0.00      1.01      0.00      0.00     91.92
01:46:20         11      0.00      0.00      0.00      0.00      0.00    100.00
01:46:20         12      0.99      0.00      0.99      0.00      0.00     98.02
01:46:20         13      3.92      0.00      1.96      0.00      0.00     94.12
01:46:20         14      0.00      0.00      0.00      0.00      0.00    100.00
01:46:20         15      1.00      0.00      0.00      0.00      0.00     99.00
01:46:20         16      5.05      0.00      0.00      0.00      0.00     94.95
01:46:20         17      0.00      0.00      0.00      0.00      0.00    100.00
01:46:20         18      0.00      0.00      0.00      0.00      0.00    100.00
01:46:20         19      0.00      0.00      0.00      0.00      0.00    100.00
01:46:20         20      0.00      0.00      0.00      0.00      0.00    100.00
01:46:20         21      0.00      0.00      1.00      0.00      0.00     99.00
01:46:20         22      0.99      0.00      0.99      0.00      0.00     98.02
01:46:20         23      0.00      0.00      0.99      0.00      0.00     99.01
01:46:20         24      0.00      0.00      0.00      0.00      0.00    100.00
01:46:20         25      0.00      0.00      0.00      0.00      0.00    100.00
01:46:20         26      0.00      0.00      1.00      0.00      0.00     99.00
01:46:20         27      0.00      0.00      0.99      0.00      0.00     99.01
01:46:20         28      0.00      0.00      0.00      0.00      0.00    100.00
01:46:20         29      0.00      0.00      0.00      0.00      0.00    100.00
01:46:20         30      0.00      0.00      0.00      0.00      0.00    100.00
01:46:20         31      0.00      0.00      0.00      0.00      0.00    100.00
01:46:20         32      0.00      0.00      0.00      0.00      0.00    100.00
01:46:20         33     49.00      0.00      8.00      0.00      0.00     43.00
01:46:20         34      1.02      0.00      0.00      0.00      0.00     98.98
01:46:20         35      0.00      0.00      1.00      0.00      0.00     99.00
01:46:20         36      0.00      0.00      1.00      0.00      0.00     99.00
01:46:20         37      0.00      0.00      0.00      0.00      0.00    100.00
01:46:20         38      1.02      0.00      0.00      0.00      0.00     98.98
01:46:20         39      0.00      0.00      1.00      0.00      0.00     99.00

01:46:20        CPU     %user     %nice   %system   %iowait    %steal     %idle
01:46:21        all      1.90      0.00      0.38      0.00      0.00     97.72
01:46:21          0      1.00      0.00      1.00      0.00      0.00     98.00
01:46:21          1      3.00      0.00      0.00      0.00      0.00     97.00
01:46:21          2      0.00      0.00      0.00      0.00      0.00    100.00
01:46:21          3      0.00      0.00      0.00      0.00      0.00    100.00
01:46:21          4      0.00      0.00      0.00      0.00      0.00    100.00
01:46:21          5      6.93      0.00      0.99      0.00      0.00     92.08
01:46:21          6      0.00      0.00      1.00      0.00      0.00     99.00
01:46:21          7      0.00      0.00      0.00      0.00      0.00    100.00
01:46:21          8      0.00      0.00      0.99      0.00      0.00     99.01
01:46:21          9      0.98      0.00      1.96      0.00      0.00     97.06
01:46:21         10     46.00      0.00      7.00      0.00      0.00     47.00
01:46:21         11      0.00      0.00      0.00      0.00      0.00    100.00
01:46:21         12      0.00      0.00      0.00      0.00      0.00    100.00
01:46:21         13      0.00      0.00      0.00      0.00      0.00    100.00
01:46:21         14      1.00      0.00      0.00      0.00      0.00     99.00
01:46:21         15      0.00      0.00      0.00      0.00      0.00    100.00
01:46:21         16     12.00      0.00      1.00      0.00      0.00     87.00
01:46:21         17      0.00      0.00      0.00      0.00      0.00    100.00
01:46:21         18      0.00      0.00      0.00      0.00      0.00    100.00
01:46:21         19      0.00      0.00      0.00      0.00      0.00    100.00
01:46:21         20      0.00      0.00      0.00      0.00      0.00    100.00
01:46:21         21      0.00      0.00      0.00      0.00      0.00    100.00
01:46:21         22      0.00      0.00      0.00      0.00      0.00    100.00
01:46:21         23      0.00      0.00      0.00      0.00      0.00    100.00
01:46:21         24      0.00      0.00      0.00      0.00      0.00    100.00
01:46:21         25      0.00      0.00      0.00      0.00      0.00    100.00
01:46:21         26      0.00      0.00      1.01      0.00      0.00     98.99
01:46:21         27      1.00      0.00      0.00      0.00      0.00     99.00
01:46:21         28      0.00      0.00      0.00      0.00      0.00    100.00
01:46:21         29      0.00      0.00      0.00      0.00      0.00    100.00
01:46:21         30      1.01      0.00      0.00      0.00      0.00     98.99
01:46:21         31      0.00      0.00      0.00      0.00      0.00    100.00
01:46:21         32      0.00      0.00      0.00      0.00      0.00    100.00
01:46:21         33      0.00      0.00      0.00      0.00      0.00    100.00
01:46:21         34      1.00      0.00      0.00      0.00      0.00     99.00
01:46:21         35      0.00      0.00      0.00      0.00      0.00    100.00
01:46:21         36      0.00      0.00      0.00      0.00      0.00    100.00
01:46:21         37      0.00      0.00      0.00      0.00      0.00    100.00
01:46:21         38      0.00      0.00      0.99      0.00      0.00     99.01
01:46:21         39      0.00      0.00      0.00      0.00      0.00    100.00

01:46:21        CPU     %user     %nice   %system   %iowait    %steal     %idle
01:46:22        all      1.23      0.00      0.38      0.08      0.00     98.32
01:46:22          0      0.00      0.00      0.00      2.00      0.00     98.00
01:46:22          1      0.00      0.00      0.00      2.02      0.00     97.98
01:46:22          2      0.00      0.00      0.00      0.00      0.00    100.00
01:46:22          3      0.00      0.00      0.00      0.00      0.00    100.00
01:46:22          4      0.00      0.00      0.00      0.00      0.00    100.00
01:46:22          5      1.00      0.00      0.00      0.00      0.00     99.00
01:46:22          6      0.00      0.00      0.00      0.00      0.00    100.00
01:46:22          7      1.00      0.00      0.00      0.00      0.00     99.00
01:46:22          8      0.00      0.00      0.00      0.00      0.00    100.00
01:46:22          9      0.00      0.00      0.00      0.00      0.00    100.00
01:46:22         10      0.00      0.00      0.00      0.00      0.00    100.00
01:46:22         11      0.00      0.00      0.00      0.00      0.00    100.00
01:46:22         12      0.00      0.00      0.00      0.00      0.00    100.00
01:46:22         13      0.00      0.00      0.00      0.00      0.00    100.00
01:46:22         14      0.00      0.00      0.00      0.00      0.00    100.00
01:46:22         15      0.00      0.00      1.00      0.00      0.00     99.00
01:46:22         16     35.00      0.00      7.00      0.00      0.00     58.00
01:46:22         17      0.00      0.00      0.00      0.00      0.00    100.00
01:46:22         18      0.00      0.00      0.00      0.00      0.00    100.00
01:46:22         19      0.00      0.00      0.00      0.00      0.00    100.00
01:46:22         20      0.00      0.00      0.00      0.00      0.00    100.00
01:46:22         21      0.00      0.00      0.00      0.00      0.00    100.00
01:46:22         22      0.99      0.00      0.00      0.00      0.00     99.01
01:46:22         23      6.00      0.00      1.00      0.00      0.00     93.00
01:46:22         24      0.00      0.00      1.00      0.00      0.00     99.00
01:46:22         25      0.00      0.00      0.00      0.00      0.00    100.00
01:46:22         26      1.00      0.00      0.00      0.00      0.00     99.00
01:46:22         27      0.00      0.00      0.00      0.00      0.00    100.00
01:46:22         28      0.00      0.00      1.00      0.00      0.00     99.00
01:46:22         29      0.00      0.00      1.98      0.00      0.00     98.02
01:46:22         30      0.00      0.00      0.00      0.00      0.00    100.00
01:46:22         31      0.00      0.00      0.00      0.00      0.00    100.00
01:46:22         32      0.00      0.00      0.00      0.00      0.00    100.00
01:46:22         33      0.00      0.00      0.00      0.00      0.00    100.00
01:46:22         34      0.00      0.00      0.00      0.00      0.00    100.00
01:46:22         35      0.00      0.00      0.00      0.00      0.00    100.00
01:46:22         36      4.04      0.00      0.00      0.00      0.00     95.96
01:46:22         37      0.00      0.00      0.00      0.00      0.00    100.00
01:46:22         38      0.00      0.00      0.00      0.00      0.00    100.00
01:46:22         39      0.00      0.00      0.00      0.00      0.00    100.00

01:46:22        CPU     %user     %nice   %system   %iowait    %steal     %idle
01:46:23        all      0.00      0.00      0.03      0.00      0.00     99.98
01:46:23          0      0.00      0.00      0.00      0.00      0.00    100.00
01:46:23          1      0.00      0.00      0.00      0.00      0.00    100.00
01:46:23          2      0.00      0.00      0.00      0.00      0.00    100.00
01:46:23          3      0.00      0.00      0.00      0.00      0.00    100.00
01:46:23          4      0.00      0.00      0.00      0.00      0.00    100.00
01:46:23          5      0.00      0.00      0.00      0.00      0.00    100.00
01:46:23          6      0.00      0.00      0.00      0.00      0.00    100.00
01:46:23          7      0.00      0.00      0.99      0.00      0.00     99.01
01:46:23          8      0.00      0.00      0.00      0.00      0.00    100.00
01:46:23          9      0.00      0.00      0.00      0.00      0.00    100.00
01:46:23         10      0.00      0.00      0.00      0.00      0.00    100.00
01:46:23         11      0.00      0.00      0.00      0.00      0.00    100.00
01:46:23         12      0.00      0.00      0.99      0.00      0.00     99.01
01:46:23         13      0.00      0.00      0.00      0.00      0.00    100.00
01:46:23         14      0.00      0.00      0.00      0.00      0.00    100.00
01:46:23         15      0.00      0.00      0.00      0.00      0.00    100.00
01:46:23         16      0.00      0.00      0.00      0.00      0.00    100.00
01:46:23         17      0.00      0.00      0.00      0.00      0.00    100.00
01:46:23         18      0.00      0.00      0.00      0.00      0.00    100.00
01:46:23         19      0.00      0.00      0.00      0.00      0.00    100.00
01:46:23         20      0.00      0.00      0.00      0.00      0.00    100.00
01:46:23         21      0.00      0.00      0.00      0.00      0.00    100.00
01:46:23         22      0.00      0.00      0.00      0.00      0.00    100.00
01:46:23         23      0.00      0.00      0.00      0.00      0.00    100.00
01:46:23         24      0.00      0.00      0.00      0.00      0.00    100.00
01:46:23         25      0.00      0.00      0.00      0.00      0.00    100.00
01:46:23         26      0.00      0.00      0.00      0.00      0.00    100.00
01:46:23         27      0.00      0.00      0.00      0.00      0.00    100.00
01:46:23         28      0.00      0.00      0.00      0.00      0.00    100.00
01:46:23         29      0.00      0.00      0.00      0.00      0.00    100.00
01:46:23         30      0.00      0.00      0.00      0.00      0.00    100.00
01:46:23         31      0.00      0.00      0.00      0.00      0.00    100.00
01:46:23         32      0.00      0.00      0.00      0.00      0.00    100.00
01:46:23         33      0.00      0.00      0.00      0.00      0.00    100.00
01:46:23         34      0.00      0.00      0.00      0.00      0.00    100.00
01:46:23         35      0.00      0.00      0.00      0.00      0.00    100.00
01:46:23         36      0.00      0.00      0.00      0.00      0.00    100.00
01:46:23         37      0.00      0.00      0.00      0.00      0.00    100.00
01:46:23         38      0.00      0.00      0.00      0.00      0.00    100.00
01:46:23         39      0.00      0.00      0.00      0.00      0.00    100.00

01:46:23        CPU     %user     %nice   %system   %iowait    %steal     %idle
01:46:24        all      0.00      0.00      0.03      0.00      0.00     99.97
01:46:24          0      0.00      0.00      0.00      0.00      0.00    100.00
01:46:24          1      0.00      0.00      0.00      0.00      0.00    100.00
01:46:24          2      0.00      0.00      0.00      0.00      0.00    100.00
01:46:24          3      0.00      0.00      0.00      0.00      0.00    100.00
01:46:24          4      0.00      0.00      0.00      0.00      0.00    100.00
01:46:24          5      0.00      0.00      0.00      0.00      0.00    100.00
01:46:24          6      0.00      0.00      0.00      0.00      0.00    100.00
01:46:24          7      0.00      0.00      0.00      0.00      0.00    100.00
01:46:24          8      0.00      0.00      0.00      0.00      0.00    100.00
01:46:24          9      0.00      0.00      0.00      0.00      0.00    100.00
01:46:24         10      0.00      0.00      0.00      0.00      0.00    100.00
01:46:24         11      0.00      0.00      0.00      0.00      0.00    100.00
01:46:24         12      0.99      0.00      0.00      0.00      0.00     99.01
01:46:24         13      0.00      0.00      0.00      0.00      0.00    100.00
01:46:24         14      0.00      0.00      0.00      0.00      0.00    100.00
01:46:24         15      0.00      0.00      0.00      0.00      0.00    100.00
01:46:24         16      0.00      0.00      0.00      0.00      0.00    100.00
01:46:24         17      0.00      0.00      0.00      0.00      0.00    100.00
01:46:24         18      0.00      0.00      0.00      0.00      0.00    100.00
01:46:24         19      0.00      0.00      0.00      0.00      0.00    100.00
01:46:24         20      0.00      0.00      0.00      0.00      0.00    100.00
01:46:24         21      0.00      0.00      0.00      0.00      0.00    100.00
01:46:24         22      0.00      0.00      0.00      0.00      0.00    100.00
01:46:24         23      0.00      0.00      0.00      0.00      0.00    100.00
01:46:24         24      0.00      0.00      0.00      0.00      0.00    100.00
01:46:24         25      0.00      0.00      0.00      0.00      0.00    100.00
01:46:24         26      0.00      0.00      0.00      0.00      0.00    100.00
01:46:24         27      0.00      0.00      0.00      0.00      0.00    100.00
01:46:24         28      0.00      0.00      0.00      0.00      0.00    100.00
01:46:24         29      0.00      0.00      0.00      0.00      0.00    100.00
01:46:24         30      0.00      0.00      0.00      0.00      0.00    100.00
01:46:24         31      0.00      0.00      0.00      0.00      0.00    100.00
01:46:24         32      0.00      0.00      0.00      0.00      0.00    100.00
01:46:24         33      0.00      0.00      0.00      0.00      0.00    100.00
01:46:24         34      0.00      0.00      0.00      0.00      0.00    100.00
01:46:24         35      0.00      0.00      0.00      0.00      0.00    100.00
01:46:24         36      0.00      0.00      0.00      0.00      0.00    100.00
01:46:24         37      0.00      0.00      0.00      0.00      0.00    100.00
01:46:24         38      0.00      0.00      0.00      0.00      0.00    100.00
01:46:24         39      0.00      0.00      0.00      0.00      0.00    100.00

01:46:24        CPU     %user     %nice   %system   %iowait    %steal     %idle
01:46:25        all      0.00      0.00      0.00      0.00      0.00    100.00
01:46:25          0      0.00      0.00      0.00      0.00      0.00    100.00
01:46:25          1      0.00      0.00      0.00      0.00      0.00    100.00
01:46:25          2      0.00      0.00      0.00      0.00      0.00    100.00
01:46:25          3      0.00      0.00      0.00      0.00      0.00    100.00
01:46:25          4      0.00      0.00      0.00      0.00      0.00    100.00
01:46:25          5      0.00      0.00      0.00      0.00      0.00    100.00
01:46:25          6      0.00      0.00      0.00      0.00      0.00    100.00
01:46:25          7      0.00      0.00      0.00      0.00      0.00    100.00
01:46:25          8      0.00      0.00      0.00      0.00      0.00    100.00
01:46:25          9      0.00      0.00      0.00      0.00      0.00    100.00
01:46:25         10      0.00      0.00      0.00      0.00      0.00    100.00
01:46:25         11      0.00      0.00      0.00      0.00      0.00    100.00
01:46:25         12      0.00      0.00      0.00      0.00      0.00    100.00
01:46:25         13      0.00      0.00      0.00      0.00      0.00    100.00
01:46:25         14      0.00      0.00      0.00      0.00      0.00    100.00
01:46:25         15      0.00      0.00      0.00      0.00      0.00    100.00
01:46:25         16      0.00      0.00      0.00      0.00      0.00    100.00
01:46:25         17      0.00      0.00      0.00      0.00      0.00    100.00
01:46:25         18      0.00      0.00      0.00      0.00      0.00    100.00
01:46:25         19      0.00      0.00      0.00      0.00      0.00    100.00
01:46:25         20      0.00      0.00      0.00      0.00      0.00    100.00
01:46:25         21      0.00      0.00      0.00      0.00      0.00    100.00
01:46:25         22      0.00      0.00      0.00      0.00      0.00    100.00
01:46:25         23      0.00      0.00      0.00      0.00      0.00    100.00
01:46:25         24      0.00      0.00      0.00      0.00      0.00    100.00
01:46:25         25      0.00      0.00      0.00      0.00      0.00    100.00
01:46:25         26      0.00      0.00      0.00      0.00      0.00    100.00
01:46:25         27      0.00      0.00      0.00      0.00      0.00    100.00
01:46:25         28      0.00      0.00      0.00      0.00      0.00    100.00
01:46:25         29      0.00      0.00      0.00      0.00      0.00    100.00
01:46:25         30      0.00      0.00      0.00      0.00      0.00    100.00
01:46:25         31      0.00      0.00      0.00      0.00      0.00    100.00
01:46:25         32      0.00      0.00      0.00      0.00      0.00    100.00
01:46:25         33      0.00      0.00      0.00      0.00      0.00    100.00
01:46:25         34      0.00      0.00      0.00      0.00      0.00    100.00
01:46:25         35      0.00      0.00      0.00      0.00      0.00    100.00
01:46:25         36      0.00      0.00      0.00      0.00      0.00    100.00
01:46:25         37      0.00      0.00      0.00      0.00      0.00    100.00
01:46:25         38      0.00      0.00      0.00      0.00      0.00    100.00
01:46:25         39      0.00      0.00      0.00      0.00      0.00    100.00

01:46:25        CPU     %user     %nice   %system   %iowait    %steal     %idle
01:46:26        all      0.00      0.00      0.00      0.00      0.00    100.00
01:46:26          0      0.00      0.00      0.00      0.00      0.00    100.00
01:46:26          1      0.00      0.00      0.00      0.00      0.00    100.00
01:46:26          2      0.00      0.00      0.00      0.00      0.00    100.00
01:46:26          3      0.00      0.00      0.00      0.00      0.00    100.00
01:46:26          4      0.00      0.00      0.00      0.00      0.00    100.00
01:46:26          5      0.00      0.00      0.00      0.00      0.00    100.00
01:46:26          6      0.00      0.00      0.00      0.00      0.00    100.00
01:46:26          7      0.00      0.00      0.00      0.00      0.00    100.00
01:46:26          8      0.00      0.00      0.00      0.00      0.00    100.00
01:46:26          9      0.00      0.00      0.00      0.00      0.00    100.00
01:46:26         10      0.00      0.00      0.00      0.00      0.00    100.00
01:46:26         11      0.00      0.00      0.00      0.00      0.00    100.00
01:46:26         12      0.00      0.00      0.00      0.00      0.00    100.00
01:46:26         13      0.00      0.00      0.00      0.00      0.00    100.00
01:46:26         14      0.00      0.00      0.00      0.00      0.00    100.00
01:46:26         15      0.00      0.00      0.00      0.00      0.00    100.00
01:46:26         16      0.00      0.00      0.00      0.00      0.00    100.00
01:46:26         17      0.00      0.00      0.00      0.00      0.00    100.00
01:46:26         18      0.00      0.00      0.00      0.00      0.00    100.00
01:46:26         19      0.00      0.00      0.00      0.00      0.00    100.00
01:46:26         20      0.00      0.00      0.00      0.00      0.00    100.00
01:46:26         21      0.00      0.00      0.00      0.00      0.00    100.00
01:46:26         22      0.00      0.00      0.00      0.00      0.00    100.00
01:46:26         23      0.00      0.00      0.00      0.00      0.00    100.00
01:46:26         24      0.00      0.00      0.00      0.00      0.00    100.00
01:46:26         25      0.00      0.00      0.00      0.00      0.00    100.00
01:46:26         26      0.00      0.00      0.00      0.00      0.00    100.00
01:46:26         27      0.00      0.00      0.00      0.00      0.00    100.00
01:46:26         28      0.00      0.00      0.00      0.00      0.00    100.00
01:46:26         29      0.00      0.00      0.00      0.00      0.00    100.00
01:46:26         30      0.00      0.00      0.00      0.00      0.00    100.00
01:46:26         31      0.00      0.00      0.00      0.00      0.00    100.00
01:46:26         32      0.00      0.00      0.00      0.00      0.00    100.00
01:46:26         33      0.00      0.00      0.00      0.00      0.00    100.00
01:46:26         34      0.00      0.00      0.00      0.00      0.00    100.00
01:46:26         35      0.00      0.00      0.00      0.00      0.00    100.00
01:46:26         36      0.00      0.00      0.00      0.00      0.00    100.00
01:46:26         37      0.00      0.00      0.00      0.00      0.00    100.00
01:46:26         38      0.00      0.00      0.00      0.00      0.00    100.00
01:46:26         39      0.00      0.00      0.00      0.00      0.00    100.00

01:46:26        CPU     %user     %nice   %system   %iowait    %steal     %idle
01:46:27        all      0.05      0.00      0.00      0.00      0.00     99.95
01:46:27          0      0.00      0.00      0.00      0.00      0.00    100.00
01:46:27          1      0.00      0.00      0.00      0.00      0.00    100.00
01:46:27          2      0.00      0.00      0.00      0.00      0.00    100.00
01:46:27          3      0.00      0.00      0.00      0.00      0.00    100.00
01:46:27          4      0.00      0.00      0.00      0.00      0.00    100.00
01:46:27          5      0.00      0.00      0.00      0.00      0.00    100.00
01:46:27          6      0.00      0.00      0.00      0.00      0.00    100.00
01:46:27          7      0.00      0.00      0.00      0.00      0.00    100.00
01:46:27          8      0.00      0.00      0.00      0.00      0.00    100.00
01:46:27          9      0.00      0.00      0.00      0.00      0.00    100.00
01:46:27         10      0.00      0.00      0.00      0.00      0.00    100.00
01:46:27         11      0.00      0.00      0.00      0.00      0.00    100.00
01:46:27         12      0.00      0.00      0.99      0.00      0.00     99.01
01:46:27         13      0.99      0.00      0.00      0.00      0.00     99.01
01:46:27         14      0.00      0.00      0.00      0.00      0.00    100.00
01:46:27         15      0.00      0.00      0.00      0.00      0.00    100.00
01:46:27         16      0.00      0.00      0.00      0.00      0.00    100.00
01:46:27         17      0.00      0.00      0.00      0.00      0.00    100.00
01:46:27         18      0.00      0.00      0.00      0.00      0.00    100.00
01:46:27         19      0.00      0.00      0.00      0.00      0.00    100.00
01:46:27         20      0.00      0.00      0.00      0.00      0.00    100.00
01:46:27         21      0.00      0.00      0.00      0.00      0.00    100.00
01:46:27         22      0.00      0.00      0.00      0.00      0.00    100.00
01:46:27         23      0.00      0.00      0.00      0.00      0.00    100.00
01:46:27         24      0.00      0.00      0.00      0.00      0.00    100.00
01:46:27         25      0.00      0.00      0.00      0.00      0.00    100.00
01:46:27         26      0.00      0.00      0.00      0.00      0.00    100.00
01:46:27         27      0.00      0.00      0.00      0.00      0.00    100.00
01:46:27         28      0.00      0.00      0.00      0.00      0.00    100.00
01:46:27         29      0.00      0.00      0.00      0.00      0.00    100.00
01:46:27         30      0.00      0.00      0.00      0.00      0.00    100.00
01:46:27         31      0.00      0.00      0.00      0.00      0.00    100.00
01:46:27         32      0.00      0.00      0.00      0.00      0.00    100.00
01:46:27         33      0.00      0.00      0.00      0.00      0.00    100.00
01:46:27         34      0.00      0.00      0.00      0.00      0.00    100.00
01:46:27         35      0.00      0.00      0.00      0.00      0.00    100.00
01:46:27         36      0.00      0.00      0.00      0.00      0.00    100.00
01:46:27         37      0.00      0.00      0.00      0.00      0.00    100.00
01:46:27         38      0.00      0.00      0.00      0.00      0.00    100.00
01:46:27         39      0.00      0.00      0.00      0.00      0.00    100.00

01:46:27        CPU     %user     %nice   %system   %iowait    %steal     %idle
01:46:28        all      0.02      0.00      0.02      0.00      0.00     99.95
01:46:28          0      0.00      0.00      0.00      0.00      0.00    100.00
01:46:28          1      0.00      0.00      0.00      0.00      0.00    100.00
01:46:28          2      0.00      0.00      0.00      0.00      0.00    100.00
01:46:28          3      0.00      0.00      0.00      0.00      0.00    100.00
01:46:28          4      0.00      0.00      0.00      0.00      0.00    100.00
01:46:28          5      0.00      0.00      0.00      0.00      0.00    100.00
01:46:28          6      0.00      0.00      0.00      0.00      0.00    100.00
01:46:28          7      0.00      0.00      0.00      0.00      0.00    100.00
01:46:28          8      0.00      0.00      0.00      0.00      0.00    100.00
01:46:28          9      0.00      0.00      0.00      0.00      0.00    100.00
01:46:28         10      0.00      0.00      0.00      0.00      0.00    100.00
01:46:28         11      0.00      0.00      0.00      0.00      0.00    100.00
01:46:28         12      0.00      0.00      0.00      0.00      0.00    100.00
01:46:28         13      0.00      0.00      0.00      0.00      0.00    100.00
01:46:28         14      0.00      0.00      0.00      0.00      0.00    100.00
01:46:28         15      0.00      0.00      0.00      0.00      0.00    100.00
01:46:28         16      0.00      0.00      0.00      0.00      0.00    100.00
01:46:28         17      0.00      0.00      0.00      0.00      0.00    100.00
01:46:28         18      0.00      0.00      0.00      0.00      0.00    100.00
01:46:28         19      0.00      0.00      0.00      0.00      0.00    100.00
01:46:28         20      0.00      0.00      0.00      0.00      0.00    100.00
01:46:28         21      0.00      0.00      0.00      0.00      0.00    100.00
01:46:28         22      0.00      0.00      0.00      0.00      0.00    100.00
01:46:28         23      0.00      0.00      0.00      0.00      0.00    100.00
01:46:28         24      0.00      0.00      0.00      0.00      0.00    100.00
01:46:28         25      0.00      0.00      0.00      0.00      0.00    100.00
01:46:28         26      0.00      0.00      0.00      0.00      0.00    100.00
01:46:28         27      0.00      0.00      0.00      0.00      0.00    100.00
01:46:28         28      0.00      0.00      0.00      0.00      0.00    100.00
01:46:28         29      0.00      0.00      0.00      0.00      0.00    100.00
01:46:28         30      0.00      0.00      0.00      0.00      0.00    100.00
01:46:28         31      0.00      0.00      0.00      0.00      0.00    100.00
01:46:28         32      0.00      0.00      0.00      0.00      0.00    100.00
01:46:28         33      0.00      0.00      0.00      0.00      0.00    100.00
01:46:28         34      0.00      0.00      0.00      0.00      0.00    100.00
01:46:28         35      0.00      0.00      0.00      0.00      0.00    100.00
01:46:28         36      0.00      0.00      0.00      0.00      0.00    100.00
01:46:28         37      0.00      0.00      0.00      0.00      0.00    100.00
01:46:28         38      0.99      0.00      0.00      0.00      0.00     99.01
01:46:28         39      0.00      0.00      0.00      0.00      0.00    100.00

01:46:28        CPU     %user     %nice   %system   %iowait    %steal     %idle
01:46:29        all      0.00      0.00      0.03      0.00      0.00     99.97
01:46:29          0      0.00      0.00      0.00      0.00      0.00    100.00
01:46:29          1      0.00      0.00      0.00      0.00      0.00    100.00
01:46:29          2      0.00      0.00      0.00      0.00      0.00    100.00
01:46:29          3      0.00      0.00      0.00      0.00      0.00    100.00
01:46:29          4      0.00      0.00      0.00      0.00      0.00    100.00
01:46:29          5      0.00      0.00      0.00      0.00      0.00    100.00
01:46:29          6      0.00      0.00      0.00      0.00      0.00    100.00
01:46:29          7      0.00      0.00      0.00      0.00      0.00    100.00
01:46:29          8      0.00      0.00      0.00      0.00      0.00    100.00
01:46:29          9      0.00      0.00      0.00      0.00      0.00    100.00
01:46:29         10      0.00      0.00      0.00      0.00      0.00    100.00
01:46:29         11      0.00      0.00      0.00      0.00      0.00    100.00
01:46:29         12      0.00      0.00      0.00      0.00      0.00    100.00
01:46:29         13      0.00      0.00      0.00      0.00      0.00    100.00
01:46:29         14      0.00      0.00      0.00      0.00      0.00    100.00
01:46:29         15      0.00      0.00      0.00      0.00      0.00    100.00
01:46:29         16      0.00      0.00      0.00      0.00      0.00    100.00
01:46:29         17      0.00      0.00      1.00      0.00      0.00     99.00
01:46:29         18      0.00      0.00      0.00      0.00      0.00    100.00
01:46:29         19      0.00      0.00      0.00      0.00      0.00    100.00
01:46:29         20      0.00      0.00      0.00      0.00      0.00    100.00
01:46:29         21      0.00      0.00      0.00      0.00      0.00    100.00
01:46:29         22      0.00      0.00      0.00      0.00      0.00    100.00
01:46:29         23      0.00      0.00      0.00      0.00      0.00    100.00
01:46:29         24      0.00      0.00      0.00      0.00      0.00    100.00
01:46:29         25      0.00      0.00      0.00      0.00      0.00    100.00
01:46:29         26      0.00      0.00      0.00      0.00      0.00    100.00
01:46:29         27      0.00      0.00      0.00      0.00      0.00    100.00
01:46:29         28      0.00      0.00      0.00      0.00      0.00    100.00
01:46:29         29      0.00      0.00      0.00      0.00      0.00    100.00
01:46:29         30      0.00      0.00      0.00      0.00      0.00    100.00
01:46:29         31      0.00      0.00      0.00      0.00      0.00    100.00
01:46:29         32      0.00      0.00      0.00      0.00      0.00    100.00
01:46:29         33      0.00      0.00      0.00      0.00      0.00    100.00
01:46:29         34      0.00      0.00      0.00      0.00      0.00    100.00
01:46:29         35      0.00      0.00      0.00      0.00      0.00    100.00
01:46:29         36      0.00      0.00      0.00      0.00      0.00    100.00
01:46:29         37      0.00      0.00      0.00      0.00      0.00    100.00
01:46:29         38      0.00      0.00      0.99      0.00      0.00     99.01
01:46:29         39      0.00      0.00      0.00      0.00      0.00    100.00

01:46:29        CPU     %user     %nice   %system   %iowait    %steal     %idle
01:46:30        all      0.00      0.00      0.00      0.00      0.00    100.00
01:46:30          0      0.00      0.00      0.00      0.00      0.00    100.00
01:46:30          1      0.00      0.00      0.00      0.00      0.00    100.00
01:46:30          2      0.00      0.00      0.00      0.00      0.00    100.00
01:46:30          3      0.00      0.00      0.00      0.00      0.00    100.00
01:46:30          4      0.00      0.00      0.00      0.00      0.00    100.00
01:46:30          5      0.00      0.00      0.00      0.00      0.00    100.00
01:46:30          6      0.00      0.00      0.00      0.00      0.00    100.00
01:46:30          7      0.00      0.00      0.00      0.00      0.00    100.00
01:46:30          8      0.00      0.00      0.00      0.00      0.00    100.00
01:46:30          9      0.00      0.00      0.00      0.00      0.00    100.00
01:46:30         10      0.00      0.00      0.00      0.00      0.00    100.00
01:46:30         11      0.00      0.00      0.00      0.00      0.00    100.00
01:46:30         12      0.00      0.00      0.00      0.00      0.00    100.00
01:46:30         13      0.00      0.00      0.00      0.00      0.00    100.00
01:46:30         14      0.00      0.00      0.00      0.00      0.00    100.00
01:46:30         15      0.00      0.00      0.00      0.00      0.00    100.00
01:46:30         16      0.00      0.00      0.00      0.00      0.00    100.00
01:46:30         17      0.00      0.00      0.00      0.00      0.00    100.00
01:46:30         18      0.00      0.00      0.00      0.00      0.00    100.00
01:46:30         19      0.00      0.00      0.00      0.00      0.00    100.00
01:46:30         20      0.00      0.00      0.00      0.00      0.00    100.00
01:46:30         21      0.00      0.00      0.00      0.00      0.00    100.00
01:46:30         22      0.00      0.00      0.00      0.00      0.00    100.00
01:46:30         23      0.00      0.00      0.00      0.00      0.00    100.00
01:46:30         24      0.00      0.00      0.00      0.00      0.00    100.00
01:46:30         25      0.00      0.00      0.00      0.00      0.00    100.00
01:46:30         26      0.00      0.00      0.00      0.00      0.00    100.00
01:46:30         27      0.00      0.00      0.00      0.00      0.00    100.00
01:46:30         28      0.00      0.00      0.00      0.00      0.00    100.00
01:46:30         29      0.00      0.00      0.00      0.00      0.00    100.00
01:46:30         30      0.00      0.00      0.00      0.00      0.00    100.00
01:46:30         31      0.00      0.00      0.00      0.00      0.00    100.00
01:46:30         32      0.00      0.00      0.00      0.00      0.00    100.00
01:46:30         33      0.00      0.00      0.00      0.00      0.00    100.00
01:46:30         34      0.00      0.00      0.00      0.00      0.00    100.00
01:46:30         35      0.00      0.00      0.00      0.00      0.00    100.00
01:46:30         36      0.00      0.00      0.00      0.00      0.00    100.00
01:46:30         37      0.00      0.00      0.00      0.00      0.00    100.00
01:46:30         38      0.00      0.00      0.00      0.00      0.00    100.00
01:46:30         39      0.00      0.00      0.00      0.00      0.00    100.00

01:46:30        CPU     %user     %nice   %system   %iowait    %steal     %idle
01:46:31        all      0.03      0.00      0.00      0.00      0.00     99.98
01:46:31          0      0.00      0.00      0.00      0.00      0.00    100.00
01:46:31          1      0.00      0.00      0.00      0.00      0.00    100.00
01:46:31          2      0.00      0.00      0.00      0.00      0.00    100.00
01:46:31          3      0.00      0.00      0.00      0.00      0.00    100.00
01:46:31          4      0.00      0.00      0.00      0.00      0.00    100.00
01:46:31          5      0.00      0.00      0.00      0.00      0.00    100.00
01:46:31          6      0.00      0.00      0.00      0.00      0.00    100.00
01:46:31          7      0.00      0.00      0.00      0.00      0.00    100.00
01:46:31          8      0.00      0.00      0.00      0.00      0.00    100.00
01:46:31          9      0.00      0.00      0.00      0.00      0.00    100.00
01:46:31         10      0.00      0.00      0.00      0.00      0.00    100.00
01:46:31         11      0.00      0.00      0.00      0.00      0.00    100.00
01:46:31         12      0.00      0.00      0.00      0.00      0.00    100.00
01:46:31         13      0.99      0.00      0.00      0.00      0.00     99.01
01:46:31         14      0.00      0.00      0.00      0.00      0.00    100.00
01:46:31         15      0.00      0.00      0.00      0.00      0.00    100.00
01:46:31         16      0.00      0.00      0.00      0.00      0.00    100.00
01:46:31         17      0.00      0.00      0.00      0.00      0.00    100.00
01:46:31         18      0.00      0.00      0.00      0.00      0.00    100.00
01:46:31         19      0.00      0.00      0.00      0.00      0.00    100.00
01:46:31         20      0.00      0.00      0.00      0.00      0.00    100.00
01:46:31         21      0.00      0.00      0.00      0.00      0.00    100.00
01:46:31         22      0.00      0.00      0.00      0.00      0.00    100.00
01:46:31         23      0.00      0.00      0.00      0.00      0.00    100.00
01:46:31         24      0.00      0.00      0.00      0.00      0.00    100.00
01:46:31         25      0.00      0.00      0.00      0.00      0.00    100.00
01:46:31         26      0.00      0.00      0.00      0.00      0.00    100.00
01:46:31         27      0.00      0.00      0.00      0.00      0.00    100.00
01:46:31         28      0.00      0.00      0.00      0.00      0.00    100.00
01:46:31         29      0.00      0.00      0.00      0.00      0.00    100.00
01:46:31         30      0.00      0.00      0.00      0.00      0.00    100.00
01:46:31         31      0.00      0.00      0.00      0.00      0.00    100.00
01:46:31         32      0.00      0.00      0.00      0.00      0.00    100.00
01:46:31         33      0.00      0.00      0.00      0.00      0.00    100.00
01:46:31         34      0.00      0.00      0.00      0.00      0.00    100.00
01:46:31         35      0.00      0.00      0.00      0.00      0.00    100.00
01:46:31         36      0.00      0.00      0.00      0.00      0.00    100.00
01:46:31         37      0.00      0.00      0.00      0.00      0.00    100.00
01:46:31         38      0.00      0.00      0.00      0.00      0.00    100.00
01:46:31         39      0.00      0.00      0.00      0.00      0.00    100.00

01:46:31        CPU     %user     %nice   %system   %iowait    %steal     %idle
01:46:32        all      0.00      0.00      0.00      0.00      0.00    100.00
01:46:32          0      0.00      0.00      0.00      0.00      0.00    100.00
01:46:32          1      0.00      0.00      0.00      0.00      0.00    100.00
01:46:32          2      0.00      0.00      0.00      0.00      0.00    100.00
01:46:32          3      0.00      0.00      0.00      0.00      0.00    100.00
01:46:32          4      0.00      0.00      0.00      0.00      0.00    100.00
01:46:32          5      0.00      0.00      0.00      0.00      0.00    100.00
01:46:32          6      0.00      0.00      0.00      0.00      0.00    100.00
01:46:32          7      0.00      0.00      0.00      0.00      0.00    100.00
01:46:32          8      0.00      0.00      0.00      0.00      0.00    100.00
01:46:32          9      0.00      0.00      0.00      0.00      0.00    100.00
01:46:32         10      0.00      0.00      0.00      0.00      0.00    100.00
01:46:32         11      0.00      0.00      0.00      0.00      0.00    100.00
01:46:32         12      0.00      0.00      0.00      0.00      0.00    100.00
01:46:32         13      0.00      0.00      0.00      0.00      0.00    100.00
01:46:32         14      0.00      0.00      0.00      0.00      0.00    100.00
01:46:32         15      0.00      0.00      0.00      0.00      0.00    100.00
01:46:32         16      0.00      0.00      0.00      0.00      0.00    100.00
01:46:32         17      0.99      0.00      0.00      0.00      0.00     99.01
01:46:32         18      0.00      0.00      0.00      0.00      0.00    100.00
01:46:32         19      0.00      0.00      0.00      0.00      0.00    100.00
01:46:32         20      0.00      0.00      0.00      0.00      0.00    100.00
01:46:32         21      0.00      0.00      0.00      0.00      0.00    100.00
01:46:32         22      0.00      0.00      0.00      0.00      0.00    100.00
01:46:32         23      0.00      0.00      0.00      0.00      0.00    100.00
01:46:32         24      0.00      0.00      0.00      0.00      0.00    100.00
01:46:32         25      0.00      0.00      0.00      0.00      0.00    100.00
01:46:32         26      0.00      0.00      0.00      0.00      0.00    100.00
01:46:32         27      0.00      0.00      0.00      0.00      0.00    100.00
01:46:32         28      0.00      0.00      0.00      0.00      0.00    100.00
01:46:32         29      0.00      0.00      0.00      0.00      0.00    100.00
01:46:32         30      0.00      0.00      0.00      0.00      0.00    100.00
01:46:32         31      0.00      0.00      0.00      0.00      0.00    100.00
01:46:32         32      0.00      0.00      0.00      0.00      0.00    100.00
01:46:32         33      0.00      0.00      0.00      0.00      0.00    100.00
01:46:32         34      0.00      0.00      0.00      0.00      0.00    100.00
01:46:32         35      0.00      0.00      0.00      0.00      0.00    100.00
01:46:32         36      0.00      0.00      0.00      0.00      0.00    100.00
01:46:32         37      0.00      0.00      0.00      0.00      0.00    100.00
01:46:32         38      0.00      0.00      0.00      0.00      0.00    100.00
01:46:32         39      0.00      0.00      0.00      0.00      0.00    100.00

01:46:32        CPU     %user     %nice   %system   %iowait    %steal     %idle
01:46:33        all      0.03      0.00      0.00      0.03      0.00     99.95
01:46:33          0      0.00      0.00      0.00      0.00      0.00    100.00
01:46:33          1      0.00      0.00      0.00      0.00      0.00    100.00
01:46:33          2      0.00      0.00      0.00      0.00      0.00    100.00
01:46:33          3      0.00      0.00      0.00      0.00      0.00    100.00
01:46:33          4      0.00      0.00      0.00      0.00      0.00    100.00
01:46:33          5      0.00      0.00      0.00      0.00      0.00    100.00
01:46:33          6      0.00      0.00      0.00      0.00      0.00    100.00
01:46:33          7      0.00      0.00      0.00      0.00      0.00    100.00
01:46:33          8      0.00      0.00      0.00      0.00      0.00    100.00
01:46:33          9      0.00      0.00      0.00      0.00      0.00    100.00
01:46:33         10      0.00      0.00      0.00      0.00      0.00    100.00
01:46:33         11      0.00      0.00      0.00      0.00      0.00    100.00
01:46:33         12      0.00      0.00      0.00      0.00      0.00    100.00
01:46:33         13      0.00      0.00      0.00      0.00      0.00    100.00
01:46:33         14      0.00      0.00      0.00      0.00      0.00    100.00
01:46:33         15      0.00      0.00      0.00      0.00      0.00    100.00
01:46:33         16      0.00      0.00      0.00      0.00      0.00    100.00
01:46:33         17      0.00      0.00      0.00      0.00      0.00    100.00
01:46:33         18      0.00      0.00      0.00      0.00      0.00    100.00
01:46:33         19      0.00      0.00      0.00      0.00      0.00    100.00
01:46:33         20      0.00      0.00      0.00      0.00      0.00    100.00
01:46:33         21      0.00      0.00      0.00      0.00      0.00    100.00
01:46:33         22      0.00      0.00      0.00      0.00      0.00    100.00
01:46:33         23      0.00      0.00      0.00      0.00      0.00    100.00
01:46:33         24      0.00      0.00      0.00      0.00      0.00    100.00
01:46:33         25      0.00      0.00      0.00      0.00      0.00    100.00
01:46:33         26      0.00      0.00      0.00      0.00      0.00    100.00
01:46:33         27      0.00      0.00      0.00      0.00      0.00    100.00
01:46:33         28      0.00      0.00      0.00      0.00      0.00    100.00
01:46:33         29      0.00      0.00      0.00      0.00      0.00    100.00
01:46:33         30      0.00      0.00      0.00      0.00      0.00    100.00
01:46:33         31      0.00      0.00      0.00      0.00      0.00    100.00
01:46:33         32      0.00      0.00      0.00      0.00      0.00    100.00
01:46:33         33      0.00      0.00      0.00      0.00      0.00    100.00
01:46:33         34      0.00      0.00      0.00      0.00      0.00    100.00
01:46:33         35      0.00      0.00      0.00      0.00      0.00    100.00
01:46:33         36      0.00      0.00      0.00      0.00      0.00    100.00
01:46:33         37      0.00      0.00      0.00      0.00      0.00    100.00
01:46:33         38      0.00      0.00      0.00      0.00      0.00    100.00
01:46:33         39      0.00      0.00      0.00      0.00      0.00    100.00

01:46:33        CPU     %user     %nice   %system   %iowait    %steal     %idle
01:46:34        all      1.58      0.00      0.45      0.00      0.00     97.97
01:46:34          0      2.00      0.00      1.00      0.00      0.00     97.00
01:46:34          1      0.99      0.00      0.99      0.00      0.00     98.02
01:46:34          2      1.98      0.00      0.99      0.00      0.00     97.03
01:46:34          3      0.00      0.00      0.00      0.00      0.00    100.00
01:46:34          4      0.99      0.00      0.00      0.00      0.00     99.01
01:46:34          5      0.00      0.00      0.00      0.00      0.00    100.00
01:46:34          6      0.00      0.00      0.00      0.00      0.00    100.00
01:46:34          7      0.00      0.00      0.00      0.00      0.00    100.00
01:46:34          8      0.00      0.00      0.00      0.00      0.00    100.00
01:46:34          9      0.00      0.00      0.00      0.00      0.00    100.00
01:46:34         10      1.00      0.00      0.00      0.00      0.00     99.00
01:46:34         11      1.00      0.00      1.00      0.00      0.00     98.00
01:46:34         12      4.04      0.00      1.01      0.00      0.00     94.95
01:46:34         13      0.00      0.00      1.01      0.00      0.00     98.99
01:46:34         14      2.00      0.00      1.00      0.00      0.00     97.00
01:46:34         15      8.00      0.00      1.00      0.00      0.00     91.00
01:46:34         16      6.00      0.00      1.00      0.00      0.00     93.00
01:46:34         17      0.00      0.00      1.01      0.00      0.00     98.99
01:46:34         18      8.91      0.00      0.99      0.00      0.00     90.10
01:46:34         19      0.00      0.00      0.00      0.00      0.00    100.00
01:46:34         20      0.99      0.00      0.00      0.00      0.00     99.01
01:46:34         21      0.00      0.00      0.00      0.00      0.00    100.00
01:46:34         22      0.00      0.00      1.00      0.00      0.00     99.00
01:46:34         23      0.00      0.00      1.00      0.00      0.00     99.00
01:46:34         24      0.00      0.00      0.00      0.00      0.00    100.00
01:46:34         25      2.97      0.00      0.00      0.00      0.00     97.03
01:46:34         26      0.00      0.00      2.02      0.00      0.00     97.98
01:46:34         27      0.00      0.00      0.00      0.00      0.00    100.00
01:46:34         28      0.00      0.00      0.00      0.00      0.00    100.00
01:46:34         29      0.00      0.00      0.00      0.00      0.00    100.00
01:46:34         30      1.00      0.00      0.00      0.00      0.00     99.00
01:46:34         31      0.00      0.00      0.00      0.00      0.00    100.00
01:46:34         32      7.92      0.00      0.99      0.00      0.00     91.09
01:46:34         33      0.00      0.00      0.00      0.00      0.00    100.00
01:46:34         34      1.01      0.00      0.00      0.00      0.00     98.99
01:46:34         35      0.00      0.00      0.00      0.00      0.00    100.00
01:46:34         36      3.00      0.00      1.00      0.00      0.00     96.00
01:46:34         37      1.00      0.00      1.00      0.00      0.00     98.00
01:46:34         38      0.00      0.00      0.00      0.00      0.00    100.00
01:46:34         39      9.90      0.00      1.98      0.00      0.00     88.12

01:46:34        CPU     %user     %nice   %system   %iowait    %steal     %idle
01:46:35        all      6.92      0.00      1.73      0.13      0.00     91.23
01:46:35          0     23.47      0.00      2.04      1.02      0.00     73.47
01:46:35          1     18.18      0.00      3.03      0.00      0.00     78.79
01:46:35          2      0.00      0.00      1.02      0.00      0.00     98.98
01:46:35          3     31.37      0.00      6.86      0.00      0.00     61.76
01:46:35          4      6.12      0.00      3.06      0.00      0.00     90.82
01:46:35          5      1.00      0.00      2.00      1.00      0.00     96.00
01:46:35          6      5.05      0.00      0.00      0.00      0.00     94.95
01:46:35          7      5.00      0.00      2.00      0.00      0.00     93.00
01:46:35          8      1.00      0.00      1.00      0.00      0.00     98.00
01:46:35          9      2.00      0.00      1.00      0.00      0.00     97.00
01:46:35         10      1.00      0.00      2.00      0.00      0.00     97.00
01:46:35         11      0.00      0.00      1.98      1.98      0.00     96.04
01:46:35         12      1.00      0.00      1.00      0.00      0.00     98.00
01:46:35         13      5.94      0.00      2.97      0.99      0.00     90.10
01:46:35         14      0.00      0.00      1.00      0.00      0.00     99.00
01:46:35         15     12.12      0.00      1.01      0.00      0.00     86.87
01:46:35         16     12.12      0.00      2.02      0.00      0.00     85.86
01:46:35         17      5.00      0.00      2.00      0.00      0.00     93.00
01:46:35         18     35.35      0.00      2.02      0.00      0.00     62.63
01:46:35         19      7.07      0.00      1.01      0.00      0.00     91.92
01:46:35         20      5.00      0.00      2.00      0.00      0.00     93.00
01:46:35         21      0.00      0.00      0.00      0.00      0.00    100.00
01:46:35         22      0.00      0.00      0.00      0.00      0.00    100.00
01:46:35         23     12.00      0.00      2.00      0.00      0.00     86.00
01:46:35         24      0.00      0.00      1.00      0.00      0.00     99.00
01:46:35         25      0.00      0.00      0.00      0.00      0.00    100.00
01:46:35         26     16.67      0.00      2.94      0.00      0.00     80.39
01:46:35         27      0.00      0.00      0.00      0.00      0.00    100.00
01:46:35         28      1.00      0.00      0.00      0.00      0.00     99.00
01:46:35         29      6.06      0.00      1.01      1.01      0.00     91.92
01:46:35         30      0.00      0.00      1.98      0.00      0.00     98.02
01:46:35         31      0.00      0.00      2.02      0.00      0.00     97.98
01:46:35         32      7.00      0.00      1.00      0.00      0.00     92.00
01:46:35         33      0.99      0.00      0.99      0.00      0.00     98.02
01:46:35         34      0.99      0.00      0.99      0.00      0.00     98.02
01:46:35         35      1.02      0.00      0.00      0.00      0.00     98.98
01:46:35         36      1.00      0.00      0.00      0.00      0.00     99.00
01:46:35         37      6.06      0.00      2.02      0.00      0.00     91.92
01:46:35         38      6.00      0.00      2.00      0.00      0.00     92.00
01:46:35         39     41.41      0.00      6.06      0.00      0.00     52.53

01:46:35        CPU     %user     %nice   %system   %iowait    %steal     %idle
01:46:36        all      0.00      0.00      0.03      0.00      0.00     99.97
01:46:36          0      0.00      0.00      0.00      0.00      0.00    100.00
01:46:36          1      0.00      0.00      0.00      0.00      0.00    100.00
01:46:36          2      0.00      0.00      0.00      0.00      0.00    100.00
01:46:36          3      0.00      0.00      0.00      0.00      0.00    100.00
01:46:36          4      0.00      0.00      0.00      0.00      0.00    100.00
01:46:36          5      0.00      0.00      0.00      0.00      0.00    100.00
01:46:36          6      0.00      0.00      0.00      0.00      0.00    100.00
01:46:36          7      0.00      0.00      0.00      0.00      0.00    100.00
01:46:36          8      0.00      0.00      0.00      0.00      0.00    100.00
01:46:36          9      0.00      0.00      0.00      0.00      0.00    100.00
01:46:36         10      0.00      0.00      0.00      0.00      0.00    100.00
01:46:36         11      0.00      0.00      0.00      0.00      0.00    100.00
01:46:36         12      0.00      0.00      0.00      0.00      0.00    100.00
01:46:36         13      0.00      0.00      0.00      0.00      0.00    100.00
01:46:36         14      0.00      0.00      0.00      0.00      0.00    100.00
01:46:36         15      0.00      0.00      0.00      0.00      0.00    100.00
01:46:36         16      0.00      0.00      0.00      0.00      0.00    100.00
01:46:36         17      0.00      0.00      0.99      0.00      0.00     99.01
01:46:36         18      0.00      0.00      0.00      0.00      0.00    100.00
01:46:36         19      0.00      0.00      0.00      0.00      0.00    100.00
01:46:36         20      0.00      0.00      0.00      0.00      0.00    100.00
01:46:36         21      0.00      0.00      0.00      0.00      0.00    100.00
01:46:36         22      0.00      0.00      0.00      0.00      0.00    100.00
01:46:36         23      0.00      0.00      0.00      0.00      0.00    100.00
01:46:36         24      0.00      0.00      0.00      0.00      0.00    100.00
01:46:36         25      0.00      0.00      0.00      0.00      0.00    100.00
01:46:36         26      0.00      0.00      0.00      0.00      0.00    100.00
01:46:36         27      0.00      0.00      0.00      0.00      0.00    100.00
01:46:36         28      0.00      0.00      0.00      0.00      0.00    100.00
01:46:36         29      0.00      0.00      0.00      0.00      0.00    100.00
01:46:36         30      0.00      0.00      0.00      0.00      0.00    100.00
01:46:36         31      0.00      0.00      0.00      0.00      0.00    100.00
01:46:36         32      0.00      0.00      0.00      0.00      0.00    100.00
01:46:36         33      0.00      0.00      0.00      0.00      0.00    100.00
01:46:36         34      0.00      0.00      0.00      0.00      0.00    100.00
01:46:36         35      0.00      0.00      0.00      0.00      0.00    100.00
01:46:36         36      0.00      0.00      0.00      0.00      0.00    100.00
01:46:36         37      0.00      0.00      0.00      0.00      0.00    100.00
01:46:36         38      0.00      0.00      0.00      0.00      0.00    100.00
01:46:36         39      0.00      0.00      0.00      0.00      0.00    100.00

01:46:36        CPU     %user     %nice   %system   %iowait    %steal     %idle
01:46:37        all      0.03      0.00      0.00      0.00      0.00     99.98
01:46:37          0      0.00      0.00      0.00      0.00      0.00    100.00
01:46:37          1      0.00      0.00      0.00      0.00      0.00    100.00
01:46:37          2      0.00      0.00      0.00      0.00      0.00    100.00
01:46:37          3      0.00      0.00      0.00      0.00      0.00    100.00
01:46:37          4      0.00      0.00      0.00      0.00      0.00    100.00
01:46:37          5      0.00      0.00      0.00      0.00      0.00    100.00
01:46:37          6      0.00      0.00      0.00      0.00      0.00    100.00
01:46:37          7      0.00      0.00      0.00      0.00      0.00    100.00
01:46:37          8      0.00      0.00      0.00      0.00      0.00    100.00
01:46:37          9      0.00      0.00      0.00      0.00      0.00    100.00
01:46:37         10      0.00      0.00      0.00      0.00      0.00    100.00
01:46:37         11      0.00      0.00      0.00      0.00      0.00    100.00
01:46:37         12      0.00      0.00      0.00      0.00      0.00    100.00
01:46:37         13      0.00      0.00      0.00      0.00      0.00    100.00
01:46:37         14      0.00      0.00      0.00      0.00      0.00    100.00
01:46:37         15      0.00      0.00      0.00      0.00      0.00    100.00
01:46:37         16      0.00      0.00      0.00      0.00      0.00    100.00
01:46:37         17      0.00      0.00      0.00      0.00      0.00    100.00
01:46:37         18      0.00      0.00      0.00      0.00      0.00    100.00
01:46:37         19      0.00      0.00      0.00      0.00      0.00    100.00
01:46:37         20      0.00      0.00      0.00      0.00      0.00    100.00
01:46:37         21      0.00      0.00      0.00      0.00      0.00    100.00
01:46:37         22      0.00      0.00      0.00      0.00      0.00    100.00
01:46:37         23      0.00      0.00      0.00      0.00      0.00    100.00
01:46:37         24      0.00      0.00      0.00      0.00      0.00    100.00
01:46:37         25      0.00      0.00      0.00      0.00      0.00    100.00
01:46:37         26      0.00      0.00      0.00      0.00      0.00    100.00
01:46:37         27      0.00      0.00      0.00      0.00      0.00    100.00
01:46:37         28      0.00      0.00      0.00      0.00      0.00    100.00
01:46:37         29      0.00      0.00      0.00      0.00      0.00    100.00
01:46:37         30      0.00      0.00      0.00      0.00      0.00    100.00
01:46:37         31      0.00      0.00      0.00      0.00      0.00    100.00
01:46:37         32      0.00      0.00      0.00      0.00      0.00    100.00
01:46:37         33      0.00      0.00      0.00      0.00      0.00    100.00
01:46:37         34      0.00      0.00      0.00      0.00      0.00    100.00
01:46:37         35      0.00      0.00      0.00      0.00      0.00    100.00
01:46:37         36      0.00      0.00      0.00      0.00      0.00    100.00
01:46:37         37      0.00      0.00      0.00      0.00      0.00    100.00
01:46:37         38      0.00      0.00      0.00      0.00      0.00    100.00
01:46:37         39      0.00      0.00      0.00      0.00      0.00    100.00

01:46:37        CPU     %user     %nice   %system   %iowait    %steal     %idle
01:46:38        all      0.03      0.00      0.00      0.00      0.00     99.97
01:46:38          0      0.00      0.00      0.00      0.00      0.00    100.00
01:46:38          1      0.00      0.00      0.00      0.00      0.00    100.00
01:46:38          2      0.00      0.00      0.00      0.00      0.00    100.00
01:46:38          3      0.00      0.00      0.00      0.00      0.00    100.00
01:46:38          4      0.00      0.00      0.00      0.00      0.00    100.00
01:46:38          5      0.00      0.00      0.00      0.00      0.00    100.00
01:46:38          6      0.00      0.00      0.00      0.00      0.00    100.00
01:46:38          7      0.00      0.00      0.00      0.00      0.00    100.00
01:46:38          8      0.00      0.00      0.00      0.00      0.00    100.00
01:46:38          9      0.00      0.00      0.00      0.00      0.00    100.00
01:46:38         10      0.00      0.00      0.00      0.00      0.00    100.00
01:46:38         11      0.00      0.00      0.00      0.00      0.00    100.00
01:46:38         12      0.00      0.00      0.00      0.00      0.00    100.00
01:46:38         13      0.00      0.00      0.00      0.00      0.00    100.00
01:46:38         14      0.00      0.00      0.00      0.00      0.00    100.00
01:46:38         15      0.00      0.00      0.00      0.00      0.00    100.00
01:46:38         16      0.00      0.00      1.00      0.00      0.00     99.00
01:46:38         17      0.00      0.00      0.00      0.00      0.00    100.00
01:46:38         18      0.00      0.00      0.00      0.00      0.00    100.00
01:46:38         19      0.00      0.00      0.00      0.00      0.00    100.00
01:46:38         20      0.00      0.00      0.00      0.00      0.00    100.00
01:46:38         21      0.00      0.00      0.00      0.00      0.00    100.00
01:46:38         22      0.00      0.00      0.00      0.00      0.00    100.00
01:46:38         23      0.00      0.00      0.00      0.00      0.00    100.00
01:46:38         24      0.00      0.00      0.00      0.00      0.00    100.00
01:46:38         25      0.00      0.00      0.00      0.00      0.00    100.00
01:46:38         26      0.00      0.00      0.00      0.00      0.00    100.00
01:46:38         27      0.00      0.00      0.00      0.00      0.00    100.00
01:46:38         28      0.00      0.00      0.00      0.00      0.00    100.00
01:46:38         29      0.00      0.00      0.00      0.00      0.00    100.00
01:46:38         30      0.00      0.00      0.00      0.00      0.00    100.00
01:46:38         31      0.00      0.00      0.00      0.00      0.00    100.00
01:46:38         32      0.00      0.00      0.00      0.00      0.00    100.00
01:46:38         33      0.00      0.00      0.00      0.00      0.00    100.00
01:46:38         34      0.00      0.00      0.00      0.00      0.00    100.00
01:46:38         35      0.00      0.00      0.00      0.00      0.00    100.00
01:46:38         36      0.00      0.00      0.00      0.00      0.00    100.00
01:46:38         37      0.00      0.00      0.00      0.00      0.00    100.00
01:46:38         38      0.00      0.00      0.00      0.00      0.00    100.00
01:46:38         39      0.00      0.00      0.00      0.00      0.00    100.00

01:46:38        CPU     %user     %nice   %system   %iowait    %steal     %idle
01:46:39        all      0.00      0.00      0.03      0.05      0.00     99.92
01:46:39          0      0.00      0.00      0.00      0.00      0.00    100.00
01:46:39          1      0.00      0.00      0.00      0.00      0.00    100.00
01:46:39          2      0.00      0.00      0.00      0.00      0.00    100.00
01:46:39          3      0.00      0.00      0.00      0.00      0.00    100.00
01:46:39          4      0.00      0.00      0.00      0.00      0.00    100.00
01:46:39          5      0.00      0.00      0.00      0.00      0.00    100.00
01:46:39          6      0.00      0.00      0.00      0.00      0.00    100.00
01:46:39          7      0.00      0.00      0.00      0.00      0.00    100.00
01:46:39          8      0.00      0.00      0.00      0.00      0.00    100.00
01:46:39          9      0.00      0.00      0.00      0.00      0.00    100.00
01:46:39         10      0.00      0.00      0.00      0.00      0.00    100.00
01:46:39         11      0.00      0.00      0.00      0.00      0.00    100.00
01:46:39         12      0.00      0.00      0.00      0.00      0.00    100.00
01:46:39         13      0.00      0.00      0.00      0.00      0.00    100.00
01:46:39         14      0.00      0.00      0.00      0.00      0.00    100.00
01:46:39         15      0.00      0.00      0.00      2.02      0.00     97.98
01:46:39         16      0.00      0.00      0.00      0.00      0.00    100.00
01:46:39         17      0.00      0.00      0.00      0.00      0.00    100.00
01:46:39         18      0.00      0.00      0.00      0.00      0.00    100.00
01:46:39         19      0.00      0.00      0.00      0.00      0.00    100.00
01:46:39         20      0.00      0.00      0.00      0.00      0.00    100.00
01:46:39         21      0.00      0.00      0.00      0.00      0.00    100.00
01:46:39         22      0.00      0.00      0.00      0.00      0.00    100.00
01:46:39         23      0.00      0.00      0.00      0.00      0.00    100.00
01:46:39         24      0.00      0.00      0.00      0.00      0.00    100.00
01:46:39         25      0.00      0.00      0.00      0.00      0.00    100.00
01:46:39         26      0.00      0.00      0.00      0.00      0.00    100.00
01:46:39         27      0.00      0.00      0.00      0.00      0.00    100.00
01:46:39         28      0.00      0.00      0.00      0.00      0.00    100.00
01:46:39         29      0.00      0.00      0.00      0.00      0.00    100.00
01:46:39         30      0.00      0.00      0.00      0.00      0.00    100.00
01:46:39         31      0.00      0.00      0.00      0.00      0.00    100.00
01:46:39         32      0.00      0.00      0.00      0.00      0.00    100.00
01:46:39         33      0.00      0.00      0.00      0.00      0.00    100.00
01:46:39         34      0.00      0.00      0.00      0.00      0.00    100.00
01:46:39         35      0.00      0.00      0.00      0.00      0.00    100.00
01:46:39         36      0.00      0.00      0.00      0.00      0.00    100.00
01:46:39         37      0.00      0.00      0.00      0.00      0.00    100.00
01:46:39         38      0.00      0.00      0.00      0.00      0.00    100.00
01:46:39         39      0.00      0.00      0.00      0.00      0.00    100.00

01:46:39        CPU     %user     %nice   %system   %iowait    %steal     %idle
01:46:40        all      0.00      0.00      0.00      0.00      0.00    100.00
01:46:40          0      0.00      0.00      0.00      0.00      0.00    100.00
01:46:40          1      0.00      0.00      0.00      0.00      0.00    100.00
01:46:40          2      0.00      0.00      0.00      0.00      0.00    100.00
01:46:40          3      0.00      0.00      0.00      0.00      0.00    100.00
01:46:40          4      0.00      0.00      0.00      0.00      0.00    100.00
01:46:40          5      0.00      0.00      0.00      0.00      0.00    100.00
01:46:40          6      0.00      0.00      0.00      0.00      0.00    100.00
01:46:40          7      0.00      0.00      0.00      0.00      0.00    100.00
01:46:40          8      0.00      0.00      0.00      0.00      0.00    100.00
01:46:40          9      0.00      0.00      0.00      0.00      0.00    100.00
01:46:40         10      0.00      0.00      0.00      0.00      0.00    100.00
01:46:40         11      0.00      0.00      0.00      0.00      0.00    100.00
01:46:40         12      0.00      0.00      0.00      0.00      0.00    100.00
01:46:40         13      0.00      0.00      0.00      0.00      0.00    100.00
01:46:40         14      0.00      0.00      0.00      0.00      0.00    100.00
01:46:40         15      0.00      0.00      0.00      0.00      0.00    100.00
01:46:40         16      1.00      0.00      0.00      0.00      0.00     99.00
01:46:40         17      0.00      0.00      0.00      0.00      0.00    100.00
01:46:40         18      0.00      0.00      0.00      0.00      0.00    100.00
01:46:40         19      0.00      0.00      0.00      0.00      0.00    100.00
01:46:40         20      0.00      0.00      0.00      0.00      0.00    100.00
01:46:40         21      0.00      0.00      0.00      0.00      0.00    100.00
01:46:40         22      0.00      0.00      0.00      0.00      0.00    100.00
01:46:40         23      0.00      0.00      0.00      0.00      0.00    100.00
01:46:40         24      0.00      0.00      0.00      0.00      0.00    100.00
01:46:40         25      0.00      0.00      0.00      0.00      0.00    100.00
01:46:40         26      0.00      0.00      0.00      0.00      0.00    100.00
01:46:40         27      0.00      0.00      0.00      0.00      0.00    100.00
01:46:40         28      0.00      0.00      0.00      0.00      0.00    100.00
01:46:40         29      0.00      0.00      0.00      0.00      0.00    100.00
01:46:40         30      0.00      0.00      0.00      0.00      0.00    100.00
01:46:40         31      0.00      0.00      0.00      0.00      0.00    100.00
01:46:40         32      0.00      0.00      0.00      0.00      0.00    100.00
01:46:40         33      0.00      0.00      0.00      0.00      0.00    100.00
01:46:40         34      0.00      0.00      0.00      0.00      0.00    100.00
01:46:40         35      0.00      0.00      0.00      0.00      0.00    100.00
01:46:40         36      0.00      0.00      0.00      0.00      0.00    100.00
01:46:40         37      0.00      0.00      0.00      0.00      0.00    100.00
01:46:40         38      0.00      0.00      0.00      0.00      0.00    100.00
01:46:40         39      0.00      0.00      0.00      0.00      0.00    100.00

01:46:40        CPU     %user     %nice   %system   %iowait    %steal     %idle
01:46:41        all      0.00      0.00      0.00      0.00      0.00    100.00
01:46:41          0      0.00      0.00      0.00      0.00      0.00    100.00
01:46:41          1      0.00      0.00      0.00      0.00      0.00    100.00
01:46:41          2      0.00      0.00      0.00      0.00      0.00    100.00
01:46:41          3      0.00      0.00      0.00      0.00      0.00    100.00
01:46:41          4      0.00      0.00      0.00      0.00      0.00    100.00
01:46:41          5      0.00      0.00      0.00      0.00      0.00    100.00
01:46:41          6      0.00      0.00      0.00      0.00      0.00    100.00
01:46:41          7      0.00      0.00      0.00      0.00      0.00    100.00
01:46:41          8      0.00      0.00      0.00      0.00      0.00    100.00
01:46:41          9      0.00      0.00      0.00      0.00      0.00    100.00
01:46:41         10      0.00      0.00      0.00      0.00      0.00    100.00
01:46:41         11      0.00      0.00      0.00      0.00      0.00    100.00
01:46:41         12      0.00      0.00      0.00      0.00      0.00    100.00
01:46:41         13      0.00      0.00      0.00      0.00      0.00    100.00
01:46:41         14      0.00      0.00      0.00      0.00      0.00    100.00
01:46:41         15      0.00      0.00      0.00      0.00      0.00    100.00
01:46:41         16      0.00      0.00      0.00      0.00      0.00    100.00
01:46:41         17      0.00      0.00      0.00      0.00      0.00    100.00
01:46:41         18      0.00      0.00      0.00      0.00      0.00    100.00
01:46:41         19      0.00      0.00      0.00      0.00      0.00    100.00
01:46:41         20      0.00      0.00      0.00      0.00      0.00    100.00
01:46:41         21      0.00      0.00      0.00      0.00      0.00    100.00
01:46:41         22      0.00      0.00      0.00      0.00      0.00    100.00
01:46:41         23      0.00      0.00      0.00      0.00      0.00    100.00
01:46:41         24      0.00      0.00      0.00      0.00      0.00    100.00
01:46:41         25      0.00      0.00      0.00      0.00      0.00    100.00
01:46:41         26      0.00      0.00      0.00      0.00      0.00    100.00
01:46:41         27      0.00      0.00      0.00      0.00      0.00    100.00
01:46:41         28      0.00      0.00      0.00      0.00      0.00    100.00
01:46:41         29      0.00      0.00      0.00      0.00      0.00    100.00
01:46:41         30      0.00      0.00      0.00      0.00      0.00    100.00
01:46:41         31      0.00      0.00      0.00      0.00      0.00    100.00
01:46:41         32      0.00      0.00      0.00      0.00      0.00    100.00
01:46:41         33      0.00      0.00      0.00      0.00      0.00    100.00
01:46:41         34      0.00      0.00      0.00      0.00      0.00    100.00
01:46:41         35      0.00      0.00      0.00      0.00      0.00    100.00
01:46:41         36      0.00      0.00      0.00      0.00      0.00    100.00
01:46:41         37      0.00      0.00      0.00      0.00      0.00    100.00
01:46:41         38      0.00      0.00      0.00      0.00      0.00    100.00
01:46:41         39      0.00      0.00      0.00      0.00      0.00    100.00

01:46:41        CPU     %user     %nice   %system   %iowait    %steal     %idle
01:46:42        all      0.02      0.00      0.02      0.00      0.00     99.95
01:46:42          0      0.00      0.00      0.00      0.00      0.00    100.00
01:46:42          1      0.00      0.00      0.00      0.00      0.00    100.00
01:46:42          2      0.00      0.00      0.00      0.00      0.00    100.00
01:46:42          3      0.00      0.00      0.00      0.00      0.00    100.00
01:46:42          4      0.00      0.00      0.00      0.00      0.00    100.00
01:46:42          5      0.00      0.00      0.00      0.00      0.00    100.00
01:46:42          6      0.00      0.00      0.00      0.00      0.00    100.00
01:46:42          7      0.00      0.00      0.00      0.00      0.00    100.00
01:46:42          8      0.00      0.00      0.00      0.00      0.00    100.00
01:46:42          9      0.00      0.00      0.00      0.00      0.00    100.00
01:46:42         10      0.00      0.00      0.00      0.00      0.00    100.00
01:46:42         11      0.00      0.00      0.00      0.00      0.00    100.00
01:46:42         12      0.00      0.00      0.00      0.00      0.00    100.00
01:46:42         13      0.99      0.00      0.00      0.00      0.00     99.01
01:46:42         14      0.00      0.00      0.00      0.00      0.00    100.00
01:46:42         15      0.00      0.00      0.00      0.00      0.00    100.00
01:46:42         16      0.00      0.00      1.00      0.00      0.00     99.00
01:46:42         17      0.00      0.00      0.00      0.00      0.00    100.00
01:46:42         18      0.00      0.00      0.00      0.00      0.00    100.00
01:46:42         19      0.00      0.00      0.00      0.00      0.00    100.00
01:46:42         20      0.00      0.00      0.00      0.00      0.00    100.00
01:46:42         21      0.00      0.00      0.00      0.00      0.00    100.00
01:46:42         22      0.00      0.00      0.00      0.00      0.00    100.00
01:46:42         23      0.00      0.00      0.00      0.00      0.00    100.00
01:46:42         24      0.00      0.00      0.00      0.00      0.00    100.00
01:46:42         25      0.00      0.00      0.00      0.00      0.00    100.00
01:46:42         26      0.00      0.00      0.00      0.00      0.00    100.00
01:46:42         27      0.00      0.00      0.00      0.00      0.00    100.00
01:46:42         28      0.00      0.00      0.00      0.00      0.00    100.00
01:46:42         29      0.00      0.00      0.00      0.00      0.00    100.00
01:46:42         30      0.00      0.00      0.00      0.00      0.00    100.00
01:46:42         31      0.00      0.00      0.00      0.00      0.00    100.00
01:46:42         32      0.00      0.00      0.00      0.00      0.00    100.00
01:46:42         33      0.00      0.00      0.00      0.00      0.00    100.00
01:46:42         34      0.00      0.00      0.00      0.00      0.00    100.00
01:46:42         35      0.00      0.00      0.00      0.00      0.00    100.00
01:46:42         36      0.00      0.00      0.00      0.00      0.00    100.00
01:46:42         37      0.00      0.00      0.00      0.00      0.00    100.00
01:46:42         38      0.00      0.00      0.00      0.00      0.00    100.00
01:46:42         39      0.00      0.00      0.00      0.00      0.00    100.00

01:46:42        CPU     %user     %nice   %system   %iowait    %steal     %idle
01:46:43        all      0.03      0.00      0.00      0.00      0.00     99.97
01:46:43          0      0.00      0.00      0.00      0.00      0.00    100.00
01:46:43          1      0.00      0.00      0.00      0.00      0.00    100.00
01:46:43          2      0.00      0.00      0.00      0.00      0.00    100.00
01:46:43          3      0.00      0.00      0.00      0.00      0.00    100.00
01:46:43          4      0.00      0.00      0.00      0.00      0.00    100.00
01:46:43          5      0.00      0.00      0.00      0.00      0.00    100.00
01:46:43          6      0.00      0.00      0.00      0.00      0.00    100.00
01:46:43          7      0.00      0.00      0.99      0.00      0.00     99.01
01:46:43          8      0.00      0.00      0.00      0.00      0.00    100.00
01:46:43          9      0.00      0.00      0.00      0.00      0.00    100.00
01:46:43         10      0.00      0.00      0.00      0.00      0.00    100.00
01:46:43         11      0.00      0.00      0.00      0.00      0.00    100.00
01:46:43         12      0.00      0.00      0.00      0.00      0.00    100.00
01:46:43         13      0.00      0.00      0.00      0.00      0.00    100.00
01:46:43         14      0.00      0.00      0.00      0.00      0.00    100.00
01:46:43         15      0.00      0.00      0.00      0.00      0.00    100.00
01:46:43         16      0.99      0.00      0.00      0.00      0.00     99.01
01:46:43         17      0.00      0.00      0.00      0.00      0.00    100.00
01:46:43         18      0.00      0.00      0.00      0.00      0.00    100.00
01:46:43         19      0.00      0.00      0.00      0.00      0.00    100.00
01:46:43         20      0.00      0.00      0.00      0.00      0.00    100.00
01:46:43         21      0.00      0.00      0.00      0.00      0.00    100.00
01:46:43         22      0.00      0.00      0.00      0.00      0.00    100.00
01:46:43         23      0.00      0.00      0.00      0.00      0.00    100.00
01:46:43         24      0.00      0.00      0.00      0.00      0.00    100.00
01:46:43         25      0.00      0.00      0.00      0.00      0.00    100.00
01:46:43         26      0.00      0.00      0.00      0.00      0.00    100.00
01:46:43         27      0.00      0.00      0.00      0.00      0.00    100.00
01:46:43         28      0.00      0.00      0.00      0.00      0.00    100.00
01:46:43         29      0.00      0.00      0.00      0.00      0.00    100.00
01:46:43         30      0.00      0.00      0.00      0.00      0.00    100.00
01:46:43         31      0.00      0.00      0.00      0.00      0.00    100.00
01:46:43         32      0.00      0.00      0.00      0.00      0.00    100.00
01:46:43         33      0.00      0.00      0.00      0.00      0.00    100.00
01:46:43         34      0.00      0.00      0.00      0.00      0.00    100.00
01:46:43         35      0.00      0.00      0.00      0.00      0.00    100.00
01:46:43         36      0.00      0.00      0.00      0.00      0.00    100.00
01:46:43         37      0.00      0.00      0.00      0.00      0.00    100.00
01:46:43         38      0.00      0.00      0.00      0.00      0.00    100.00
01:46:43         39      0.00      0.00      0.00      0.00      0.00    100.00

01:46:43        CPU     %user     %nice   %system   %iowait    %steal     %idle
01:46:44        all      0.43      0.00      0.08      0.00      0.00     99.50
01:46:44          0      0.00      0.00      0.00      0.00      0.00    100.00
01:46:44          1      0.00      0.00      0.99      0.00      0.00     99.01
01:46:44          2      0.00      0.00      0.00      0.00      0.00    100.00
01:46:44          3      0.00      0.00      0.00      0.00      0.00    100.00
01:46:44          4      0.00      0.00      0.00      0.00      0.00    100.00
01:46:44          5      1.00      0.00      0.00      0.00      0.00     99.00
01:46:44          6      0.00      0.00      0.00      0.00      0.00    100.00
01:46:44          7      0.00      0.00      0.00      0.00      0.00    100.00
01:46:44          8      0.00      0.00      0.00      0.00      0.00    100.00
01:46:44          9      0.99      0.00      0.00      0.00      0.00     99.01
01:46:44         10      0.00      0.00      0.00      0.00      0.00    100.00
01:46:44         11      0.00      0.00      0.00      0.00      0.00    100.00
01:46:44         12      0.00      0.00      0.00      0.00      0.00    100.00
01:46:44         13      0.00      0.00      0.00      0.00      0.00    100.00
01:46:44         14      0.00      0.00      0.00      0.00      0.00    100.00
01:46:44         15      0.99      0.00      0.00      0.00      0.00     99.01
01:46:44         16      0.00      0.00      0.00      0.00      0.00    100.00
01:46:44         17      0.00      0.00      0.00      0.00      0.00    100.00
01:46:44         18      0.00      0.00      0.00      0.00      0.00    100.00
01:46:44         19      0.00      0.00      0.00      0.00      0.00    100.00
01:46:44         20      0.00      0.00      0.00      0.00      0.00    100.00
01:46:44         21      0.00      0.00      0.00      0.00      0.00    100.00
01:46:44         22      0.00      0.00      0.00      0.00      0.00    100.00
01:46:44         23      0.00      0.00      0.00      0.00      0.00    100.00
01:46:44         24      0.00      0.00      0.00      0.00      0.00    100.00
01:46:44         25      0.00      0.00      0.00      0.00      0.00    100.00
01:46:44         26      0.00      0.00      0.99      0.00      0.00     99.01
01:46:44         27      0.00      0.00      0.00      0.00      0.00    100.00
01:46:44         28      0.00      0.00      0.00      0.00      0.00    100.00
01:46:44         29      0.00      0.00      0.00      0.00      0.00    100.00
01:46:44         30      0.00      0.00      0.00      0.00      0.00    100.00
01:46:44         31     13.86      0.00      0.99      0.00      0.00     85.15
01:46:44         32      0.00      0.00      0.00      0.00      0.00    100.00
01:46:44         33      0.00      0.00      0.00      0.00      0.00    100.00
01:46:44         34      0.00      0.00      0.00      0.00      0.00    100.00
01:46:44         35      0.00      0.00      0.00      0.00      0.00    100.00
01:46:44         36      0.00      0.00      0.00      0.00      0.00    100.00
01:46:44         37      0.00      0.00      0.00      0.00      0.00    100.00
01:46:44         38      0.00      0.00      0.00      0.00      0.00    100.00
01:46:44         39      0.00      0.00      0.00      0.00      0.00    100.00

01:46:44        CPU     %user     %nice   %system   %iowait    %steal     %idle
01:46:45        all      1.33      0.00      0.40      0.05      0.00     98.22
01:46:45          0      0.99      0.00      0.99      0.99      0.00     97.03
01:46:45          1      0.00      0.00      0.00      0.00      0.00    100.00
01:46:45          2      0.00      0.00      0.00      0.00      0.00    100.00
01:46:45          3      0.00      0.00      0.00      0.00      0.00    100.00
01:46:45          4      0.00      0.00      0.00      0.00      0.00    100.00
01:46:45          5      0.00      0.00      1.00      0.00      0.00     99.00
01:46:45          6      0.00      0.00      0.00      0.00      0.00    100.00
01:46:45          7      0.00      0.00      0.00      0.00      0.00    100.00
01:46:45          8      0.00      0.00      0.00      0.00      0.00    100.00
01:46:45          9      0.00      0.00      0.00      0.00      0.00    100.00
01:46:45         10      1.01      0.00      2.02      0.00      0.00     96.97
01:46:45         11      1.01      0.00      0.00      0.00      0.00     98.99
01:46:45         12      0.00      0.00      0.00      0.00      0.00    100.00
01:46:45         13      0.00      0.00      0.00      0.00      0.00    100.00
01:46:45         14      0.00      0.00      0.00      0.00      0.00    100.00
01:46:45         15      0.00      0.00      0.00      0.00      0.00    100.00
01:46:45         16      0.99      0.00      0.99      0.00      0.00     98.02
01:46:45         17      0.00      0.00      0.00      0.00      0.00    100.00
01:46:45         18      0.00      0.00      0.00      0.00      0.00    100.00
01:46:45         19      0.00      0.00      0.00      0.00      0.00    100.00
01:46:45         20      0.00      0.00      0.00      0.00      0.00    100.00
01:46:45         21      0.00      0.00      0.00      0.00      0.00    100.00
01:46:45         22      0.00      0.00      0.00      0.00      0.00    100.00
01:46:45         23      0.00      0.00      0.00      0.00      0.00    100.00
01:46:45         24      0.00      0.00      0.00      0.00      0.00    100.00
01:46:45         25      0.00      0.00      0.00      0.00      0.00    100.00
01:46:45         26      0.00      0.00      0.00      0.00      0.00    100.00
01:46:45         27      0.00      0.00      0.00      0.00      0.00    100.00
01:46:45         28      1.00      0.00      0.00      0.00      0.00     99.00
01:46:45         29      0.00      0.00      0.00      0.00      0.00    100.00
01:46:45         30      0.00      0.00      0.00      0.00      0.00    100.00
01:46:45         31     37.76      0.00      6.12      0.00      0.00     56.12
01:46:45         32      7.07      0.00      1.01      0.00      0.00     91.92
01:46:45         33      0.00      0.00      1.00      0.00      0.00     99.00
01:46:45         34      0.00      0.00      1.00      0.00      0.00     99.00
01:46:45         35      0.00      0.00      0.99      0.00      0.00     99.01
01:46:45         36      0.00      0.00      1.00      0.00      0.00     99.00
01:46:45         37      0.00      0.00      0.00      0.00      0.00    100.00
01:46:45         38      0.00      0.00      0.00      0.00      0.00    100.00
01:46:45         39      1.00      0.00      0.00      0.00      0.00     99.00

01:46:45        CPU     %user     %nice   %system   %iowait    %steal     %idle
01:46:46        all      0.00      0.00      0.03      0.00      0.00     99.98
01:46:46          0      0.00      0.00      0.00      0.00      0.00    100.00
01:46:46          1      0.00      0.00      0.00      0.00      0.00    100.00
01:46:46          2      0.00      0.00      0.00      0.00      0.00    100.00
01:46:46          3      0.00      0.00      0.00      0.00      0.00    100.00
01:46:46          4      0.00      0.00      0.00      0.00      0.00    100.00
01:46:46          5      0.00      0.00      0.00      0.00      0.00    100.00
01:46:46          6      0.00      0.00      0.00      0.00      0.00    100.00
01:46:46          7      0.00      0.00      0.00      0.00      0.00    100.00
01:46:46          8      0.00      0.00      0.00      0.00      0.00    100.00
01:46:46          9      0.00      0.00      0.00      0.00      0.00    100.00
01:46:46         10      0.00      0.00      0.00      0.00      0.00    100.00
01:46:46         11      0.00      0.00      0.00      0.00      0.00    100.00
01:46:46         12      0.00      0.00      0.00      0.00      0.00    100.00
01:46:46         13      0.99      0.00      0.00      0.00      0.00     99.01
01:46:46         14      0.00      0.00      0.00      0.00      0.00    100.00
01:46:46         15      0.00      0.00      0.00      0.00      0.00    100.00
01:46:46         16      0.00      0.00      0.00      0.00      0.00    100.00
01:46:46         17      0.00      0.00      0.00      0.00      0.00    100.00
01:46:46         18      0.00      0.00      0.99      0.00      0.00     99.01
01:46:46         19      0.00      0.00      0.00      0.00      0.00    100.00
01:46:46         20      0.00      0.00      0.00      0.00      0.00    100.00
01:46:46         21      0.00      0.00      0.00      0.00      0.00    100.00
01:46:46         22      0.00      0.00      0.00      0.00      0.00    100.00
01:46:46         23      0.00      0.00      0.00      0.00      0.00    100.00
01:46:46         24      0.00      0.00      0.00      0.00      0.00    100.00
01:46:46         25      0.00      0.00      0.00      0.00      0.00    100.00
01:46:46         26      0.00      0.00      0.00      0.00      0.00    100.00
01:46:46         27      0.00      0.00      0.00      0.00      0.00    100.00
01:46:46         28      0.00      0.00      0.00      0.00      0.00    100.00
01:46:46         29      0.00      0.00      0.00      0.00      0.00    100.00
01:46:46         30      0.00      0.00      0.00      0.00      0.00    100.00
01:46:46         31      0.00      0.00      0.00      0.00      0.00    100.00
01:46:46         32      0.00      0.00      0.00      0.00      0.00    100.00
01:46:46         33      0.00      0.00      0.00      0.00      0.00    100.00
01:46:46         34      0.00      0.00      0.00      0.00      0.00    100.00
01:46:46         35      0.00      0.00      0.00      0.00      0.00    100.00
01:46:46         36      0.00      0.00      0.00      0.00      0.00    100.00
01:46:46         37      0.00      0.00      0.00      0.00      0.00    100.00
01:46:46         38      0.00      0.00      0.00      0.00      0.00    100.00
01:46:46         39      0.00      0.00      0.00      0.00      0.00    100.00

01:46:46        CPU     %user     %nice   %system   %iowait    %steal     %idle
01:46:47        all      0.58      0.00      0.13      0.00      0.00     99.30
01:46:47          0      0.00      0.00      0.00      0.00      0.00    100.00
01:46:47          1      0.00      0.00      0.00      0.00      0.00    100.00
01:46:47          2      0.00      0.00      0.00      0.00      0.00    100.00
01:46:47          3      0.00      0.00      0.00      0.00      0.00    100.00
01:46:47          4      0.00      0.00      0.00      0.00      0.00    100.00
01:46:47          5      0.00      0.00      0.00      0.00      0.00    100.00
01:46:47          6      0.00      0.00      0.99      0.00      0.00     99.01
01:46:47          7      0.00      0.00      0.00      0.00      0.00    100.00
01:46:47          8      0.00      0.00      0.00      0.00      0.00    100.00
01:46:47          9      0.00      0.00      0.00      0.00      0.00    100.00
01:46:47         10      0.00      0.00      0.00      0.00      0.00    100.00
01:46:47         11      0.00      0.00      0.00      0.00      0.00    100.00
01:46:47         12      0.00      0.00      0.00      0.00      0.00    100.00
01:46:47         13      0.00      0.00      0.99      0.00      0.00     99.01
01:46:47         14     21.21      0.00      1.01      0.00      0.00     77.78
01:46:47         15      1.00      0.00      0.00      0.00      0.00     99.00
01:46:47         16      0.00      0.00      1.00      0.00      0.00     99.00
01:46:47         17      0.00      0.00      0.00      0.00      0.00    100.00
01:46:47         18      0.00      0.00      0.99      0.00      0.00     99.01
01:46:47         19      0.00      0.00      0.00      0.00      0.00    100.00
01:46:47         20      0.00      0.00      0.00      0.00      0.00    100.00
01:46:47         21      0.00      0.00      0.00      0.00      0.00    100.00
01:46:47         22      0.00      0.00      0.00      0.00      0.00    100.00
01:46:47         23      0.00      0.00      0.00      0.00      0.00    100.00
01:46:47         24      0.00      0.00      0.00      0.00      0.00    100.00
01:46:47         25      0.00      0.00      0.99      0.00      0.00     99.01
01:46:47         26      0.00      0.00      0.00      0.00      0.00    100.00
01:46:47         27      0.00      0.00      0.00      0.00      0.00    100.00
01:46:47         28      0.00      0.00      0.00      0.00      0.00    100.00
01:46:47         29      0.00      0.00      0.00      0.00      0.00    100.00
01:46:47         30      0.00      0.00      0.00      0.00      0.00    100.00
01:46:47         31      0.00      0.00      0.00      0.00      0.00    100.00
01:46:47         32      0.00      0.00      0.00      0.00      0.00    100.00
01:46:47         33      0.00      0.00      0.00      0.00      0.00    100.00
01:46:47         34      0.00      0.00      0.00      0.00      0.00    100.00
01:46:47         35      0.00      0.00      0.00      0.00      0.00    100.00
01:46:47         36      0.00      0.00      0.00      0.00      0.00    100.00
01:46:47         37      0.99      0.00      0.00      0.00      0.00     99.01
01:46:47         38      0.00      0.00      0.00      0.00      0.00    100.00
01:46:47         39      0.00      0.00      0.00      0.00      0.00    100.00
