Linux 6.6.23 (eternity1) 	05/24/25 	_x86_64_	(40 CPU)

01:46:08    kbmemfree   kbavail kbmemused  %memused kbbuffers  kbcached  kbcommit   %commit  kbactive   kbinact   kbdirty
01:46:09     63820800  63652716   1788068      2.73         0    393876   2965788      4.45     60796    675696      6468
01:46:10     63821688  63653608   1787180      2.72         0    393880   2965788      4.45     60776    674972      6476
01:46:11     63821688  63653608   1787180      2.72         0    393884   2965788      4.45     60776    674972      6480
01:46:12     63821688  63653608   1787180      2.72         0    393888   2965788      4.45     60776    674972      6484
01:46:13     63821688  63653608   1787180      2.72         0    393892   2965788      4.45     60776    674972      6488
01:46:14     63821696  63653616   1787172      2.72         0    393896   2965788      4.45     60776    674972      6492
01:46:15     63821696  63653616   1787172      2.72         0    393900   2965788      4.45     60776    674972      6496
01:46:16     63821696  63653616   1787172      2.72         0    393904   2965788      4.45     60776    674972      6500
01:46:17     63822136  63654056   1786732      2.72         0    393912   2965788      4.45     60776    674536      6508
01:46:18     63822428  63654348   1786440      2.72         0    393920   2965788      4.45     60776    674996      6516
01:46:19     63823464  63655384   1785404      2.72         0    393920   2965788      4.45     60776    675092      6516
01:46:20     63823760  63655692   1785108      2.72         0    393924   2965788      4.45     60776    674988      6520
01:46:21     63823780  63655712   1785088      2.72         0    393928   2965788      4.45     60776    675000      6524
01:46:22     63805476  63637456   1803392      2.75         0    393944   2985492      4.48     60808    692816      6528
01:46:23     63803908  63636080   1804960      2.75         0    394128   2984760      4.48     60872    692076      6456
01:46:24     63820800  63653060   1788068      2.73         0    394200   2965240      4.45     60896    675404      6460
01:46:25     63820824  63653084   1788044      2.73         0    394200   2965240      4.45     60896    675404      6460
01:46:26     63820548  63652808   1788320      2.73         0    394204   2965240      4.45     60884    674692      6212
01:46:27     63820800  63653060   1788068      2.73         0    394208   2965240      4.45     60884    674692      6216
01:46:28     63820800  63653060   1788068      2.73         0    394216   2965240      4.45     60884    674692      2432
01:46:29     63820800  63653060   1788068      2.73         0    394220   2965240      4.45     60884    674692       124
01:46:30     63820800  63653060   1788068      2.73         0    394224   2965240      4.45     60884    674692       128
01:46:31     63821888  63654148   1786980      2.72         0    394228   2965240      4.45     60884    674692       132
01:46:32     63821888  63654176   1786980      2.72         0    394232   2965240      4.45     60884    674752       136
01:46:33     63821888  63654176   1786980      2.72         0    394240   2965240      4.45     60884    674752       144
01:46:34     63818312  63650616   1790556      2.73         0    394244   2969640      4.46     60900    677244       140
01:46:35     63819184  63651488   1789684      2.73         0    394244   2965240      4.45     60896    675356       140
01:46:36     63819184  63651488   1789684      2.73         0    394248   2965240      4.45     60896    675356       144
01:46:37     63819184  63651488   1789684      2.73         0    394252   2965240      4.45     60896    675356       148
01:46:38     63819184  63651488   1789684      2.73         0    394256   2965240      4.45     60896    675356       152
01:46:39     63819184  63651488   1789684      2.73         0    394260   2965240      4.45     60896    675356        24
01:46:40     63819184  63651488   1789684      2.73         0    394264   2965240      4.45     60896    675356        28
01:46:41     63819184  63651488   1789684      2.73         0    394264   2965240      4.45     60896    675356        28
01:46:42     63819184  63651488   1789684      2.73         0    394268   2965240      4.45     60896    675356        32
01:46:43     63820644  63652996   1788224      2.73         0    394340   2965240      4.45     60912    674820        64
01:46:44     63820300  63652652   1788568      2.73         0    394344   2965788      4.45     60912    675348        48
01:46:45     63804268  63636664   1804600      2.75         0    394400   2983584      4.48     60932    691444      2120
01:46:46     63802020  63634580   1806848      2.75         0    394508   2984984      4.48     61016    693092      3588
