Linux 6.6.23 (eternity2) 	05/24/25 	_x86_64_	(40 CPU)

02:01:39    kbmemfree   kbavail kbmemused  %memused kbbuffers  kbcached  kbcommit   %commit  kbactive   kbinact   kbdirty
02:01:40     64261556  64014288   1347396      2.05       244    238608   2079856      3.12     52196    282312      4336
02:01:41     64261384  64014116   1347568      2.05       244    238612   2079856      3.12     52188    281692       744
02:01:42     64261384  64014116   1347568      2.05       244    238612   2079856      3.12     52188    281692       748
02:01:43     64261384  64014116   1347568      2.05       244    238612   2079856      3.12     52188    281692       748
02:01:44     64261524  64014256   1347428      2.05       244    238612   2079856      3.12     52188    281692       748
02:01:45     64261524  64014256   1347428      2.05       244    238616   2079856      3.12     52188    281692       752
02:01:46     64261524  64014256   1347428      2.05       244    238620   2079856      3.12     52188    281692       756
02:01:47     64261524  64014256   1347428      2.05       244    238624   2079856      3.12     52188    281692       764
02:01:48     64261524  64014256   1347428      2.05       244    238628   2079856      3.12     52188    281692       768
02:01:49     64261524  64014256   1347428      2.05       244    238632   2079856      3.12     52188    281692       772
02:01:50     64261524  64014256   1347428      2.05       244    238632   2079856      3.12     52188    281692       772
02:01:51     64261524  64014256   1347428      2.05       244    238636   2079856      3.12     52188    281692       776
02:01:52     64261824  64014544   1347128      2.05       244    238660   2079856      3.12     52200    281784        12
02:01:53     64257192  64009940   1351760      2.06       244    238712   2087156      3.13     52360    294896      2248
02:01:54     64268596  64021428   1340356      2.04       244    238748   2079856      3.12     52300    284184      2820
02:01:55     64268604  64021436   1340348      2.04       244    238748   2079856      3.12     52300    284184      2820
02:01:56     64268604  64021436   1340348      2.04       244    238752   2079856      3.12     52300    284184      2824
02:01:57     64268604  64021436   1340348      2.04       244    238752   2079856      3.12     52300    284184       616
02:01:58     64268604  64021436   1340348      2.04       244    238752   2079856      3.12     52300    284184       616
02:01:59     64268604  64021436   1340348      2.04       244    238752   2079856      3.12     52300    284184       616
02:02:00     64269264  64022052   1339688      2.04       244    238784   2079856      3.12     52288    282040        32
02:02:01     64266144  64019592   1342808      2.05       244    240176   2079856      3.12     52784    282912      1052
02:02:02     64266160  64019608   1342792      2.05       244    240180   2079856      3.12     52784    282916         0
02:02:03     64260976  64014400   1347976      2.05       244    240212   2084796      3.13     52812    285500      1200
02:02:04     64262036  64015524   1346916      2.05       244    240328   2079856      3.12     52848    283064      1316
02:02:05     64262908  64016396   1346044      2.05       244    240332   2079856      3.12     52848    283064      1320
