Linux 6.6.23 (eternity2) 	05/24/25 	_x86_64_	(40 CPU)

02:01:38        CPU     %user     %nice   %system   %iowait    %steal     %idle
02:01:39        all      2.25      0.00      0.70      0.70      0.00     96.35
02:01:39          0      9.09      0.00      2.02      0.00      0.00     88.89
02:01:39          1     14.14      0.00      2.02     10.10      0.00     73.74
02:01:39          2      0.98      0.00      1.96      1.96      0.00     95.10
02:01:39          3      0.00      0.00      1.01      0.00      0.00     98.99
02:01:39          4      2.02      0.00      2.02      8.08      0.00     87.88
02:01:39          5      0.00      0.00      2.02      0.00      0.00     97.98
02:01:39          6      0.00      0.00      0.00      0.00      0.00    100.00
02:01:39          7      0.00      0.00      0.99      0.00      0.00     99.01
02:01:39          8      5.00      0.00      1.00      0.00      0.00     94.00
02:01:39          9      0.00      0.00      0.00      0.00      0.00    100.00
02:01:39         10      0.00      0.00      1.00      0.00      0.00     99.00
02:01:39         11      0.00      0.00      0.00      0.00      0.00    100.00
02:01:39         12      7.00      0.00      2.00      0.00      0.00     91.00
02:01:39         13      7.07      0.00      2.02      0.00      0.00     90.91
02:01:39         14      0.00      0.00      0.00      0.00      0.00    100.00
02:01:39         15      0.00      0.00      0.00      0.00      0.00    100.00
02:01:39         16      0.00      0.00      0.00      0.00      0.00    100.00
02:01:39         17      0.00      0.00      0.00      0.00      0.00    100.00
02:01:39         18      0.00      0.00      0.00      0.00      0.00    100.00
02:01:39         19      0.00      0.00      1.00      0.00      0.00     99.00
02:01:39         20      9.09      0.00      0.00      0.00      0.00     90.91
02:01:39         21      1.00      0.00      0.00      1.00      0.00     98.00
02:01:39         22      0.00      0.00      0.00      0.00      0.00    100.00
02:01:39         23      0.00      0.00      0.00      0.00      0.00    100.00
02:01:39         24      0.00      0.00      0.00      0.00      0.00    100.00
02:01:39         25      0.00      0.00      0.00      0.00      0.00    100.00
02:01:39         26      0.00      0.00      0.00      0.00      0.00    100.00
02:01:39         27      0.00      0.00      1.01      5.05      0.00     93.94
02:01:39         28      2.97      0.00      1.98      0.00      0.00     95.05
02:01:39         29      1.01      0.00      1.01      0.00      0.00     97.98
02:01:39         30      0.00      0.00      0.00      0.00      0.00    100.00
02:01:39         31      0.00      0.00      0.00      1.01      0.00     98.99
02:01:39         32     28.28      0.00      2.02      0.00      0.00     69.70
02:01:39         33      0.00      0.00      0.00      0.00      0.00    100.00
02:01:39         34      1.00      0.00      0.00      0.00      0.00     99.00
02:01:39         35      0.00      0.00      0.00      0.00      0.00    100.00
02:01:39         36      0.00      0.00      0.00      0.00      0.00    100.00
02:01:39         37      0.00      0.00      0.00      0.00      0.00    100.00
02:01:39         38      0.00      0.00      0.00      0.00      0.00    100.00
02:01:39         39      0.00      0.00      0.00      0.00      0.00    100.00

02:01:39        CPU     %user     %nice   %system   %iowait    %steal     %idle
02:01:40        all      1.73      0.00      0.40      0.00      0.00     97.87
02:01:40          0      5.94      0.00      1.98      0.00      0.00     92.08
02:01:40          1     11.11      0.00      1.01      0.00      0.00     87.88
02:01:40          2      0.00      0.00      0.00      0.00      0.00    100.00
02:01:40          3      0.00      0.00      0.99      0.00      0.00     99.01
02:01:40          4      0.00      0.00      0.00      0.00      0.00    100.00
02:01:40          5      0.00      0.00      0.99      0.00      0.00     99.01
02:01:40          6      0.00      0.00      0.00      0.00      0.00    100.00
02:01:40          7      1.00      0.00      1.00      0.00      0.00     98.00
02:01:40          8      0.00      0.00      0.00      0.00      0.00    100.00
02:01:40          9      0.00      0.00      0.00      0.00      0.00    100.00
02:01:40         10      0.00      0.00      0.00      0.00      0.00    100.00
02:01:40         11     31.31      0.00      6.06      0.00      0.00     62.63
02:01:40         12      0.00      0.00      0.00      0.00      0.00    100.00
02:01:40         13     13.13      0.00      1.01      0.00      0.00     85.86
02:01:40         14      0.00      0.00      0.00      0.00      0.00    100.00
02:01:40         15      0.00      0.00      0.00      0.00      0.00    100.00
02:01:40         16      0.00      0.00      0.00      0.00      0.00    100.00
02:01:40         17      0.00      0.00      0.00      0.00      0.00    100.00
02:01:40         18      0.00      0.00      0.00      0.00      0.00    100.00
02:01:40         19      0.00      0.00      0.00      0.00      0.00    100.00
02:01:40         20      2.02      0.00      0.00      0.00      0.00     97.98
02:01:40         21      0.00      0.00      0.00      0.00      0.00    100.00
02:01:40         22      0.00      0.00      1.00      0.00      0.00     99.00
02:01:40         23      0.00      0.00      0.00      0.00      0.00    100.00
02:01:40         24      1.01      0.00      0.00      0.00      0.00     98.99
02:01:40         25      0.00      0.00      0.00      0.00      0.00    100.00
02:01:40         26      0.00      0.00      0.00      0.00      0.00    100.00
02:01:40         27      0.00      0.00      0.00      0.00      0.00    100.00
02:01:40         28      0.00      0.00      0.00      0.00      0.00    100.00
02:01:40         29      1.01      0.00      0.00      0.00      0.00     98.99
02:01:40         30      0.00      0.00      0.00      0.00      0.00    100.00
02:01:40         31      0.00      0.00      0.00      0.00      0.00    100.00
02:01:40         32      0.00      0.00      0.00      0.00      0.00    100.00
02:01:40         33      0.00      0.00      0.00      0.00      0.00    100.00
02:01:40         34      0.00      0.00      0.00      0.00      0.00    100.00
02:01:40         35      0.00      0.00      1.00      0.00      0.00     99.00
02:01:40         36      1.00      0.00      0.00      0.00      0.00     99.00
02:01:40         37      0.00      0.00      0.00      0.00      0.00    100.00
02:01:40         38      2.00      0.00      0.00      0.00      0.00     98.00
02:01:40         39      0.00      0.00      0.00      0.00      0.00    100.00

02:01:40        CPU     %user     %nice   %system   %iowait    %steal     %idle
02:01:41        all      1.33      0.00      0.35      0.00      0.00     98.32
02:01:41          0      0.00      0.00      1.00      0.00      0.00     99.00
02:01:41          1     42.42      0.00      6.06      0.00      0.00     51.52
02:01:41          2      0.00      0.00      0.00      0.00      0.00    100.00
02:01:41          3      0.00      0.00      0.00      0.00      0.00    100.00
02:01:41          4      0.00      0.00      0.00      0.00      0.00    100.00
02:01:41          5      0.00      0.00      0.00      0.00      0.00    100.00
02:01:41          6      1.00      0.00      1.00      0.00      0.00     98.00
02:01:41          7      0.00      0.00      0.00      0.00      0.00    100.00
02:01:41          8      0.00      0.00      0.00      0.00      0.00    100.00
02:01:41          9      0.00      0.00      0.00      0.00      0.00    100.00
02:01:41         10      0.00      0.00      0.00      0.00      0.00    100.00
02:01:41         11      0.98      0.00      0.98      0.00      0.00     98.04
02:01:41         12      0.00      0.00      0.00      0.00      0.00    100.00
02:01:41         13      0.00      0.00      0.00      0.00      0.00    100.00
02:01:41         14      0.00      0.00      0.00      0.00      0.00    100.00
02:01:41         15      0.00      0.00      0.00      0.00      0.00    100.00
02:01:41         16      0.00      0.00      0.00      0.00      0.00    100.00
02:01:41         17      0.00      0.00      0.00      0.00      0.00    100.00
02:01:41         18      0.00      0.00      0.00      0.00      0.00    100.00
02:01:41         19      0.00      0.00      0.00      0.00      0.00    100.00
02:01:41         20      0.99      0.00      0.00      0.00      0.00     99.01
02:01:41         21      0.00      0.00      0.00      0.00      0.00    100.00
02:01:41         22      0.00      0.00      0.00      0.00      0.00    100.00
02:01:41         23      0.00      0.00      0.99      0.00      0.00     99.01
02:01:41         24      6.93      0.00      1.98      0.00      0.00     91.09
02:01:41         25      0.00      0.00      0.00      0.00      0.00    100.00
02:01:41         26      0.00      0.00      0.00      0.00      0.00    100.00
02:01:41         27      0.00      0.00      0.00      0.00      0.00    100.00
02:01:41         28      0.00      0.00      1.00      0.00      0.00     99.00
02:01:41         29      0.00      0.00      1.01      0.00      0.00     98.99
02:01:41         30      0.00      0.00      0.00      0.00      0.00    100.00
02:01:41         31      0.00      0.00      0.00      0.00      0.00    100.00
02:01:41         32      0.00      0.00      0.00      0.00      0.00    100.00
02:01:41         33      0.00      0.00      0.00      0.00      0.00    100.00
02:01:41         34      0.00      0.00      0.00      0.00      0.00    100.00
02:01:41         35      0.00      0.00      0.00      0.00      0.00    100.00
02:01:41         36      0.00      0.00      0.00      0.00      0.00    100.00
02:01:41         37      0.00      0.00      0.00      0.00      0.00    100.00
02:01:41         38      0.00      0.00      0.00      0.00      0.00    100.00
02:01:41         39      0.00      0.00      1.00      0.00      0.00     99.00

02:01:41        CPU     %user     %nice   %system   %iowait    %steal     %idle
02:01:42        all      0.00      0.00      0.03      0.10      0.00     99.87
02:01:42          0      0.00      0.00      0.00      0.00      0.00    100.00
02:01:42          1      0.00      0.00      0.00      0.00      0.00    100.00
02:01:42          2      0.00      0.00      0.00      0.00      0.00    100.00
02:01:42          3      0.00      0.00      0.00      0.00      0.00    100.00
02:01:42          4      0.00      0.00      0.00      0.00      0.00    100.00
02:01:42          5      0.00      0.00      0.00      0.00      0.00    100.00
02:01:42          6      0.00      0.00      0.00      0.00      0.00    100.00
02:01:42          7      0.00      0.00      0.00      0.00      0.00    100.00
02:01:42          8      0.00      0.00      0.00      0.00      0.00    100.00
02:01:42          9      0.00      0.00      0.00      0.00      0.00    100.00
02:01:42         10      0.00      0.00      0.00      0.00      0.00    100.00
02:01:42         11      0.00      0.00      0.00      0.00      0.00    100.00
02:01:42         12      0.00      0.00      0.00      0.00      0.00    100.00
02:01:42         13      1.00      0.00      0.00      0.00      0.00     99.00
02:01:42         14      0.00      0.00      0.00      0.00      0.00    100.00
02:01:42         15      0.00      0.00      0.00      0.00      0.00    100.00
02:01:42         16      0.00      0.00      0.00      0.00      0.00    100.00
02:01:42         17      0.00      0.00      0.00      0.00      0.00    100.00
02:01:42         18      0.00      0.00      0.00      0.00      0.00    100.00
02:01:42         19      0.00      0.00      0.00      0.00      0.00    100.00
02:01:42         20      0.00      0.00      0.00      0.00      0.00    100.00
02:01:42         21      0.00      0.00      0.00      0.00      0.00    100.00
02:01:42         22      0.00      0.00      0.00      0.00      0.00    100.00
02:01:42         23      0.00      0.00      0.00      0.00      0.00    100.00
02:01:42         24      0.00      0.00      0.00      0.00      0.00    100.00
02:01:42         25      0.00      0.00      0.00      0.00      0.00    100.00
02:01:42         26      0.00      0.00      0.00      0.00      0.00    100.00
02:01:42         27      0.00      0.00      0.00      0.00      0.00    100.00
02:01:42         28      0.00      0.00      0.00      0.00      0.00    100.00
02:01:42         29      0.00      0.00      0.99      0.00      0.00     99.01
02:01:42         30      0.00      0.00      0.99      2.97      0.00     96.04
02:01:42         31      0.00      0.00      0.00      0.00      0.00    100.00
02:01:42         32      0.00      0.00      0.00      0.00      0.00    100.00
02:01:42         33      0.00      0.00      0.00      0.00      0.00    100.00
02:01:42         34      0.00      0.00      0.00      0.00      0.00    100.00
02:01:42         35      0.00      0.00      0.00      0.99      0.00     99.01
02:01:42         36      0.00      0.00      0.00      0.00      0.00    100.00
02:01:42         37      0.00      0.00      0.00      0.00      0.00    100.00
02:01:42         38      0.00      0.00      0.00      0.00      0.00    100.00
02:01:42         39      0.00      0.00      0.00      0.00      0.00    100.00

02:01:42        CPU     %user     %nice   %system   %iowait    %steal     %idle
02:01:43        all      0.03      0.00      0.00      0.00      0.00     99.98
02:01:43          0      0.00      0.00      0.00      0.00      0.00    100.00
02:01:43          1      0.00      0.00      0.00      0.00      0.00    100.00
02:01:43          2      0.00      0.00      0.00      0.00      0.00    100.00
02:01:43          3      0.00      0.00      0.00      0.00      0.00    100.00
02:01:43          4      0.00      0.00      0.00      0.00      0.00    100.00
02:01:43          5      0.00      0.00      0.00      0.00      0.00    100.00
02:01:43          6      0.00      0.00      0.00      0.00      0.00    100.00
02:01:43          7      0.00      0.00      0.00      0.00      0.00    100.00
02:01:43          8      0.00      0.00      0.00      0.00      0.00    100.00
02:01:43          9      0.00      0.00      0.00      0.00      0.00    100.00
02:01:43         10      0.00      0.00      0.00      0.00      0.00    100.00
02:01:43         11      0.00      0.00      0.00      0.00      0.00    100.00
02:01:43         12      0.00      0.00      0.00      0.00      0.00    100.00
02:01:43         13      0.00      0.00      0.00      0.00      0.00    100.00
02:01:43         14      0.00      0.00      0.00      0.00      0.00    100.00
02:01:43         15      0.00      0.00      0.00      0.00      0.00    100.00
02:01:43         16      0.00      0.00      0.00      0.00      0.00    100.00
02:01:43         17      0.00      0.00      0.00      0.00      0.00    100.00
02:01:43         18      0.00      0.00      0.00      0.00      0.00    100.00
02:01:43         19      0.00      0.00      0.00      0.00      0.00    100.00
02:01:43         20      0.00      0.00      0.00      0.00      0.00    100.00
02:01:43         21      0.00      0.00      0.00      0.00      0.00    100.00
02:01:43         22      0.00      0.00      0.00      0.00      0.00    100.00
02:01:43         23      0.00      0.00      0.00      0.00      0.00    100.00
02:01:43         24      0.00      0.00      0.00      0.00      0.00    100.00
02:01:43         25      0.00      0.00      0.00      0.00      0.00    100.00
02:01:43         26      0.00      0.00      0.00      0.00      0.00    100.00
02:01:43         27      0.00      0.00      0.00      0.00      0.00    100.00
02:01:43         28      0.00      0.00      0.00      0.00      0.00    100.00
02:01:43         29      0.00      0.00      0.00      0.00      0.00    100.00
02:01:43         30      0.00      0.00      0.00      0.00      0.00    100.00
02:01:43         31      0.00      0.00      0.00      0.00      0.00    100.00
02:01:43         32      0.00      0.00      0.00      0.00      0.00    100.00
02:01:43         33      0.00      0.00      0.00      0.00      0.00    100.00
02:01:43         34      0.00      0.00      0.00      0.00      0.00    100.00
02:01:43         35      0.99      0.00      0.00      0.00      0.00     99.01
02:01:43         36      0.00      0.00      0.00      0.00      0.00    100.00
02:01:43         37      0.00      0.00      0.00      0.00      0.00    100.00
02:01:43         38      0.00      0.00      0.00      0.00      0.00    100.00
02:01:43         39      0.00      0.00      0.00      0.00      0.00    100.00

02:01:43        CPU     %user     %nice   %system   %iowait    %steal     %idle
02:01:44        all      0.00      0.00      0.03      0.00      0.00     99.97
02:01:44          0      0.00      0.00      0.00      0.00      0.00    100.00
02:01:44          1      0.00      0.00      0.00      0.00      0.00    100.00
02:01:44          2      0.00      0.00      0.99      0.00      0.00     99.01
02:01:44          3      0.00      0.00      0.00      0.00      0.00    100.00
02:01:44          4      0.00      0.00      0.00      0.00      0.00    100.00
02:01:44          5      0.00      0.00      0.00      0.00      0.00    100.00
02:01:44          6      0.00      0.00      0.00      0.00      0.00    100.00
02:01:44          7      0.00      0.00      0.99      0.00      0.00     99.01
02:01:44          8      0.00      0.00      0.00      0.00      0.00    100.00
02:01:44          9      0.00      0.00      0.00      0.00      0.00    100.00
02:01:44         10      0.00      0.00      0.00      0.00      0.00    100.00
02:01:44         11      0.00      0.00      0.00      0.00      0.00    100.00
02:01:44         12      0.00      0.00      0.00      0.00      0.00    100.00
02:01:44         13      0.00      0.00      0.00      0.00      0.00    100.00
02:01:44         14      0.00      0.00      0.00      0.00      0.00    100.00
02:01:44         15      0.00      0.00      0.00      0.00      0.00    100.00
02:01:44         16      0.00      0.00      0.00      0.00      0.00    100.00
02:01:44         17      0.00      0.00      0.00      0.00      0.00    100.00
02:01:44         18      0.00      0.00      0.00      0.00      0.00    100.00
02:01:44         19      0.00      0.00      0.00      0.00      0.00    100.00
02:01:44         20      0.00      0.00      0.00      0.00      0.00    100.00
02:01:44         21      0.00      0.00      0.00      0.00      0.00    100.00
02:01:44         22      0.00      0.00      0.00      0.00      0.00    100.00
02:01:44         23      0.00      0.00      0.00      0.00      0.00    100.00
02:01:44         24      0.00      0.00      0.00      0.00      0.00    100.00
02:01:44         25      0.00      0.00      0.00      0.00      0.00    100.00
02:01:44         26      0.00      0.00      0.00      0.00      0.00    100.00
02:01:44         27      0.00      0.00      0.00      0.00      0.00    100.00
02:01:44         28      0.00      0.00      0.00      0.00      0.00    100.00
02:01:44         29      0.00      0.00      0.00      0.00      0.00    100.00
02:01:44         30      0.00      0.00      0.00      0.00      0.00    100.00
02:01:44         31      0.00      0.00      0.00      0.00      0.00    100.00
02:01:44         32      0.00      0.00      0.00      0.00      0.00    100.00
02:01:44         33      0.00      0.00      0.00      0.00      0.00    100.00
02:01:44         34      0.00      0.00      0.00      0.00      0.00    100.00
02:01:44         35      0.00      0.00      0.00      0.00      0.00    100.00
02:01:44         36      0.00      0.00      0.00      0.00      0.00    100.00
02:01:44         37      0.00      0.00      0.00      0.00      0.00    100.00
02:01:44         38      0.00      0.00      0.00      0.00      0.00    100.00
02:01:44         39      0.00      0.00      0.00      0.00      0.00    100.00

02:01:44        CPU     %user     %nice   %system   %iowait    %steal     %idle
02:01:45        all      0.00      0.00      0.00      0.00      0.00    100.00
02:01:45          0      0.00      0.00      0.00      0.00      0.00    100.00
02:01:45          1      0.00      0.00      0.00      0.00      0.00    100.00
02:01:45          2      0.00      0.00      0.00      0.00      0.00    100.00
02:01:45          3      0.00      0.00      0.00      0.00      0.00    100.00
02:01:45          4      0.00      0.00      0.00      0.00      0.00    100.00
02:01:45          5      0.00      0.00      0.00      0.00      0.00    100.00
02:01:45          6      0.00      0.00      0.00      0.00      0.00    100.00
02:01:45          7      0.00      0.00      0.00      0.00      0.00    100.00
02:01:45          8      0.00      0.00      0.00      0.00      0.00    100.00
02:01:45          9      0.00      0.00      0.00      0.00      0.00    100.00
02:01:45         10      0.00      0.00      0.00      0.00      0.00    100.00
02:01:45         11      0.00      0.00      0.00      0.00      0.00    100.00
02:01:45         12      0.00      0.00      0.00      0.00      0.00    100.00
02:01:45         13      0.00      0.00      0.00      0.00      0.00    100.00
02:01:45         14      0.00      0.00      0.00      0.00      0.00    100.00
02:01:45         15      0.00      0.00      0.00      0.00      0.00    100.00
02:01:45         16      0.00      0.00      0.00      0.00      0.00    100.00
02:01:45         17      0.00      0.00      0.00      0.00      0.00    100.00
02:01:45         18      0.00      0.00      0.00      0.00      0.00    100.00
02:01:45         19      0.00      0.00      0.00      0.00      0.00    100.00
02:01:45         20      0.00      0.00      0.00      0.00      0.00    100.00
02:01:45         21      0.00      0.00      0.00      0.00      0.00    100.00
02:01:45         22      0.00      0.00      0.00      0.00      0.00    100.00
02:01:45         23      0.00      0.00      0.00      0.00      0.00    100.00
02:01:45         24      0.00      0.00      0.00      0.00      0.00    100.00
02:01:45         25      0.00      0.00      0.00      0.00      0.00    100.00
02:01:45         26      0.00      0.00      0.00      0.00      0.00    100.00
02:01:45         27      0.00      0.00      0.00      0.00      0.00    100.00
02:01:45         28      0.00      0.00      0.00      0.00      0.00    100.00
02:01:45         29      0.00      0.00      0.00      0.00      0.00    100.00
02:01:45         30      0.00      0.00      0.00      0.00      0.00    100.00
02:01:45         31      0.00      0.00      0.00      0.00      0.00    100.00
02:01:45         32      0.00      0.00      0.00      0.00      0.00    100.00
02:01:45         33      0.00      0.00      0.00      0.00      0.00    100.00
02:01:45         34      0.00      0.00      0.00      0.00      0.00    100.00
02:01:45         35      0.00      0.00      0.00      0.00      0.00    100.00
02:01:45         36      0.00      0.00      0.00      0.00      0.00    100.00
02:01:45         37      0.00      0.00      0.00      0.00      0.00    100.00
02:01:45         38      0.00      0.00      0.00      0.00      0.00    100.00
02:01:45         39      0.00      0.00      0.00      0.00      0.00    100.00

02:01:45        CPU     %user     %nice   %system   %iowait    %steal     %idle
02:01:46        all      0.00      0.00      0.03      0.00      0.00     99.98
02:01:46          0      0.00      0.00      0.00      0.00      0.00    100.00
02:01:46          1      0.00      0.00      0.00      0.00      0.00    100.00
02:01:46          2      0.00      0.00      0.00      0.00      0.00    100.00
02:01:46          3      0.00      0.00      0.00      0.00      0.00    100.00
02:01:46          4      0.00      0.00      0.00      0.00      0.00    100.00
02:01:46          5      0.00      0.00      0.00      0.00      0.00    100.00
02:01:46          6      0.00      0.00      0.00      0.00      0.00    100.00
02:01:46          7      0.00      0.00      0.00      0.00      0.00    100.00
02:01:46          8      0.00      0.00      0.00      0.00      0.00    100.00
02:01:46          9      0.00      0.00      0.00      0.00      0.00    100.00
02:01:46         10      0.00      0.00      0.00      0.00      0.00    100.00
02:01:46         11      0.00      0.00      0.00      0.00      0.00    100.00
02:01:46         12      0.00      0.00      0.00      0.00      0.00    100.00
02:01:46         13      0.00      0.00      0.00      0.00      0.00    100.00
02:01:46         14      0.00      0.00      0.00      0.00      0.00    100.00
02:01:46         15      0.00      0.00      0.99      0.00      0.00     99.01
02:01:46         16      0.00      0.00      0.00      0.00      0.00    100.00
02:01:46         17      0.00      0.00      0.00      0.00      0.00    100.00
02:01:46         18      0.00      0.00      0.00      0.00      0.00    100.00
02:01:46         19      0.00      0.00      0.00      0.00      0.00    100.00
02:01:46         20      0.00      0.00      0.00      0.00      0.00    100.00
02:01:46         21      0.00      0.00      0.00      0.00      0.00    100.00
02:01:46         22      0.00      0.00      0.00      0.00      0.00    100.00
02:01:46         23      0.00      0.00      0.00      0.00      0.00    100.00
02:01:46         24      0.00      0.00      0.00      0.00      0.00    100.00
02:01:46         25      0.00      0.00      0.00      0.00      0.00    100.00
02:01:46         26      0.00      0.00      0.00      0.00      0.00    100.00
02:01:46         27      0.00      0.00      0.00      0.00      0.00    100.00
02:01:46         28      0.00      0.00      0.00      0.00      0.00    100.00
02:01:46         29      0.00      0.00      0.00      0.00      0.00    100.00
02:01:46         30      0.00      0.00      0.00      0.00      0.00    100.00
02:01:46         31      0.00      0.00      0.00      0.00      0.00    100.00
02:01:46         32      0.00      0.00      0.00      0.00      0.00    100.00
02:01:46         33      0.00      0.00      0.00      0.00      0.00    100.00
02:01:46         34      0.00      0.00      0.00      0.00      0.00    100.00
02:01:46         35      0.00      0.00      0.00      0.00      0.00    100.00
02:01:46         36      0.00      0.00      0.00      0.00      0.00    100.00
02:01:46         37      0.00      0.00      0.00      0.00      0.00    100.00
02:01:46         38      0.00      0.00      0.00      0.00      0.00    100.00
02:01:46         39      0.00      0.00      0.00      0.00      0.00    100.00

02:01:46        CPU     %user     %nice   %system   %iowait    %steal     %idle
02:01:47        all      0.03      0.00      0.00      0.00      0.00     99.97
02:01:47          0      0.00      0.00      0.00      0.00      0.00    100.00
02:01:47          1      0.00      0.00      0.00      0.00      0.00    100.00
02:01:47          2      0.00      0.00      0.00      0.00      0.00    100.00
02:01:47          3      0.00      0.00      0.00      0.00      0.00    100.00
02:01:47          4      0.00      0.00      0.00      0.00      0.00    100.00
02:01:47          5      0.00      0.00      0.00      0.00      0.00    100.00
02:01:47          6      0.00      0.00      0.00      0.00      0.00    100.00
02:01:47          7      0.00      0.00      0.00      0.00      0.00    100.00
02:01:47          8      0.00      0.00      0.00      0.00      0.00    100.00
02:01:47          9      0.00      0.00      0.00      0.00      0.00    100.00
02:01:47         10      0.00      0.00      0.00      0.00      0.00    100.00
02:01:47         11      0.00      0.00      0.00      0.00      0.00    100.00
02:01:47         12      0.00      0.00      0.00      0.00      0.00    100.00
02:01:47         13      0.00      0.00      0.00      0.00      0.00    100.00
02:01:47         14      0.00      0.00      0.00      0.00      0.00    100.00
02:01:47         15      0.00      0.00      0.00      0.00      0.00    100.00
02:01:47         16      0.00      0.00      0.00      0.00      0.00    100.00
02:01:47         17      0.00      0.00      0.00      0.00      0.00    100.00
02:01:47         18      0.00      0.00      0.00      0.00      0.00    100.00
02:01:47         19      0.00      0.00      0.00      0.00      0.00    100.00
02:01:47         20      0.00      0.00      0.00      0.00      0.00    100.00
02:01:47         21      0.00      0.00      0.00      0.00      0.00    100.00
02:01:47         22      0.00      0.00      0.00      0.00      0.00    100.00
02:01:47         23      0.00      0.00      0.00      0.00      0.00    100.00
02:01:47         24      0.00      0.00      0.00      0.00      0.00    100.00
02:01:47         25      0.00      0.00      0.00      0.00      0.00    100.00
02:01:47         26      0.00      0.00      0.00      0.00      0.00    100.00
02:01:47         27      0.00      0.00      0.00      0.00      0.00    100.00
02:01:47         28      0.00      0.00      0.00      0.00      0.00    100.00
02:01:47         29      0.00      0.00      0.00      0.00      0.00    100.00
02:01:47         30      0.00      0.00      0.00      0.00      0.00    100.00
02:01:47         31      0.00      0.00      0.00      0.00      0.00    100.00
02:01:47         32      0.00      0.00      0.00      0.00      0.00    100.00
02:01:47         33      0.00      0.00      0.00      0.00      0.00    100.00
02:01:47         34      0.00      0.00      0.00      0.00      0.00    100.00
02:01:47         35      0.00      0.00      0.00      0.00      0.00    100.00
02:01:47         36      0.00      0.00      0.00      0.00      0.00    100.00
02:01:47         37      0.00      0.00      0.00      0.00      0.00    100.00
02:01:47         38      0.00      0.00      0.00      0.00      0.00    100.00
02:01:47         39      0.00      0.00      0.00      0.00      0.00    100.00

02:01:47        CPU     %user     %nice   %system   %iowait    %steal     %idle
02:01:48        all      0.00      0.00      0.00      0.00      0.00    100.00
02:01:48          0      0.00      0.00      0.00      0.00      0.00    100.00
02:01:48          1      0.00      0.00      0.00      0.00      0.00    100.00
02:01:48          2      0.00      0.00      0.00      0.00      0.00    100.00
02:01:48          3      0.00      0.00      0.00      0.00      0.00    100.00
02:01:48          4      0.00      0.00      0.00      0.00      0.00    100.00
02:01:48          5      0.00      0.00      0.00      0.00      0.00    100.00
02:01:48          6      0.00      0.00      0.00      0.00      0.00    100.00
02:01:48          7      0.00      0.00      0.00      0.00      0.00    100.00
02:01:48          8      0.00      0.00      0.00      0.00      0.00    100.00
02:01:48          9      0.00      0.00      0.00      0.00      0.00    100.00
02:01:48         10      0.00      0.00      0.00      0.00      0.00    100.00
02:01:48         11      0.00      0.00      0.00      0.00      0.00    100.00
02:01:48         12      0.00      0.00      0.00      0.00      0.00    100.00
02:01:48         13      0.00      0.00      0.00      0.00      0.00    100.00
02:01:48         14      0.00      0.00      0.00      0.00      0.00    100.00
02:01:48         15      0.00      0.00      0.00      0.00      0.00    100.00
02:01:48         16      0.00      0.00      0.00      0.00      0.00    100.00
02:01:48         17      0.00      0.00      0.00      0.00      0.00    100.00
02:01:48         18      0.00      0.00      0.00      0.00      0.00    100.00
02:01:48         19      0.00      0.00      0.00      0.00      0.00    100.00
02:01:48         20      0.00      0.00      0.00      0.00      0.00    100.00
02:01:48         21      0.00      0.00      0.00      0.00      0.00    100.00
02:01:48         22      0.00      0.00      0.00      0.00      0.00    100.00
02:01:48         23      0.00      0.00      0.00      0.00      0.00    100.00
02:01:48         24      0.00      0.00      0.00      0.00      0.00    100.00
02:01:48         25      0.00      0.00      0.00      0.00      0.00    100.00
02:01:48         26      0.00      0.00      0.00      0.00      0.00    100.00
02:01:48         27      0.00      0.00      0.00      0.00      0.00    100.00
02:01:48         28      0.00      0.00      0.00      0.00      0.00    100.00
02:01:48         29      0.00      0.00      0.00      0.00      0.00    100.00
02:01:48         30      0.00      0.00      0.00      0.00      0.00    100.00
02:01:48         31      0.00      0.00      0.00      0.00      0.00    100.00
02:01:48         32      0.00      0.00      0.00      0.00      0.00    100.00
02:01:48         33      0.00      0.00      0.00      0.00      0.00    100.00
02:01:48         34      0.00      0.00      0.00      0.00      0.00    100.00
02:01:48         35      0.00      0.00      0.00      0.00      0.00    100.00
02:01:48         36      0.00      0.00      0.00      0.00      0.00    100.00
02:01:48         37      0.00      0.00      0.00      0.00      0.00    100.00
02:01:48         38      0.00      0.00      0.00      0.00      0.00    100.00
02:01:48         39      0.00      0.00      0.00      0.00      0.00    100.00

02:01:48        CPU     %user     %nice   %system   %iowait    %steal     %idle
02:01:49        all      0.03      0.00      0.00      0.00      0.00     99.98
02:01:49          0      0.00      0.00      0.00      0.00      0.00    100.00
02:01:49          1      0.00      0.00      0.00      0.00      0.00    100.00
02:01:49          2      0.00      0.00      0.00      0.00      0.00    100.00
02:01:49          3      0.00      0.00      0.00      0.00      0.00    100.00
02:01:49          4      0.00      0.00      0.00      0.00      0.00    100.00
02:01:49          5      0.00      0.00      0.00      0.00      0.00    100.00
02:01:49          6      0.00      0.00      0.00      0.00      0.00    100.00
02:01:49          7      0.00      0.00      0.00      0.00      0.00    100.00
02:01:49          8      0.00      0.00      0.00      0.00      0.00    100.00
02:01:49          9      0.00      0.00      0.00      0.00      0.00    100.00
02:01:49         10      0.00      0.00      0.00      0.00      0.00    100.00
02:01:49         11      0.00      0.00      0.00      0.00      0.00    100.00
02:01:49         12      0.00      0.00      0.00      0.00      0.00    100.00
02:01:49         13      0.99      0.00      0.00      0.00      0.00     99.01
02:01:49         14      0.99      0.00      0.00      0.00      0.00     99.01
02:01:49         15      0.00      0.00      0.00      0.00      0.00    100.00
02:01:49         16      0.00      0.00      0.00      0.00      0.00    100.00
02:01:49         17      0.00      0.00      0.00      0.00      0.00    100.00
02:01:49         18      0.00      0.00      0.00      0.00      0.00    100.00
02:01:49         19      0.00      0.00      0.00      0.00      0.00    100.00
02:01:49         20      0.00      0.00      0.00      0.00      0.00    100.00
02:01:49         21      0.00      0.00      0.00      0.00      0.00    100.00
02:01:49         22      0.00      0.00      0.00      0.00      0.00    100.00
02:01:49         23      0.00      0.00      0.00      0.00      0.00    100.00
02:01:49         24      0.00      0.00      0.00      0.00      0.00    100.00
02:01:49         25      0.00      0.00      0.00      0.00      0.00    100.00
02:01:49         26      0.00      0.00      0.00      0.00      0.00    100.00
02:01:49         27      0.00      0.00      0.00      0.00      0.00    100.00
02:01:49         28      0.00      0.00      0.00      0.00      0.00    100.00
02:01:49         29      0.00      0.00      0.00      0.00      0.00    100.00
02:01:49         30      0.00      0.00      0.00      0.00      0.00    100.00
02:01:49         31      0.00      0.00      0.00      0.00      0.00    100.00
02:01:49         32      0.00      0.00      0.00      0.00      0.00    100.00
02:01:49         33      0.00      0.00      0.00      0.00      0.00    100.00
02:01:49         34      0.00      0.00      0.00      0.00      0.00    100.00
02:01:49         35      0.00      0.00      0.00      0.00      0.00    100.00
02:01:49         36      0.00      0.00      0.00      0.00      0.00    100.00
02:01:49         37      0.00      0.00      0.00      0.00      0.00    100.00
02:01:49         38      0.00      0.00      0.00      0.00      0.00    100.00
02:01:49         39      0.00      0.00      0.00      0.00      0.00    100.00

02:01:49        CPU     %user     %nice   %system   %iowait    %steal     %idle
02:01:50        all      0.00      0.00      0.03      0.00      0.00     99.97
02:01:50          0      0.00      0.00      0.00      0.00      0.00    100.00
02:01:50          1      0.00      0.00      0.00      0.00      0.00    100.00
02:01:50          2      0.00      0.00      0.00      0.00      0.00    100.00
02:01:50          3      0.00      0.00      0.00      0.00      0.00    100.00
02:01:50          4      0.00      0.00      0.00      0.00      0.00    100.00
02:01:50          5      0.00      0.00      0.00      0.00      0.00    100.00
02:01:50          6      0.00      0.00      0.00      0.00      0.00    100.00
02:01:50          7      0.00      0.00      0.00      0.00      0.00    100.00
02:01:50          8      0.00      0.00      0.00      0.00      0.00    100.00
02:01:50          9      0.00      0.00      0.00      0.00      0.00    100.00
02:01:50         10      0.00      0.00      0.00      0.00      0.00    100.00
02:01:50         11      0.00      0.00      0.00      0.00      0.00    100.00
02:01:50         12      0.00      0.00      0.00      0.00      0.00    100.00
02:01:50         13      0.00      0.00      0.00      0.00      0.00    100.00
02:01:50         14      0.00      0.00      0.00      0.00      0.00    100.00
02:01:50         15      0.00      0.00      0.99      0.00      0.00     99.01
02:01:50         16      0.00      0.00      0.00      0.00      0.00    100.00
02:01:50         17      0.00      0.00      0.00      0.00      0.00    100.00
02:01:50         18      0.00      0.00      0.00      0.00      0.00    100.00
02:01:50         19      0.00      0.00      0.00      0.00      0.00    100.00
02:01:50         20      0.00      0.00      0.00      0.00      0.00    100.00
02:01:50         21      0.00      0.00      0.00      0.00      0.00    100.00
02:01:50         22      0.00      0.00      0.00      0.00      0.00    100.00
02:01:50         23      0.00      0.00      0.00      0.00      0.00    100.00
02:01:50         24      0.00      0.00      0.00      0.00      0.00    100.00
02:01:50         25      0.00      0.00      0.00      0.00      0.00    100.00
02:01:50         26      0.00      0.00      0.00      0.00      0.00    100.00
02:01:50         27      0.00      0.00      0.00      0.00      0.00    100.00
02:01:50         28      0.00      0.00      0.00      0.00      0.00    100.00
02:01:50         29      0.00      0.00      0.00      0.00      0.00    100.00
02:01:50         30      0.00      0.00      0.00      0.00      0.00    100.00
02:01:50         31      0.00      0.00      0.00      0.00      0.00    100.00
02:01:50         32      0.00      0.00      0.99      0.00      0.00     99.01
02:01:50         33      0.00      0.00      0.00      0.00      0.00    100.00
02:01:50         34      0.00      0.00      0.00      0.00      0.00    100.00
02:01:50         35      0.00      0.00      0.00      0.00      0.00    100.00
02:01:50         36      0.00      0.00      0.00      0.00      0.00    100.00
02:01:50         37      0.00      0.00      0.00      0.00      0.00    100.00
02:01:50         38      0.00      0.00      0.00      0.00      0.00    100.00
02:01:50         39      0.00      0.00      0.00      0.00      0.00    100.00

02:01:50        CPU     %user     %nice   %system   %iowait    %steal     %idle
02:01:51        all      0.00      0.00      0.00      0.00      0.00    100.00
02:01:51          0      0.00      0.00      0.00      0.00      0.00    100.00
02:01:51          1      0.00      0.00      0.00      0.00      0.00    100.00
02:01:51          2      0.00      0.00      0.00      0.00      0.00    100.00
02:01:51          3      0.00      0.00      0.00      0.00      0.00    100.00
02:01:51          4      0.00      0.00      0.00      0.00      0.00    100.00
02:01:51          5      0.00      0.00      0.00      0.00      0.00    100.00
02:01:51          6      0.00      0.00      0.00      0.00      0.00    100.00
02:01:51          7      0.00      0.00      0.00      0.00      0.00    100.00
02:01:51          8      0.00      0.00      0.00      0.00      0.00    100.00
02:01:51          9      0.00      0.00      0.00      0.00      0.00    100.00
02:01:51         10      0.00      0.00      0.00      0.00      0.00    100.00
02:01:51         11      0.00      0.00      0.00      0.00      0.00    100.00
02:01:51         12      0.00      0.00      0.00      0.00      0.00    100.00
02:01:51         13      0.00      0.00      0.00      0.00      0.00    100.00
02:01:51         14      0.00      0.00      0.99      0.00      0.00     99.01
02:01:51         15      0.00      0.00      0.00      0.00      0.00    100.00
02:01:51         16      0.00      0.00      0.00      0.00      0.00    100.00
02:01:51         17      0.00      0.00      0.00      0.00      0.00    100.00
02:01:51         18      0.00      0.00      0.00      0.00      0.00    100.00
02:01:51         19      0.00      0.00      0.00      0.00      0.00    100.00
02:01:51         20      0.00      0.00      0.00      0.00      0.00    100.00
02:01:51         21      0.00      0.00      0.00      0.00      0.00    100.00
02:01:51         22      0.00      0.00      0.00      0.00      0.00    100.00
02:01:51         23      0.00      0.00      0.00      0.00      0.00    100.00
02:01:51         24      0.00      0.00      0.00      0.00      0.00    100.00
02:01:51         25      0.00      0.00      0.00      0.00      0.00    100.00
02:01:51         26      0.00      0.00      0.00      0.00      0.00    100.00
02:01:51         27      0.00      0.00      0.00      0.00      0.00    100.00
02:01:51         28      0.00      0.00      0.00      0.00      0.00    100.00
02:01:51         29      0.00      0.00      0.00      0.00      0.00    100.00
02:01:51         30      0.00      0.00      0.00      0.00      0.00    100.00
02:01:51         31      0.00      0.00      0.00      0.00      0.00    100.00
02:01:51         32      0.00      0.00      0.00      0.00      0.00    100.00
02:01:51         33      0.00      0.00      0.00      0.00      0.00    100.00
02:01:51         34      0.00      0.00      0.00      0.00      0.00    100.00
02:01:51         35      0.00      0.00      0.00      0.00      0.00    100.00
02:01:51         36      0.00      0.00      0.00      0.00      0.00    100.00
02:01:51         37      0.00      0.00      0.00      0.00      0.00    100.00
02:01:51         38      0.00      0.00      0.00      0.00      0.00    100.00
02:01:51         39      0.00      0.00      0.00      0.00      0.00    100.00

02:01:51        CPU     %user     %nice   %system   %iowait    %steal     %idle
02:01:52        all      0.03      0.00      0.03      0.00      0.00     99.95
02:01:52          0      0.00      0.00      0.00      0.00      0.00    100.00
02:01:52          1      0.00      0.00      0.00      0.00      0.00    100.00
02:01:52          2      0.00      0.00      0.00      0.00      0.00    100.00
02:01:52          3      0.00      0.00      0.00      0.00      0.00    100.00
02:01:52          4      0.00      0.00      0.00      0.00      0.00    100.00
02:01:52          5      0.00      0.00      0.00      0.00      0.00    100.00
02:01:52          6      0.00      0.00      0.00      0.00      0.00    100.00
02:01:52          7      0.00      0.00      0.00      0.00      0.00    100.00
02:01:52          8      0.00      0.00      0.00      0.00      0.00    100.00
02:01:52          9      0.00      0.00      0.00      0.00      0.00    100.00
02:01:52         10      0.00      0.00      0.00      0.00      0.00    100.00
02:01:52         11      0.00      0.00      0.00      0.00      0.00    100.00
02:01:52         12      0.00      0.00      0.00      0.00      0.00    100.00
02:01:52         13      0.00      0.00      0.00      0.00      0.00    100.00
02:01:52         14      0.00      0.00      0.00      0.00      0.00    100.00
02:01:52         15      0.00      0.00      0.00      0.00      0.00    100.00
02:01:52         16      0.00      0.00      0.00      0.00      0.00    100.00
02:01:52         17      0.00      0.00      0.00      0.00      0.00    100.00
02:01:52         18      0.00      0.00      0.00      0.00      0.00    100.00
02:01:52         19      0.00      0.00      0.00      0.00      0.00    100.00
02:01:52         20      0.00      0.00      0.00      0.00      0.00    100.00
02:01:52         21      0.00      0.00      0.00      0.00      0.00    100.00
02:01:52         22      0.00      0.00      0.00      0.00      0.00    100.00
02:01:52         23      0.00      0.00      0.00      0.00      0.00    100.00
02:01:52         24      0.00      0.00      0.00      0.00      0.00    100.00
02:01:52         25      0.00      0.00      0.00      0.00      0.00    100.00
02:01:52         26      0.00      0.00      0.00      0.00      0.00    100.00
02:01:52         27      0.00      0.00      0.00      0.00      0.00    100.00
02:01:52         28      0.00      0.00      0.00      0.00      0.00    100.00
02:01:52         29      0.00      0.00      0.00      0.00      0.00    100.00
02:01:52         30      0.00      0.00      0.00      0.00      0.00    100.00
02:01:52         31      0.00      0.00      0.00      0.00      0.00    100.00
02:01:52         32      0.00      0.00      0.00      0.00      0.00    100.00
02:01:52         33      0.00      0.00      0.00      0.00      0.00    100.00
02:01:52         34      0.00      0.00      0.00      0.00      0.00    100.00
02:01:52         35      0.00      0.00      0.00      0.00      0.00    100.00
02:01:52         36      0.00      0.00      0.00      0.00      0.00    100.00
02:01:52         37      0.00      0.00      0.00      0.00      0.00    100.00
02:01:52         38      0.00      0.00      0.00      0.00      0.00    100.00
02:01:52         39      0.00      0.00      0.00      0.00      0.00    100.00

02:01:52        CPU     %user     %nice   %system   %iowait    %steal     %idle
02:01:53        all      1.43      0.00      0.38      0.00      0.00     98.20
02:01:53          0      7.07      0.00      0.00      0.00      0.00     92.93
02:01:53          1      0.99      0.00      0.00      0.00      0.00     99.01
02:01:53          2      6.06      0.00      0.00      0.00      0.00     93.94
02:01:53          3      0.00      0.00      0.00      0.00      0.00    100.00
02:01:53          4      0.00      0.00      0.00      0.00      0.00    100.00
02:01:53          5      9.00      0.00      1.00      0.00      0.00     90.00
02:01:53          6      0.00      0.00      0.00      0.00      0.00    100.00
02:01:53          7      1.01      0.00      0.00      0.00      0.00     98.99
02:01:53          8      7.00      0.00      1.00      0.00      0.00     92.00
02:01:53          9      0.00      0.00      0.00      0.00      0.00    100.00
02:01:53         10      0.00      0.00      0.00      0.00      0.00    100.00
02:01:53         11      0.00      0.00      0.00      0.00      0.00    100.00
02:01:53         12      1.01      0.00      0.00      0.00      0.00     98.99
02:01:53         13      0.00      0.00      0.00      0.00      0.00    100.00
02:01:53         14      2.00      0.00      1.00      0.00      0.00     97.00
02:01:53         15      0.00      0.00      0.00      0.00      0.00    100.00
02:01:53         16      0.00      0.00      1.00      0.00      0.00     99.00
02:01:53         17      0.00      0.00      0.00      0.00      0.00    100.00
02:01:53         18      0.00      0.00      0.00      0.00      0.00    100.00
02:01:53         19      0.00      0.00      0.00      0.00      0.00    100.00
02:01:53         20      2.00      0.00      0.00      0.00      0.00     98.00
02:01:53         21      0.00      0.00      0.00      0.00      0.00    100.00
02:01:53         22      3.00      0.00      1.00      0.00      0.00     96.00
02:01:53         23      0.00      0.00      0.99      0.00      0.00     99.01
02:01:53         24      0.00      0.00      0.00      0.00      0.00    100.00
02:01:53         25      0.00      0.00      0.00      0.00      0.00    100.00
02:01:53         26     11.88      0.00      1.98      0.00      0.00     86.14
02:01:53         27      0.00      0.00      0.00      0.00      0.00    100.00
02:01:53         28      2.97      0.00      0.99      0.00      0.00     96.04
02:01:53         29      0.00      0.00      0.00      0.00      0.00    100.00
02:01:53         30      0.00      0.00      1.00      0.00      0.00     99.00
02:01:53         31      2.00      0.00      0.00      0.00      0.00     98.00
02:01:53         32      1.01      0.00      0.00      0.00      0.00     98.99
02:01:53         33      0.00      0.00      0.00      0.00      0.00    100.00
02:01:53         34      0.00      0.00      0.00      0.00      0.00    100.00
02:01:53         35      0.00      0.00      0.00      0.00      0.00    100.00
02:01:53         36      0.00      0.00      0.00      0.00      0.00    100.00
02:01:53         37      0.00      0.00      0.00      0.00      0.00    100.00
02:01:53         38      2.00      0.00      1.00      0.00      0.00     97.00
02:01:53         39      0.00      0.00      0.00      0.00      0.00    100.00

02:01:53        CPU     %user     %nice   %system   %iowait    %steal     %idle
02:01:54        all      7.01      0.00      2.00      0.25      0.00     90.74
02:01:54          0      9.00      0.00      1.00      0.00      0.00     90.00
02:01:54          1     32.00      0.00      7.00      2.00      0.00     59.00
02:01:54          2     14.85      0.00      1.98      1.98      0.00     81.19
02:01:54          3      0.00      0.00      1.00      0.00      0.00     99.00
02:01:54          4      8.08      0.00      2.02      0.00      0.00     89.90
02:01:54          5      3.00      0.00      2.00      0.00      0.00     95.00
02:01:54          6     26.26      0.00      4.04      0.00      0.00     69.70
02:01:54          7      0.98      0.00      2.94      0.00      0.00     96.08
02:01:54          8      9.00      0.00      1.00      0.00      0.00     90.00
02:01:54          9      1.98      0.00      2.97      1.98      0.00     93.07
02:01:54         10      5.94      0.00      0.00      0.00      0.00     94.06
02:01:54         11      0.00      0.00      1.01      0.00      0.00     98.99
02:01:54         12      0.98      0.00      2.94      1.96      0.00     94.12
02:01:54         13      0.00      0.00      2.00      2.00      0.00     96.00
02:01:54         14      1.00      0.00      0.00      0.00      0.00     99.00
02:01:54         15      2.97      0.00      1.98      0.00      0.00     95.05
02:01:54         16     20.79      0.00      1.98      0.00      0.00     77.23
02:01:54         17     18.00      0.00      6.00      0.00      0.00     76.00
02:01:54         18      5.05      0.00      2.02      0.00      0.00     92.93
02:01:54         19      1.00      0.00      1.00      0.00      0.00     98.00
02:01:54         20      3.96      0.00      3.96      0.00      0.00     92.08
02:01:54         21      1.00      0.00      1.00      0.00      0.00     98.00
02:01:54         22      0.00      0.00      1.00      0.00      0.00     99.00
02:01:54         23      1.00      0.00      0.00      0.00      0.00     99.00
02:01:54         24      1.02      0.00      0.00      0.00      0.00     98.98
02:01:54         25     12.00      0.00      2.00      0.00      0.00     86.00
02:01:54         26     18.00      0.00      4.00      0.00      0.00     78.00
02:01:54         27      0.98      0.00      1.96      0.00      0.00     97.06
02:01:54         28      6.06      0.00      1.01      0.00      0.00     92.93
02:01:54         29      6.93      0.00      0.99      0.00      0.00     92.08
02:01:54         30      0.00      0.00      1.01      0.00      0.00     98.99
02:01:54         31      0.00      0.00      0.00      0.00      0.00    100.00
02:01:54         32      0.00      0.00      0.99      0.00      0.00     99.01
02:01:54         33     27.00      0.00      3.00      0.00      0.00     70.00
02:01:54         34     11.76      0.00      7.84      0.00      0.00     80.39
02:01:54         35      0.00      0.00      0.00      0.00      0.00    100.00
02:01:54         36      1.00      0.00      1.00      0.00      0.00     98.00
02:01:54         37      0.99      0.00      1.98      0.00      0.00     97.03
02:01:54         38     30.00      0.00      5.00      0.00      0.00     65.00
02:01:54         39      0.00      0.00      1.01      0.00      0.00     98.99

02:01:54        CPU     %user     %nice   %system   %iowait    %steal     %idle
02:01:55        all      0.03      0.00      0.00      0.00      0.00     99.97
02:01:55          0      0.00      0.00      0.00      0.00      0.00    100.00
02:01:55          1      0.00      0.00      0.00      0.00      0.00    100.00
02:01:55          2      0.00      0.00      0.00      0.00      0.00    100.00
02:01:55          3      0.00      0.00      0.00      0.00      0.00    100.00
02:01:55          4      0.00      0.00      0.00      0.00      0.00    100.00
02:01:55          5      0.00      0.00      0.00      0.00      0.00    100.00
02:01:55          6      0.00      0.00      0.00      0.00      0.00    100.00
02:01:55          7      0.00      0.00      0.00      0.00      0.00    100.00
02:01:55          8      0.00      0.00      0.00      0.00      0.00    100.00
02:01:55          9      0.00      0.00      0.00      0.00      0.00    100.00
02:01:55         10      0.00      0.00      0.00      0.00      0.00    100.00
02:01:55         11      0.00      0.00      0.00      0.00      0.00    100.00
02:01:55         12      0.00      0.00      0.00      0.00      0.00    100.00
02:01:55         13      0.00      0.00      0.00      0.00      0.00    100.00
02:01:55         14      0.00      0.00      0.00      0.00      0.00    100.00
02:01:55         15      0.00      0.00      0.00      0.00      0.00    100.00
02:01:55         16      0.00      0.00      0.00      0.00      0.00    100.00
02:01:55         17      0.00      0.00      0.00      0.00      0.00    100.00
02:01:55         18      0.00      0.00      0.00      0.00      0.00    100.00
02:01:55         19      0.00      0.00      0.00      0.00      0.00    100.00
02:01:55         20      0.00      0.00      0.00      0.00      0.00    100.00
02:01:55         21      0.00      0.00      0.00      0.00      0.00    100.00
02:01:55         22      0.00      0.00      0.00      0.00      0.00    100.00
02:01:55         23      0.00      0.00      0.00      0.00      0.00    100.00
02:01:55         24      0.00      0.00      0.00      0.00      0.00    100.00
02:01:55         25      0.00      0.00      0.00      0.00      0.00    100.00
02:01:55         26      0.00      0.00      0.00      0.00      0.00    100.00
02:01:55         27      0.00      0.00      0.00      0.00      0.00    100.00
02:01:55         28      0.00      0.00      0.00      0.00      0.00    100.00
02:01:55         29      0.00      0.00      0.00      0.00      0.00    100.00
02:01:55         30      0.00      0.00      0.00      0.00      0.00    100.00
02:01:55         31      0.00      0.00      0.00      0.00      0.00    100.00
02:01:55         32      0.00      0.00      0.00      0.00      0.00    100.00
02:01:55         33      0.00      0.00      0.00      0.00      0.00    100.00
02:01:55         34      0.00      0.00      0.00      0.00      0.00    100.00
02:01:55         35      0.99      0.00      0.00      0.00      0.00     99.01
02:01:55         36      0.00      0.00      0.00      0.00      0.00    100.00
02:01:55         37      0.00      0.00      0.00      0.00      0.00    100.00
02:01:55         38      0.00      0.00      0.00      0.00      0.00    100.00
02:01:55         39      0.00      0.00      0.00      0.00      0.00    100.00

02:01:55        CPU     %user     %nice   %system   %iowait    %steal     %idle
02:01:56        all      0.00      0.00      0.03      0.00      0.00     99.98
02:01:56          0      0.00      0.00      0.00      0.00      0.00    100.00
02:01:56          1      0.00      0.00      0.00      0.00      0.00    100.00
02:01:56          2      0.00      0.00      0.00      0.00      0.00    100.00
02:01:56          3      0.00      0.00      0.00      0.00      0.00    100.00
02:01:56          4      0.00      0.00      0.00      0.00      0.00    100.00
02:01:56          5      0.00      0.00      0.00      0.00      0.00    100.00
02:01:56          6      0.00      0.00      0.00      0.00      0.00    100.00
02:01:56          7      0.00      0.00      0.00      0.00      0.00    100.00
02:01:56          8      0.00      0.00      0.00      0.00      0.00    100.00
02:01:56          9      0.00      0.00      0.00      0.00      0.00    100.00
02:01:56         10      0.00      0.00      0.00      0.00      0.00    100.00
02:01:56         11      0.00      0.00      0.00      0.00      0.00    100.00
02:01:56         12      0.00      0.00      0.00      0.00      0.00    100.00
02:01:56         13      0.99      0.00      0.00      0.00      0.00     99.01
02:01:56         14      0.00      0.00      0.00      0.00      0.00    100.00
02:01:56         15      0.00      0.00      0.00      0.00      0.00    100.00
02:01:56         16      0.00      0.00      0.00      0.00      0.00    100.00
02:01:56         17      0.00      0.00      0.00      0.00      0.00    100.00
02:01:56         18      0.00      0.00      0.00      0.00      0.00    100.00
02:01:56         19      0.00      0.00      0.00      0.00      0.00    100.00
02:01:56         20      0.00      0.00      0.00      0.00      0.00    100.00
02:01:56         21      0.00      0.00      0.00      0.00      0.00    100.00
02:01:56         22      0.00      0.00      0.00      0.00      0.00    100.00
02:01:56         23      0.00      0.00      0.00      0.00      0.00    100.00
02:01:56         24      0.00      0.00      0.00      0.00      0.00    100.00
02:01:56         25      0.00      0.00      0.00      0.00      0.00    100.00
02:01:56         26      0.00      0.00      0.00      0.00      0.00    100.00
02:01:56         27      0.00      0.00      0.00      0.00      0.00    100.00
02:01:56         28      0.00      0.00      0.00      0.00      0.00    100.00
02:01:56         29      0.00      0.00      0.00      0.00      0.00    100.00
02:01:56         30      0.00      0.00      0.00      0.00      0.00    100.00
02:01:56         31      0.00      0.00      0.00      0.00      0.00    100.00
02:01:56         32      0.00      0.00      0.00      0.00      0.00    100.00
02:01:56         33      0.00      0.00      0.00      0.00      0.00    100.00
02:01:56         34      0.00      0.00      0.00      0.00      0.00    100.00
02:01:56         35      0.00      0.00      0.99      0.00      0.00     99.01
02:01:56         36      0.00      0.00      0.00      0.00      0.00    100.00
02:01:56         37      0.00      0.00      0.00      0.00      0.00    100.00
02:01:56         38      0.00      0.00      0.00      0.00      0.00    100.00
02:01:56         39      0.00      0.00      0.00      0.00      0.00    100.00

02:01:56        CPU     %user     %nice   %system   %iowait    %steal     %idle
02:01:57        all      0.00      0.00      0.03      0.00      0.00     99.97
02:01:57          0      0.00      0.00      0.00      0.00      0.00    100.00
02:01:57          1      0.00      0.00      0.00      0.00      0.00    100.00
02:01:57          2      0.00      0.00      0.00      0.00      0.00    100.00
02:01:57          3      0.00      0.00      0.00      0.00      0.00    100.00
02:01:57          4      0.00      0.00      0.00      0.00      0.00    100.00
02:01:57          5      0.00      0.00      0.00      0.00      0.00    100.00
02:01:57          6      0.00      0.00      0.00      0.00      0.00    100.00
02:01:57          7      0.00      0.00      0.00      0.00      0.00    100.00
02:01:57          8      0.00      0.00      0.00      0.00      0.00    100.00
02:01:57          9      0.00      0.00      0.00      0.00      0.00    100.00
02:01:57         10      0.00      0.00      0.00      0.00      0.00    100.00
02:01:57         11      0.00      0.00      0.00      0.00      0.00    100.00
02:01:57         12      0.00      0.00      0.00      0.00      0.00    100.00
02:01:57         13      0.00      0.00      0.00      0.00      0.00    100.00
02:01:57         14      0.00      0.00      0.00      0.00      0.00    100.00
02:01:57         15      0.00      0.00      0.00      0.00      0.00    100.00
02:01:57         16      0.00      0.00      0.00      0.00      0.00    100.00
02:01:57         17      0.00      0.00      0.00      0.00      0.00    100.00
02:01:57         18      0.00      0.00      0.00      0.00      0.00    100.00
02:01:57         19      0.00      0.00      0.00      0.00      0.00    100.00
02:01:57         20      0.00      0.00      0.00      0.00      0.00    100.00
02:01:57         21      0.00      0.00      0.00      0.00      0.00    100.00
02:01:57         22      0.00      0.00      0.00      0.00      0.00    100.00
02:01:57         23      0.00      0.00      0.00      0.00      0.00    100.00
02:01:57         24      0.00      0.00      0.00      0.00      0.00    100.00
02:01:57         25      0.00      0.00      0.00      0.00      0.00    100.00
02:01:57         26      0.00      0.00      0.00      0.00      0.00    100.00
02:01:57         27      0.00      0.00      0.00      0.00      0.00    100.00
02:01:57         28      0.00      0.00      0.00      0.00      0.00    100.00
02:01:57         29      0.00      0.00      0.00      0.00      0.00    100.00
02:01:57         30      0.00      0.00      0.00      0.00      0.00    100.00
02:01:57         31      0.00      0.00      0.00      0.00      0.00    100.00
02:01:57         32      0.00      0.00      0.00      0.00      0.00    100.00
02:01:57         33      0.00      0.00      0.00      0.00      0.00    100.00
02:01:57         34      0.00      0.00      0.00      0.00      0.00    100.00
02:01:57         35      0.00      0.00      0.00      0.00      0.00    100.00
02:01:57         36      0.00      0.00      0.00      0.00      0.00    100.00
02:01:57         37      0.00      0.00      0.00      0.00      0.00    100.00
02:01:57         38      0.00      0.00      0.00      0.00      0.00    100.00
02:01:57         39      0.00      0.00      0.00      0.00      0.00    100.00

02:01:57        CPU     %user     %nice   %system   %iowait    %steal     %idle
02:01:58        all      0.03      0.00      0.00      0.07      0.00     99.90
02:01:58          0      0.00      0.00      0.00      0.00      0.00    100.00
02:01:58          1      0.00      0.00      0.00      0.00      0.00    100.00
02:01:58          2      0.00      0.00      0.00      0.00      0.00    100.00
02:01:58          3      0.00      0.00      0.00      0.00      0.00    100.00
02:01:58          4      0.00      0.00      0.00      0.00      0.00    100.00
02:01:58          5      0.00      0.00      0.00      0.00      0.00    100.00
02:01:58          6      0.00      0.00      0.00      0.00      0.00    100.00
02:01:58          7      0.00      0.00      0.00      0.00      0.00    100.00
02:01:58          8      0.00      0.00      0.00      0.00      0.00    100.00
02:01:58          9      0.00      0.00      0.00      0.00      0.00    100.00
02:01:58         10      0.00      0.00      0.00      0.00      0.00    100.00
02:01:58         11      0.00      0.00      0.00      0.00      0.00    100.00
02:01:58         12      0.00      0.00      0.00      0.00      0.00    100.00
02:01:58         13      0.00      0.00      0.00      0.00      0.00    100.00
02:01:58         14      0.00      0.00      0.00      0.00      0.00    100.00
02:01:58         15      0.00      0.00      0.00      0.00      0.00    100.00
02:01:58         16      0.00      0.00      0.00      0.00      0.00    100.00
02:01:58         17      0.00      0.00      0.00      0.00      0.00    100.00
02:01:58         18      0.00      0.00      0.00      0.00      0.00    100.00
02:01:58         19      0.00      0.00      0.00      0.00      0.00    100.00
02:01:58         20      0.00      0.00      0.00      0.00      0.00    100.00
02:01:58         21      0.00      0.00      0.00      0.00      0.00    100.00
02:01:58         22      0.00      0.00      0.00      0.00      0.00    100.00
02:01:58         23      0.00      0.00      0.00      0.00      0.00    100.00
02:01:58         24      0.00      0.00      0.00      0.00      0.00    100.00
02:01:58         25      0.00      0.00      0.00      0.00      0.00    100.00
02:01:58         26      0.00      0.00      0.00      0.00      0.00    100.00
02:01:58         27      0.00      0.00      0.00      0.00      0.00    100.00
02:01:58         28      0.00      0.00      0.00      0.00      0.00    100.00
02:01:58         29      0.00      0.00      0.00      0.00      0.00    100.00
02:01:58         30      0.00      0.00      0.00      0.00      0.00    100.00
02:01:58         31      0.00      0.00      0.00      0.00      0.00    100.00
02:01:58         32      0.00      0.00      0.00      0.00      0.00    100.00
02:01:58         33      0.00      0.00      0.00      0.00      0.00    100.00
02:01:58         34      0.00      0.00      0.00      0.00      0.00    100.00
02:01:58         35      0.00      0.00      0.00      3.00      0.00     97.00
02:01:58         36      0.00      0.00      0.00      0.00      0.00    100.00
02:01:58         37      0.00      0.00      0.00      0.00      0.00    100.00
02:01:58         38      0.00      0.00      0.00      0.00      0.00    100.00
02:01:58         39      0.00      0.00      0.00      0.00      0.00    100.00

02:01:58        CPU     %user     %nice   %system   %iowait    %steal     %idle
02:01:59        all      0.03      0.00      0.00      0.00      0.00     99.97
02:01:59          0      0.00      0.00      0.00      0.00      0.00    100.00
02:01:59          1      0.00      0.00      0.00      0.00      0.00    100.00
02:01:59          2      0.00      0.00      0.00      0.00      0.00    100.00
02:01:59          3      0.00      0.00      0.00      0.00      0.00    100.00
02:01:59          4      0.00      0.00      0.00      0.00      0.00    100.00
02:01:59          5      0.00      0.00      0.00      0.00      0.00    100.00
02:01:59          6      0.00      0.00      0.00      0.00      0.00    100.00
02:01:59          7      0.00      0.00      0.00      0.00      0.00    100.00
02:01:59          8      0.00      0.00      0.00      0.00      0.00    100.00
02:01:59          9      0.00      0.00      0.00      0.00      0.00    100.00
02:01:59         10      0.00      0.00      0.00      0.00      0.00    100.00
02:01:59         11      0.00      0.00      0.00      0.00      0.00    100.00
02:01:59         12      0.00      0.00      0.00      0.00      0.00    100.00
02:01:59         13      0.00      0.00      0.00      0.00      0.00    100.00
02:01:59         14      0.00      0.00      0.00      0.00      0.00    100.00
02:01:59         15      0.00      0.00      0.99      0.00      0.00     99.01
02:01:59         16      0.00      0.00      0.00      0.00      0.00    100.00
02:01:59         17      0.00      0.00      0.00      0.00      0.00    100.00
02:01:59         18      0.00      0.00      0.00      0.00      0.00    100.00
02:01:59         19      0.00      0.00      0.00      0.00      0.00    100.00
02:01:59         20      0.00      0.00      0.00      0.00      0.00    100.00
02:01:59         21      0.00      0.00      0.00      0.00      0.00    100.00
02:01:59         22      0.00      0.00      0.00      0.00      0.00    100.00
02:01:59         23      0.00      0.00      0.00      0.00      0.00    100.00
02:01:59         24      0.00      0.00      0.00      0.00      0.00    100.00
02:01:59         25      0.00      0.00      0.00      0.00      0.00    100.00
02:01:59         26      0.00      0.00      0.00      0.00      0.00    100.00
02:01:59         27      0.00      0.00      0.00      0.00      0.00    100.00
02:01:59         28      0.00      0.00      0.00      0.00      0.00    100.00
02:01:59         29      0.00      0.00      0.00      0.00      0.00    100.00
02:01:59         30      0.00      0.00      0.00      0.00      0.00    100.00
02:01:59         31      0.00      0.00      0.00      0.00      0.00    100.00
02:01:59         32      0.00      0.00      0.00      0.00      0.00    100.00
02:01:59         33      0.00      0.00      0.00      0.00      0.00    100.00
02:01:59         34      0.99      0.00      0.00      0.00      0.00     99.01
02:01:59         35      0.00      0.00      0.00      0.00      0.00    100.00
02:01:59         36      0.00      0.00      0.00      0.00      0.00    100.00
02:01:59         37      0.00      0.00      0.00      0.00      0.00    100.00
02:01:59         38      0.00      0.00      0.00      0.00      0.00    100.00
02:01:59         39      0.00      0.00      0.00      0.00      0.00    100.00

02:01:59        CPU     %user     %nice   %system   %iowait    %steal     %idle
02:02:00        all      0.00      0.00      0.03      0.00      0.00     99.97
02:02:00          0      0.00      0.00      0.00      0.00      0.00    100.00
02:02:00          1      0.00      0.00      0.00      0.00      0.00    100.00
02:02:00          2      0.00      0.00      0.00      0.00      0.00    100.00
02:02:00          3      0.00      0.00      0.00      0.00      0.00    100.00
02:02:00          4      0.00      0.00      0.00      0.00      0.00    100.00
02:02:00          5      0.00      0.00      0.00      0.00      0.00    100.00
02:02:00          6      0.00      0.00      0.00      0.00      0.00    100.00
02:02:00          7      0.00      0.00      0.00      0.00      0.00    100.00
02:02:00          8      0.00      0.00      0.00      0.00      0.00    100.00
02:02:00          9      0.00      0.00      0.00      0.00      0.00    100.00
02:02:00         10      0.00      0.00      0.00      0.00      0.00    100.00
02:02:00         11      0.00      0.00      0.00      0.00      0.00    100.00
02:02:00         12      0.00      0.00      0.00      0.00      0.00    100.00
02:02:00         13      0.00      0.00      0.00      0.00      0.00    100.00
02:02:00         14      0.00      0.00      1.00      0.00      0.00     99.00
02:02:00         15      0.00      0.00      0.00      0.00      0.00    100.00
02:02:00         16      0.00      0.00      0.00      0.00      0.00    100.00
02:02:00         17      0.00      0.00      0.00      0.00      0.00    100.00
02:02:00         18      0.00      0.00      0.00      0.00      0.00    100.00
02:02:00         19      0.00      0.00      0.00      0.00      0.00    100.00
02:02:00         20      0.00      0.00      0.00      0.00      0.00    100.00
02:02:00         21      0.00      0.00      0.00      0.00      0.00    100.00
02:02:00         22      0.00      0.00      0.00      0.00      0.00    100.00
02:02:00         23      0.00      0.00      0.00      0.00      0.00    100.00
02:02:00         24      0.00      0.00      0.00      0.00      0.00    100.00
02:02:00         25      0.00      0.00      0.00      0.00      0.00    100.00
02:02:00         26      0.00      0.00      0.00      0.00      0.00    100.00
02:02:00         27      0.00      0.00      0.00      0.00      0.00    100.00
02:02:00         28      0.00      0.00      0.00      0.00      0.00    100.00
02:02:00         29      0.00      0.00      0.00      0.00      0.00    100.00
02:02:00         30      0.00      0.00      0.00      0.00      0.00    100.00
02:02:00         31      0.00      0.00      0.00      0.00      0.00    100.00
02:02:00         32      0.00      0.00      0.00      0.00      0.00    100.00
02:02:00         33      0.00      0.00      0.00      0.00      0.00    100.00
02:02:00         34      0.00      0.00      0.00      0.00      0.00    100.00
02:02:00         35      0.99      0.00      0.00      0.00      0.00     99.01
02:02:00         36      0.00      0.00      0.00      0.00      0.00    100.00
02:02:00         37      0.00      0.00      0.00      0.00      0.00    100.00
02:02:00         38      0.00      0.00      0.00      0.00      0.00    100.00
02:02:00         39      0.00      0.00      0.00      0.00      0.00    100.00

02:02:00        CPU     %user     %nice   %system   %iowait    %steal     %idle
02:02:01        all      0.00      0.00      0.00      0.00      0.00    100.00
02:02:01          0      0.00      0.00      0.00      0.00      0.00    100.00
02:02:01          1      0.00      0.00      0.00      0.00      0.00    100.00
02:02:01          2      0.00      0.00      0.00      0.00      0.00    100.00
02:02:01          3      0.00      0.00      0.00      0.00      0.00    100.00
02:02:01          4      0.00      0.00      0.00      0.00      0.00    100.00
02:02:01          5      0.00      0.00      0.00      0.00      0.00    100.00
02:02:01          6      0.00      0.00      0.00      0.00      0.00    100.00
02:02:01          7      0.00      0.00      0.00      0.00      0.00    100.00
02:02:01          8      0.00      0.00      0.00      0.00      0.00    100.00
02:02:01          9      0.00      0.00      0.00      0.00      0.00    100.00
02:02:01         10      0.00      0.00      0.00      0.00      0.00    100.00
02:02:01         11      0.00      0.00      0.00      0.00      0.00    100.00
02:02:01         12      0.00      0.00      0.00      0.00      0.00    100.00
02:02:01         13      0.00      0.00      0.00      0.00      0.00    100.00
02:02:01         14      0.00      0.00      0.00      0.00      0.00    100.00
02:02:01         15      0.00      0.00      0.00      0.00      0.00    100.00
02:02:01         16      0.00      0.00      0.00      0.00      0.00    100.00
02:02:01         17      0.00      0.00      0.00      0.00      0.00    100.00
02:02:01         18      0.00      0.00      0.00      0.00      0.00    100.00
02:02:01         19      0.00      0.00      0.00      0.00      0.00    100.00
02:02:01         20      0.00      0.00      0.00      0.00      0.00    100.00
02:02:01         21      0.00      0.00      0.00      0.00      0.00    100.00
02:02:01         22      0.00      0.00      0.00      0.00      0.00    100.00
02:02:01         23      0.00      0.00      0.00      0.00      0.00    100.00
02:02:01         24      0.00      0.00      0.00      0.00      0.00    100.00
02:02:01         25      0.00      0.00      0.00      0.00      0.00    100.00
02:02:01         26      0.00      0.00      0.00      0.00      0.00    100.00
02:02:01         27      0.00      0.00      0.00      0.00      0.00    100.00
02:02:01         28      0.00      0.00      0.00      0.00      0.00    100.00
02:02:01         29      0.00      0.00      0.00      0.00      0.00    100.00
02:02:01         30      0.00      0.00      0.00      0.00      0.00    100.00
02:02:01         31      0.00      0.00      0.00      0.00      0.00    100.00
02:02:01         32      0.00      0.00      0.00      0.00      0.00    100.00
02:02:01         33      0.00      0.00      0.00      0.00      0.00    100.00
02:02:01         34      0.00      0.00      0.00      0.00      0.00    100.00
02:02:01         35      0.00      0.00      0.00      0.00      0.00    100.00
02:02:01         36      0.00      0.00      0.00      0.00      0.00    100.00
02:02:01         37      0.00      0.00      0.00      0.00      0.00    100.00
02:02:01         38      0.00      0.00      0.00      0.00      0.00    100.00
02:02:01         39      0.00      0.00      0.00      0.00      0.00    100.00

02:02:01        CPU     %user     %nice   %system   %iowait    %steal     %idle
02:02:02        all      0.03      0.00      0.05      0.28      0.00     99.65
02:02:02          0      0.00      0.00      0.00      4.00      0.00     96.00
02:02:02          1      0.00      0.00      0.00      0.00      0.00    100.00
02:02:02          2      0.00      0.00      1.00      7.00      0.00     92.00
02:02:02          3      0.00      0.00      0.00      0.00      0.00    100.00
02:02:02          4      0.00      0.00      0.00      0.00      0.00    100.00
02:02:02          5      0.00      0.00      0.00      0.00      0.00    100.00
02:02:02          6      0.00      0.00      0.00      0.00      0.00    100.00
02:02:02          7      0.00      0.00      0.00      0.00      0.00    100.00
02:02:02          8      0.00      0.00      0.00      0.00      0.00    100.00
02:02:02          9      0.00      0.00      0.00      0.00      0.00    100.00
02:02:02         10      0.00      0.00      0.00      0.00      0.00    100.00
02:02:02         11      0.00      0.00      0.00      0.00      0.00    100.00
02:02:02         12      0.00      0.00      0.00      0.00      0.00    100.00
02:02:02         13      0.00      0.00      0.00      0.00      0.00    100.00
02:02:02         14      0.00      0.00      0.00      0.00      0.00    100.00
02:02:02         15      0.00      0.00      0.99      0.00      0.00     99.01
02:02:02         16      0.00      0.00      0.00      0.00      0.00    100.00
02:02:02         17      0.00      0.00      0.00      0.00      0.00    100.00
02:02:02         18      0.00      0.00      0.00      0.00      0.00    100.00
02:02:02         19      0.00      0.00      0.00      0.00      0.00    100.00
02:02:02         20      0.00      0.00      0.00      0.00      0.00    100.00
02:02:02         21      0.00      0.00      0.00      0.00      0.00    100.00
02:02:02         22      0.00      0.00      0.00      0.00      0.00    100.00
02:02:02         23      0.00      0.00      0.00      0.00      0.00    100.00
02:02:02         24      0.00      0.00      0.00      0.00      0.00    100.00
02:02:02         25      0.00      0.00      0.00      0.00      0.00    100.00
02:02:02         26      0.00      0.00      0.00      0.00      0.00    100.00
02:02:02         27      0.00      0.00      0.00      0.00      0.00    100.00
02:02:02         28      0.00      0.00      0.00      0.00      0.00    100.00
02:02:02         29      0.00      0.00      0.00      0.00      0.00    100.00
02:02:02         30      0.00      0.00      0.00      0.00      0.00    100.00
02:02:02         31      0.00      0.00      0.00      0.00      0.00    100.00
02:02:02         32      0.00      0.00      0.00      0.00      0.00    100.00
02:02:02         33      0.00      0.00      0.00      0.00      0.00    100.00
02:02:02         34      0.00      0.00      0.99      0.00      0.00     99.01
02:02:02         35      0.00      0.00      0.00      0.00      0.00    100.00
02:02:02         36      0.00      0.00      0.00      0.00      0.00    100.00
02:02:02         37      0.00      0.00      0.00      0.00      0.00    100.00
02:02:02         38      0.00      0.00      0.00      0.00      0.00    100.00
02:02:02         39      0.00      0.00      0.00      0.00      0.00    100.00

02:02:02        CPU     %user     %nice   %system   %iowait    %steal     %idle
02:02:03        all      0.38      0.00      0.10      0.03      0.00     99.50
02:02:03          0      0.00      0.00      0.00      0.00      0.00    100.00
02:02:03          1      0.00      0.00      0.00      0.00      0.00    100.00
02:02:03          2      7.00      0.00      0.00      0.00      0.00     93.00
02:02:03          3      0.00      0.00      0.00      0.00      0.00    100.00
02:02:03          4      0.00      0.00      0.00      0.00      0.00    100.00
02:02:03          5      0.00      0.00      0.00      0.00      0.00    100.00
02:02:03          6      0.00      0.00      0.00      0.00      0.00    100.00
02:02:03          7      0.00      0.00      0.00      0.00      0.00    100.00
02:02:03          8      0.00      0.00      1.00      0.00      0.00     99.00
02:02:03          9      0.00      0.00      0.00      0.00      0.00    100.00
02:02:03         10      0.00      0.00      0.00      0.00      0.00    100.00
02:02:03         11      0.00      0.00      0.00      0.00      0.00    100.00
02:02:03         12      0.00      0.00      0.00      0.00      0.00    100.00
02:02:03         13      1.01      0.00      0.00      0.00      0.00     98.99
02:02:03         14      0.00      0.00      0.00      0.00      0.00    100.00
02:02:03         15      0.00      0.00      0.00      0.00      0.00    100.00
02:02:03         16      0.00      0.00      0.00      0.00      0.00    100.00
02:02:03         17      0.00      0.00      0.00      0.00      0.00    100.00
02:02:03         18      0.00      0.00      0.00      0.00      0.00    100.00
02:02:03         19      0.00      0.00      0.00      0.00      0.00    100.00
02:02:03         20      0.00      0.00      0.00      0.00      0.00    100.00
02:02:03         21      0.00      0.00      0.00      0.00      0.00    100.00
02:02:03         22      4.00      0.00      1.00      0.00      0.00     95.00
02:02:03         23      0.00      0.00      0.00      0.00      0.00    100.00
02:02:03         24      0.00      0.00      0.00      0.00      0.00    100.00
02:02:03         25      0.00      0.00      0.00      0.00      0.00    100.00
02:02:03         26      0.00      0.00      0.00      0.00      0.00    100.00
02:02:03         27      0.00      0.00      0.00      0.00      0.00    100.00
02:02:03         28      0.00      0.00      0.00      0.00      0.00    100.00
02:02:03         29      0.00      0.00      0.00      0.00      0.00    100.00
02:02:03         30      0.99      0.00      0.99      0.00      0.00     98.02
02:02:03         31      0.00      0.00      0.00      0.00      0.00    100.00
02:02:03         32      0.00      0.00      0.00      0.00      0.00    100.00
02:02:03         33      0.00      0.00      0.00      0.00      0.00    100.00
02:02:03         34      0.00      0.00      0.00      0.00      0.00    100.00
02:02:03         35      0.00      0.00      0.00      1.00      0.00     99.00
02:02:03         36      0.00      0.00      0.00      0.00      0.00    100.00
02:02:03         37      0.00      0.00      0.00      0.00      0.00    100.00
02:02:03         38      0.00      0.00      0.00      0.00      0.00    100.00
02:02:03         39      0.00      0.00      0.00      0.00      0.00    100.00

02:02:03        CPU     %user     %nice   %system   %iowait    %steal     %idle
02:02:04        all      1.30      0.00      0.48      0.13      0.00     98.10
02:02:04          0      6.00      0.00      2.00      0.00      0.00     92.00
02:02:04          1      0.00      0.00      0.99      0.00      0.00     99.01
02:02:04          2      8.08      0.00      2.02      0.00      0.00     89.90
02:02:04          3      0.00      0.00      0.99      0.00      0.00     99.01
02:02:04          4      1.96      0.00      2.94      0.00      0.00     95.10
02:02:04          5      0.00      0.00      0.00      0.00      0.00    100.00
02:02:04          6      0.00      0.00      0.00      0.00      0.00    100.00
02:02:04          7      0.00      0.00      0.00      0.00      0.00    100.00
02:02:04          8      0.00      0.00      1.00      0.00      0.00     99.00
02:02:04          9      1.00      0.00      0.00      0.00      0.00     99.00
02:02:04         10      0.00      0.00      0.00      0.00      0.00    100.00
02:02:04         11      0.00      0.00      0.00      0.00      0.00    100.00
02:02:04         12      0.00      0.00      0.00      0.00      0.00    100.00
02:02:04         13      1.00      0.00      1.00      0.00      0.00     98.00
02:02:04         14      0.00      0.00      1.00      0.00      0.00     99.00
02:02:04         15      0.00      0.00      0.00      0.00      0.00    100.00
02:02:04         16      0.00      0.00      0.00      5.05      0.00     94.95
02:02:04         17      0.00      0.00      0.00      0.00      0.00    100.00
02:02:04         18      0.00      0.00      0.00      0.00      0.00    100.00
02:02:04         19      0.00      0.00      0.00      0.00      0.00    100.00
02:02:04         20      0.00      0.00      0.00      0.00      0.00    100.00
02:02:04         21      0.00      0.00      0.00      0.00      0.00    100.00
02:02:04         22     31.68      0.00      4.95      0.00      0.00     63.37
02:02:04         23      0.00      0.00      0.00      0.00      0.00    100.00
02:02:04         24      0.00      0.00      0.00      0.00      0.00    100.00
02:02:04         25      0.00      0.00      0.00      0.00      0.00    100.00
02:02:04         26      0.00      0.00      0.00      0.00      0.00    100.00
02:02:04         27      0.00      0.00      0.00      0.00      0.00    100.00
02:02:04         28      0.00      0.00      0.00      0.00      0.00    100.00
02:02:04         29      0.00      0.00      0.00      0.00      0.00    100.00
02:02:04         30      0.00      0.00      0.00      0.00      0.00    100.00
02:02:04         31      0.00      0.00      1.01      0.00      0.00     98.99
02:02:04         32      0.00      0.00      0.99      0.00      0.00     99.01
02:02:04         33      0.00      0.00      0.00      0.00      0.00    100.00
02:02:04         34      0.00      0.00      0.00      0.00      0.00    100.00
02:02:04         35      0.00      0.00      1.00      0.00      0.00     99.00
02:02:04         36      0.00      0.00      0.00      0.00      0.00    100.00
02:02:04         37      0.00      0.00      0.00      0.00      0.00    100.00
02:02:04         38      0.00      0.00      0.00      0.00      0.00    100.00
02:02:04         39      0.00      0.00      0.00      0.00      0.00    100.00

02:02:04        CPU     %user     %nice   %system   %iowait    %steal     %idle
02:02:05        all      0.03      0.00      0.03      0.00      0.00     99.95
02:02:05          0      0.00      0.00      0.00      0.00      0.00    100.00
02:02:05          1      0.00      0.00      0.00      0.00      0.00    100.00
02:02:05          2      0.00      0.00      0.00      0.00      0.00    100.00
02:02:05          3      0.00      0.00      0.00      0.00      0.00    100.00
02:02:05          4      0.00      0.00      0.00      0.00      0.00    100.00
02:02:05          5      0.00      0.00      0.00      0.00      0.00    100.00
02:02:05          6      0.00      0.00      0.00      0.00      0.00    100.00
02:02:05          7      0.00      0.00      0.00      0.00      0.00    100.00
02:02:05          8      0.00      0.00      0.00      0.00      0.00    100.00
02:02:05          9      0.00      0.00      0.00      0.00      0.00    100.00
02:02:05         10      0.00      0.00      0.00      0.00      0.00    100.00
02:02:05         11      0.00      0.00      0.00      0.00      0.00    100.00
02:02:05         12      0.00      0.00      0.00      0.00      0.00    100.00
02:02:05         13      0.99      0.00      0.00      0.00      0.00     99.01
02:02:05         14      0.00      0.00      0.00      0.00      0.00    100.00
02:02:05         15      0.00      0.00      0.00      0.00      0.00    100.00
02:02:05         16      0.00      0.00      0.00      0.00      0.00    100.00
02:02:05         17      0.00      0.00      0.00      0.00      0.00    100.00
02:02:05         18      0.00      0.00      0.00      0.00      0.00    100.00
02:02:05         19      0.00      0.00      0.00      0.00      0.00    100.00
02:02:05         20      0.00      0.00      0.00      0.00      0.00    100.00
02:02:05         21      0.00      0.00      0.00      0.00      0.00    100.00
02:02:05         22      0.00      0.00      0.00      0.00      0.00    100.00
02:02:05         23      0.00      0.00      0.00      0.00      0.00    100.00
02:02:05         24      0.00      0.00      0.00      0.00      0.00    100.00
02:02:05         25      0.00      0.00      0.00      0.00      0.00    100.00
02:02:05         26      0.00      0.00      0.00      0.00      0.00    100.00
02:02:05         27      0.00      0.00      0.00      0.00      0.00    100.00
02:02:05         28      0.00      0.00      0.00      0.00      0.00    100.00
02:02:05         29      0.00      0.00      0.00      0.00      0.00    100.00
02:02:05         30      0.00      0.00      0.00      0.00      0.00    100.00
02:02:05         31      0.00      0.00      0.00      0.00      0.00    100.00
02:02:05         32      0.00      0.00      0.00      0.00      0.00    100.00
02:02:05         33      0.00      0.00      0.00      0.00      0.00    100.00
02:02:05         34      0.99      0.00      0.00      0.00      0.00     99.01
02:02:05         35      0.00      0.00      0.00      0.00      0.00    100.00
02:02:05         36      0.00      0.00      0.00      0.00      0.00    100.00
02:02:05         37      0.00      0.00      0.00      0.00      0.00    100.00
02:02:05         38      0.00      0.00      0.00      0.00      0.00    100.00
02:02:05         39      0.00      0.00      0.00      0.00      0.00    100.00

02:02:05        CPU     %user     %nice   %system   %iowait    %steal     %idle
02:02:06        all      0.45      0.00      0.08      0.00      0.00     99.47
02:02:06          0      0.99      0.00      0.00      0.00      0.00     99.01
02:02:06          1      0.00      0.00      0.00      0.00      0.00    100.00
02:02:06          2     14.00      0.00      0.00      0.00      0.00     86.00
02:02:06          3      0.00      0.00      0.00      0.00      0.00    100.00
02:02:06          4      0.00      0.00      0.00      0.00      0.00    100.00
02:02:06          5      1.00      0.00      0.00      0.00      0.00     99.00
02:02:06          6      0.00      0.00      0.00      0.00      0.00    100.00
02:02:06          7      0.00      0.00      0.00      0.00      0.00    100.00
02:02:06          8      0.00      0.00      0.00      0.00      0.00    100.00
02:02:06          9      0.00      0.00      0.00      0.00      0.00    100.00
02:02:06         10      0.00      0.00      0.00      0.00      0.00    100.00
02:02:06         11      0.00      0.00      0.00      0.00      0.00    100.00
02:02:06         12      0.00      0.00      0.00      0.00      0.00    100.00
02:02:06         13      0.00      0.00      0.00      0.00      0.00    100.00
02:02:06         14      0.99      0.00      0.99      0.00      0.00     98.02
02:02:06         15      0.00      0.00      0.00      0.00      0.00    100.00
02:02:06         16      0.00      0.00      0.00      0.00      0.00    100.00
02:02:06         17      0.00      0.00      0.00      0.00      0.00    100.00
02:02:06         18      0.00      0.00      0.00      0.00      0.00    100.00
02:02:06         19      0.00      0.00      0.00      0.00      0.00    100.00
02:02:06         20      0.00      0.00      0.00      0.00      0.00    100.00
02:02:06         21      0.00      0.00      0.00      0.00      0.00    100.00
02:02:06         22      0.00      0.00      0.00      0.00      0.00    100.00
02:02:06         23      0.00      0.00      0.00      0.00      0.00    100.00
02:02:06         24      0.00      0.00      0.00      0.00      0.00    100.00
02:02:06         25      0.00      0.00      0.00      0.00      0.00    100.00
02:02:06         26      1.00      0.00      0.00      0.00      0.00     99.00
02:02:06         27      0.00      0.00      0.00      0.00      0.00    100.00
02:02:06         28      0.00      0.00      0.00      0.00      0.00    100.00
02:02:06         29      0.00      0.00      0.00      0.00      0.00    100.00
02:02:06         30      0.00      0.00      0.00      0.00      0.00    100.00
02:02:06         31      0.00      0.00      0.00      0.00      0.00    100.00
02:02:06         32      0.00      0.00      0.00      0.00      0.00    100.00
02:02:06         33      0.00      0.00      0.00      0.00      0.00    100.00
02:02:06         34      0.00      0.00      0.00      0.00      0.00    100.00
02:02:06         35      0.00      0.00      0.00      0.00      0.00    100.00
02:02:06         36      0.00      0.00      0.00      0.00      0.00    100.00
02:02:06         37      0.00      0.00      0.00      0.00      0.00    100.00
02:02:06         38      0.00      0.00      0.00      0.00      0.00    100.00
02:02:06         39      2.00      0.00      0.00      0.00      0.00     98.00
