Linux 6.6.23 (eternity1) 	05/24/25 	_x86_64_	(40 CPU)

02:01:26    kbmemfree   kbavail kbmemused  %memused kbbuffers  kbcached  kbcommit   %commit  kbactive   kbinact   kbdirty
02:01:27     63800860  63638164   1808008      2.76         0    399100   2966320      4.45     60316    681660      4064
02:01:28     63801708  63639012   1807160      2.75         0    399104   2966320      4.45     60296    681052      4072
02:01:29     63801468  63638772   1807400      2.75         0    399108   2966320      4.45     60296    681052      4076
02:01:30     63801368  63638672   1807500      2.75         0    399112   2966320      4.45     60296    681052      4080
02:01:31     63801380  63638684   1807488      2.75         0    399116   2966320      4.45     60296    681052      4084
02:01:32     63801380  63638684   1807488      2.75         0    399116   2966320      4.45     60296    681052      4084
02:01:33     63801380  63638684   1807488      2.75         0    399116   2966320      4.45     60296    681052      4084
02:01:34     63801396  63638700   1807472      2.75         0    399120   2966320      4.45     60296    681052      4088
02:01:35     63801396  63638700   1807472      2.75         0    399120   2966320      4.45     60296    681052      4088
02:01:36     63801428  63638732   1807440      2.75         0    399124   2966320      4.45     60296    681116      4092
02:01:37     63800952  63638288   1807916      2.76         0    399144   2966320      4.45     60296    681128         0
02:01:38     63800700  63638036   1808168      2.76         0    399148   2966320      4.45     60296    681136        16
02:01:39     63800948  63638288   1807920      2.76         0    399152   2966320      4.45     60296    681108        20
02:01:40     63801200  63638544   1807668      2.76         0    399156   2967492      4.46     60296    681564        24
02:01:41     63802612  63639980   1806256      2.75         0    399172   2970876      4.46     60300    684204      1664
02:01:42     63805868  63643528   1803000      2.75         0    399428   2968964      4.46     60388    684040      3132
02:01:43     63807416  63645076   1801452      2.75         0    399416   2965772      4.45     60400    681296      3644
02:01:44     63807416  63645076   1801452      2.75         0    399416   2965772      4.45     60400    681296      3644
02:01:45     63807732  63645392   1801136      2.75         0    399428   2965772      4.45     60396    680952      3656
02:01:46     63807732  63645392   1801136      2.75         0    399436   2965772      4.45     60396    680952      3664
02:01:47     63807764  63645424   1801104      2.75         0    399444   2965772      4.45     60396    680952      3672
02:01:48     63807764  63645424   1801104      2.75         0    399444   2965772      4.45     60396    680952         8
02:01:49     63807828  63645488   1801040      2.75         0    399452   2965772      4.45     60396    680952        20
02:01:50     63807828  63645516   1801040      2.75         0    399456   2965772      4.45     60396    681012        24
02:01:51     63807828  63645516   1801040      2.75         0    399464   2965772      4.45     60396    681012        32
02:01:52     63807828  63645516   1801040      2.75         0    399480   2965772      4.45     60412    680996        36
02:01:53     63807652  63645404   1801216      2.75         0    399528   2970172      4.46     60444    683900        36
02:01:54     63808228  63645984   1800640      2.74         0    399532   2965772      4.45     60440    681072        40
02:01:55     63808228  63645984   1800640      2.74         0    399536   2965772      4.45     60440    681072        44
02:01:56     63808228  63645984   1800640      2.74         0    399540   2965772      4.45     60440    681072        48
02:01:57     63808228  63645984   1800640      2.74         0    399552   2965772      4.45     60440    681072        60
02:01:58     63808480  63646256   1800388      2.74         0    399556   2965772      4.45     60440    681092         4
02:01:59     63808480  63646256   1800388      2.74         0    399556   2965772      4.45     60440    681092        16
02:02:00     63808488  63646264   1800380      2.74         0    399560   2965772      4.45     60440    681092        20
02:02:01     63808488  63646264   1800380      2.74         0    399576   2967336      4.45     60440    681092      1028
02:02:02     63806976  63646516   1801892      2.75         0    400896   2965772      4.45     60888    682844      1480
02:02:03     63806476  63646028   1802392      2.75         0    400900   2966320      4.45     60888    683400         0
02:02:04     63802888  63642112   1805980      2.75         0    400988   2967780      4.46     60948    683996      2136
02:02:05     63800668  63640132   1808200      2.76         0    401228   2969020      4.46     61048    684764      3888
