Linux 6.6.23 (eternity2) 	05/24/25 	_x86_64_	(40 CPU)

01:56:31        CPU     %user     %nice   %system   %iowait    %steal     %idle
01:56:32        all      2.00      0.00      0.78      0.70      0.00     96.52
01:56:32          0      7.00      0.00      2.00     10.00      0.00     81.00
01:56:32          1      0.99      0.00      0.99      0.00      0.00     98.02
01:56:32          2      0.00      0.00      2.00      0.00      0.00     98.00
01:56:32          3      0.00      0.00      0.00      0.00      0.00    100.00
01:56:32          4      9.00      0.00      2.00      0.00      0.00     89.00
01:56:32          5      0.99      0.00      0.99      0.00      0.00     98.02
01:56:32          6      0.00      0.00      1.00      0.00      0.00     99.00
01:56:32          7      0.00      0.00      0.00      0.00      0.00    100.00
01:56:32          8      0.00      0.00      0.00      0.00      0.00    100.00
01:56:32          9      7.00      0.00      2.00      0.00      0.00     91.00
01:56:32         10      0.00      0.00      2.00      3.00      0.00     95.00
01:56:32         11      0.00      0.00      1.00      0.00      0.00     99.00
01:56:32         12      0.98      0.00      0.98      0.00      0.00     98.04
01:56:32         13      0.00      0.00      2.00      0.00      0.00     98.00
01:56:32         14      1.01      0.00      2.02      7.07      0.00     89.90
01:56:32         15      0.00      0.00      1.00      1.00      0.00     98.00
01:56:32         16      2.00      0.00      1.00      0.00      0.00     97.00
01:56:32         17      1.01      0.00      2.02      5.05      0.00     91.92
01:56:32         18      1.00      0.00      1.00      0.00      0.00     98.00
01:56:32         19      0.00      0.00      0.00      0.00      0.00    100.00
01:56:32         20      5.05      0.00      0.00      0.00      0.00     94.95
01:56:32         21      0.00      0.00      0.00      0.00      0.00    100.00
01:56:32         22      0.00      0.00      0.00      0.00      0.00    100.00
01:56:32         23      0.00      0.00      0.99      0.00      0.00     99.01
01:56:32         24      0.99      0.00      0.00      0.00      0.00     99.01
01:56:32         25      0.00      0.00      0.00      0.00      0.00    100.00
01:56:32         26      0.00      0.00      0.00      0.00      0.00    100.00
01:56:32         27      0.00      0.00      0.00      0.00      0.00    100.00
01:56:32         28      0.00      0.00      0.99      0.00      0.00     99.01
01:56:32         29     40.59      0.00      5.94      0.00      0.00     53.47
01:56:32         30      0.00      0.00      0.00      0.00      0.00    100.00
01:56:32         31      0.00      0.00      0.00      0.00      0.00    100.00
01:56:32         32      1.00      0.00      0.00      1.00      0.00     98.00
01:56:32         33      0.00      0.00      0.00      0.00      0.00    100.00
01:56:32         34      0.00      0.00      0.00      0.00      0.00    100.00
01:56:32         35      0.00      0.00      0.00      0.00      0.00    100.00
01:56:32         36      0.00      0.00      0.00      0.00      0.00    100.00
01:56:32         37      0.00      0.00      0.00      0.00      0.00    100.00
01:56:32         38      0.00      0.00      0.00      0.00      0.00    100.00
01:56:32         39      0.00      0.00      2.00      0.00      0.00     98.00

01:56:32        CPU     %user     %nice   %system   %iowait    %steal     %idle
01:56:33        all      1.88      0.00      0.43      0.13      0.00     97.57
01:56:33          0      4.00      0.00      2.00      2.00      0.00     92.00
01:56:33          1      1.02      0.00      0.00      0.00      0.00     98.98
01:56:33          2      0.00      0.00      1.00      3.00      0.00     96.00
01:56:33          3      0.00      0.00      0.00      0.00      0.00    100.00
01:56:33          4      0.00      0.00      0.00      0.00      0.00    100.00
01:56:33          5      0.99      0.00      0.99      0.00      0.00     98.02
01:56:33          6      1.00      0.00      0.00      0.00      0.00     99.00
01:56:33          7      0.00      0.00      0.00      0.00      0.00    100.00
01:56:33          8      0.00      0.00      0.00      0.00      0.00    100.00
01:56:33          9     16.16      0.00      0.00      0.00      0.00     83.84
01:56:33         10      0.99      0.00      0.00      0.00      0.00     99.01
01:56:33         11      2.00      0.00      0.00      0.00      0.00     98.00
01:56:33         12      0.00      0.00      1.00      0.00      0.00     99.00
01:56:33         13      0.00      0.00      0.00      0.00      0.00    100.00
01:56:33         14      0.00      0.00      1.00      0.00      0.00     99.00
01:56:33         15      2.00      0.00      0.00      0.00      0.00     98.00
01:56:33         16      0.00      0.00      0.00      0.00      0.00    100.00
01:56:33         17      0.00      0.00      0.00      0.00      0.00    100.00
01:56:33         18      0.00      0.00      0.00      0.00      0.00    100.00
01:56:33         19      0.00      0.00      0.00      0.00      0.00    100.00
01:56:33         20      1.98      0.00      0.99      0.00      0.00     97.03
01:56:33         21      0.00      0.00      0.00      0.00      0.00    100.00
01:56:33         22      0.99      0.00      0.99      0.00      0.00     98.02
01:56:33         23      0.00      0.00      0.00      0.00      0.00    100.00
01:56:33         24      1.98      0.00      0.99      0.00      0.00     97.03
01:56:33         25      0.00      0.00      0.00      0.00      0.00    100.00
01:56:33         26      0.00      0.00      0.99      0.00      0.00     99.01
01:56:33         27      0.00      0.00      0.00      0.00      0.00    100.00
01:56:33         28      0.00      0.00      0.00      0.00      0.00    100.00
01:56:33         29     42.86      0.00      6.12      0.00      0.00     51.02
01:56:33         30      0.00      0.00      0.00      0.00      0.00    100.00
01:56:33         31      0.00      0.00      0.00      0.00      0.00    100.00
01:56:33         32      0.00      0.00      0.00      0.00      0.00    100.00
01:56:33         33      0.00      0.00      0.00      0.00      0.00    100.00
01:56:33         34      0.00      0.00      0.00      0.00      0.00    100.00
01:56:33         35      0.00      0.00      0.00      0.00      0.00    100.00
01:56:33         36      0.00      0.00      0.00      0.00      0.00    100.00
01:56:33         37      0.00      0.00      0.00      0.00      0.00    100.00
01:56:33         38      0.00      0.00      0.00      0.00      0.00    100.00
01:56:33         39      0.00      0.00      0.00      0.00      0.00    100.00

01:56:33        CPU     %user     %nice   %system   %iowait    %steal     %idle
01:56:34        all      1.18      0.00      0.35      0.00      0.00     98.47
01:56:34          0      0.99      0.00      0.99      0.00      0.00     98.02
01:56:34          1      0.00      0.00      1.01      0.00      0.00     98.99
01:56:34          2      0.00      0.00      0.00      0.00      0.00    100.00
01:56:34          3      0.99      0.00      0.00      0.00      0.00     99.01
01:56:34          4      0.00      0.00      0.00      0.00      0.00    100.00
01:56:34          5      0.00      0.00      1.00      0.00      0.00     99.00
01:56:34          6      0.00      0.00      0.00      0.00      0.00    100.00
01:56:34          7      0.00      0.00      0.00      0.00      0.00    100.00
01:56:34          8      0.00      0.00      0.00      0.00      0.00    100.00
01:56:34          9     36.00      0.00      7.00      0.00      0.00     57.00
01:56:34         10      0.00      0.00      0.00      0.00      0.00    100.00
01:56:34         11      0.00      0.00      1.00      0.00      0.00     99.00
01:56:34         12      0.00      0.00      0.00      0.00      0.00    100.00
01:56:34         13      0.00      0.00      0.00      0.00      0.00    100.00
01:56:34         14      0.00      0.00      0.00      0.00      0.00    100.00
01:56:34         15      0.00      0.00      0.00      0.00      0.00    100.00
01:56:34         16      0.00      0.00      0.00      0.00      0.00    100.00
01:56:34         17      0.00      0.00      0.00      0.00      0.00    100.00
01:56:34         18      0.00      0.00      0.00      0.00      0.00    100.00
01:56:34         19      0.00      0.00      0.00      0.00      0.00    100.00
01:56:34         20      0.00      0.00      0.00      0.00      0.00    100.00
01:56:34         21      0.00      0.00      0.00      0.00      0.00    100.00
01:56:34         22      1.00      0.00      0.00      0.00      0.00     99.00
01:56:34         23      0.00      0.00      0.00      0.00      0.00    100.00
01:56:34         24      0.00      0.00      0.00      0.00      0.00    100.00
01:56:34         25      0.00      0.00      0.00      0.00      0.00    100.00
01:56:34         26      7.00      0.00      1.00      0.00      0.00     92.00
01:56:34         27      0.98      0.00      0.98      0.00      0.00     98.04
01:56:34         28      0.00      0.00      0.99      0.00      0.00     99.01
01:56:34         29      0.00      0.00      0.00      0.00      0.00    100.00
01:56:34         30      0.00      0.00      0.00      0.00      0.00    100.00
01:56:34         31      0.00      0.00      0.00      0.00      0.00    100.00
01:56:34         32      0.00      0.00      0.00      0.00      0.00    100.00
01:56:34         33      0.00      0.00      0.00      0.00      0.00    100.00
01:56:34         34      0.00      0.00      0.00      0.00      0.00    100.00
01:56:34         35      1.00      0.00      0.00      0.00      0.00     99.00
01:56:34         36      0.00      0.00      0.00      0.00      0.00    100.00
01:56:34         37      0.00      0.00      0.00      0.00      0.00    100.00
01:56:34         38      0.00      0.00      0.00      0.00      0.00    100.00
01:56:34         39      0.00      0.00      0.00      0.00      0.00    100.00

01:56:34        CPU     %user     %nice   %system   %iowait    %steal     %idle
01:56:35        all      0.03      0.00      0.00      0.00      0.00     99.97
01:56:35          0      0.00      0.00      0.00      0.00      0.00    100.00
01:56:35          1      0.00      0.00      0.00      0.00      0.00    100.00
01:56:35          2      0.00      0.00      0.00      0.00      0.00    100.00
01:56:35          3      0.00      0.00      0.00      0.00      0.00    100.00
01:56:35          4      0.00      0.00      0.00      0.00      0.00    100.00
01:56:35          5      0.00      0.00      0.00      0.00      0.00    100.00
01:56:35          6      0.00      0.00      0.00      0.00      0.00    100.00
01:56:35          7      0.00      0.00      0.00      0.00      0.00    100.00
01:56:35          8      0.00      0.00      0.00      0.00      0.00    100.00
01:56:35          9      0.00      0.00      0.00      0.00      0.00    100.00
01:56:35         10      0.00      0.00      0.00      0.00      0.00    100.00
01:56:35         11      0.00      0.00      0.00      0.00      0.00    100.00
01:56:35         12      0.00      0.00      0.00      0.00      0.00    100.00
01:56:35         13      0.00      0.00      0.00      0.00      0.00    100.00
01:56:35         14      0.00      0.00      0.00      0.00      0.00    100.00
01:56:35         15      0.00      0.00      0.00      0.00      0.00    100.00
01:56:35         16      0.00      0.00      0.00      0.00      0.00    100.00
01:56:35         17      0.00      0.00      0.00      0.00      0.00    100.00
01:56:35         18      0.00      0.00      0.00      0.00      0.00    100.00
01:56:35         19      0.00      0.00      0.00      0.00      0.00    100.00
01:56:35         20      0.00      0.00      0.00      0.00      0.00    100.00
01:56:35         21      0.00      0.00      0.00      0.00      0.00    100.00
01:56:35         22      0.00      0.00      0.00      0.00      0.00    100.00
01:56:35         23      0.00      0.00      0.00      0.00      0.00    100.00
01:56:35         24      0.00      0.00      0.00      0.00      0.00    100.00
01:56:35         25      0.00      0.00      0.00      0.00      0.00    100.00
01:56:35         26      0.00      0.00      0.00      0.00      0.00    100.00
01:56:35         27      0.00      0.00      0.00      0.00      0.00    100.00
01:56:35         28      0.00      0.00      0.00      0.00      0.00    100.00
01:56:35         29      0.00      0.00      0.00      0.00      0.00    100.00
01:56:35         30      0.00      0.00      0.00      0.00      0.00    100.00
01:56:35         31      0.00      0.00      0.00      0.00      0.00    100.00
01:56:35         32      0.00      0.00      0.00      0.00      0.00    100.00
01:56:35         33      0.00      0.00      0.00      0.00      0.00    100.00
01:56:35         34      0.00      0.00      0.00      0.00      0.00    100.00
01:56:35         35      0.00      0.00      0.00      0.00      0.00    100.00
01:56:35         36      0.00      0.00      0.00      0.00      0.00    100.00
01:56:35         37      0.00      0.00      0.00      0.00      0.00    100.00
01:56:35         38      0.00      0.00      0.00      0.00      0.00    100.00
01:56:35         39      0.00      0.00      0.00      0.00      0.00    100.00

01:56:35        CPU     %user     %nice   %system   %iowait    %steal     %idle
01:56:36        all      0.00      0.00      0.03      0.00      0.00     99.98
01:56:36          0      0.00      0.00      0.00      0.00      0.00    100.00
01:56:36          1      0.00      0.00      0.00      0.00      0.00    100.00
01:56:36          2      0.00      0.00      0.00      0.00      0.00    100.00
01:56:36          3      0.00      0.00      0.00      0.00      0.00    100.00
01:56:36          4      0.00      0.00      0.00      0.00      0.00    100.00
01:56:36          5      0.00      0.00      0.00      0.00      0.00    100.00
01:56:36          6      0.00      0.00      0.00      0.00      0.00    100.00
01:56:36          7      0.00      0.00      0.00      0.00      0.00    100.00
01:56:36          8      0.00      0.00      0.00      0.00      0.00    100.00
01:56:36          9      0.00      0.00      0.00      0.00      0.00    100.00
01:56:36         10      0.00      0.00      0.00      0.00      0.00    100.00
01:56:36         11      0.00      0.00      0.00      0.00      0.00    100.00
01:56:36         12      0.00      0.00      0.00      0.00      0.00    100.00
01:56:36         13      0.00      0.00      0.00      0.00      0.00    100.00
01:56:36         14      0.00      0.00      0.00      0.00      0.00    100.00
01:56:36         15      0.00      0.00      0.00      0.00      0.00    100.00
01:56:36         16      0.00      0.00      0.00      0.00      0.00    100.00
01:56:36         17      0.00      0.00      0.00      0.00      0.00    100.00
01:56:36         18      0.00      0.00      0.00      0.00      0.00    100.00
01:56:36         19      0.00      0.00      0.00      0.00      0.00    100.00
01:56:36         20      0.00      0.00      0.00      0.00      0.00    100.00
01:56:36         21      0.00      0.00      0.00      0.00      0.00    100.00
01:56:36         22      0.00      0.00      0.00      0.00      0.00    100.00
01:56:36         23      0.00      0.00      0.00      0.00      0.00    100.00
01:56:36         24      0.00      0.00      0.00      0.00      0.00    100.00
01:56:36         25      0.00      0.00      0.00      0.00      0.00    100.00
01:56:36         26      0.00      0.00      0.00      0.00      0.00    100.00
01:56:36         27      0.00      0.00      0.00      0.00      0.00    100.00
01:56:36         28      0.00      0.00      0.00      0.00      0.00    100.00
01:56:36         29      0.00      0.00      0.00      0.00      0.00    100.00
01:56:36         30      0.00      0.00      0.00      0.00      0.00    100.00
01:56:36         31      0.00      0.00      0.00      0.00      0.00    100.00
01:56:36         32      0.00      0.00      0.00      0.00      0.00    100.00
01:56:36         33      0.00      0.00      0.00      0.00      0.00    100.00
01:56:36         34      0.00      0.00      0.00      0.00      0.00    100.00
01:56:36         35      0.00      0.00      0.00      0.00      0.00    100.00
01:56:36         36      0.00      0.00      0.00      0.00      0.00    100.00
01:56:36         37      0.00      0.00      0.00      0.00      0.00    100.00
01:56:36         38      0.00      0.00      0.00      0.00      0.00    100.00
01:56:36         39      0.00      0.00      0.00      0.00      0.00    100.00

01:56:36        CPU     %user     %nice   %system   %iowait    %steal     %idle
01:56:37        all      0.00      0.00      0.00      0.00      0.00    100.00
01:56:37          0      0.00      0.00      0.00      0.00      0.00    100.00
01:56:37          1      0.00      0.00      0.00      0.00      0.00    100.00
01:56:37          2      0.00      0.00      0.00      0.00      0.00    100.00
01:56:37          3      0.00      0.00      0.00      0.00      0.00    100.00
01:56:37          4      0.00      0.00      0.00      0.00      0.00    100.00
01:56:37          5      0.00      0.00      0.00      0.00      0.00    100.00
01:56:37          6      0.00      0.00      0.00      0.00      0.00    100.00
01:56:37          7      0.00      0.00      0.00      0.00      0.00    100.00
01:56:37          8      0.00      0.00      0.00      0.00      0.00    100.00
01:56:37          9      0.00      0.00      0.00      0.00      0.00    100.00
01:56:37         10      0.00      0.00      0.00      0.00      0.00    100.00
01:56:37         11      0.00      0.00      0.00      0.00      0.00    100.00
01:56:37         12      0.00      0.00      0.00      0.00      0.00    100.00
01:56:37         13      0.00      0.00      0.00      0.00      0.00    100.00
01:56:37         14      0.00      0.00      0.00      0.00      0.00    100.00
01:56:37         15      0.00      0.00      0.00      0.00      0.00    100.00
01:56:37         16      0.00      0.00      0.00      0.00      0.00    100.00
01:56:37         17      0.00      0.00      0.00      0.00      0.00    100.00
01:56:37         18      0.00      0.00      0.00      0.00      0.00    100.00
01:56:37         19      0.00      0.00      0.00      0.00      0.00    100.00
01:56:37         20      0.00      0.00      0.00      0.00      0.00    100.00
01:56:37         21      0.00      0.00      0.00      0.00      0.00    100.00
01:56:37         22      0.00      0.00      0.00      0.00      0.00    100.00
01:56:37         23      0.00      0.00      0.00      0.00      0.00    100.00
01:56:37         24      0.00      0.00      0.00      0.00      0.00    100.00
01:56:37         25      0.00      0.00      0.00      0.00      0.00    100.00
01:56:37         26      0.00      0.00      0.00      0.00      0.00    100.00
01:56:37         27      0.00      0.00      0.00      0.00      0.00    100.00
01:56:37         28      0.00      0.00      0.00      0.00      0.00    100.00
01:56:37         29      0.00      0.00      0.00      0.00      0.00    100.00
01:56:37         30      0.00      0.00      0.00      0.00      0.00    100.00
01:56:37         31      0.00      0.00      0.00      0.00      0.00    100.00
01:56:37         32      0.00      0.00      0.00      0.00      0.00    100.00
01:56:37         33      0.00      0.00      0.00      0.00      0.00    100.00
01:56:37         34      0.00      0.00      0.00      0.00      0.00    100.00
01:56:37         35      0.00      0.00      0.00      0.00      0.00    100.00
01:56:37         36      0.00      0.00      0.00      0.00      0.00    100.00
01:56:37         37      0.00      0.00      0.00      0.00      0.00    100.00
01:56:37         38      0.00      0.00      0.00      0.00      0.00    100.00
01:56:37         39      0.00      0.00      0.00      0.00      0.00    100.00

01:56:37        CPU     %user     %nice   %system   %iowait    %steal     %idle
01:56:38        all      0.00      0.00      0.03      0.00      0.00     99.97
01:56:38          0      0.00      0.00      0.00      0.00      0.00    100.00
01:56:38          1      0.00      0.00      0.99      0.00      0.00     99.01
01:56:38          2      0.00      0.00      0.00      0.00      0.00    100.00
01:56:38          3      0.00      0.00      0.00      0.00      0.00    100.00
01:56:38          4      0.00      0.00      0.00      0.00      0.00    100.00
01:56:38          5      0.00      0.00      0.00      0.00      0.00    100.00
01:56:38          6      0.00      0.00      0.00      0.00      0.00    100.00
01:56:38          7      0.00      0.00      0.00      0.00      0.00    100.00
01:56:38          8      0.00      0.00      0.00      0.00      0.00    100.00
01:56:38          9      0.00      0.00      0.00      0.00      0.00    100.00
01:56:38         10      0.00      0.00      0.00      0.00      0.00    100.00
01:56:38         11      0.00      0.00      0.00      0.00      0.00    100.00
01:56:38         12      0.00      0.00      0.00      0.00      0.00    100.00
01:56:38         13      0.00      0.00      0.00      0.00      0.00    100.00
01:56:38         14      0.00      0.00      0.00      0.00      0.00    100.00
01:56:38         15      0.00      0.00      0.00      0.00      0.00    100.00
01:56:38         16      0.00      0.00      0.00      0.00      0.00    100.00
01:56:38         17      0.00      0.00      0.00      0.00      0.00    100.00
01:56:38         18      0.00      0.00      0.00      0.00      0.00    100.00
01:56:38         19      0.00      0.00      0.00      0.00      0.00    100.00
01:56:38         20      0.00      0.00      0.00      0.00      0.00    100.00
01:56:38         21      0.00      0.00      0.00      0.00      0.00    100.00
01:56:38         22      0.00      0.00      0.99      0.00      0.00     99.01
01:56:38         23      0.00      0.00      0.00      0.00      0.00    100.00
01:56:38         24      0.00      0.00      0.00      0.00      0.00    100.00
01:56:38         25      0.00      0.00      0.00      0.00      0.00    100.00
01:56:38         26      0.00      0.00      0.00      0.00      0.00    100.00
01:56:38         27      0.00      0.00      0.00      0.00      0.00    100.00
01:56:38         28      0.00      0.00      0.00      0.00      0.00    100.00
01:56:38         29      0.00      0.00      0.00      0.00      0.00    100.00
01:56:38         30      0.00      0.00      0.00      0.00      0.00    100.00
01:56:38         31      0.00      0.00      0.00      0.00      0.00    100.00
01:56:38         32      0.00      0.00      0.00      0.00      0.00    100.00
01:56:38         33      0.00      0.00      0.00      0.00      0.00    100.00
01:56:38         34      0.00      0.00      0.00      0.00      0.00    100.00
01:56:38         35      0.00      0.00      0.00      0.00      0.00    100.00
01:56:38         36      0.00      0.00      0.00      0.00      0.00    100.00
01:56:38         37      0.00      0.00      0.00      0.00      0.00    100.00
01:56:38         38      0.00      0.00      0.00      0.00      0.00    100.00
01:56:38         39      0.00      0.00      0.00      0.00      0.00    100.00

01:56:38        CPU     %user     %nice   %system   %iowait    %steal     %idle
01:56:39        all      0.00      0.00      0.03      0.00      0.00     99.98
01:56:39          0      0.00      0.00      0.00      0.00      0.00    100.00
01:56:39          1      0.00      0.00      0.99      0.00      0.00     99.01
01:56:39          2      0.00      0.00      0.00      0.00      0.00    100.00
01:56:39          3      0.00      0.00      0.00      0.00      0.00    100.00
01:56:39          4      0.00      0.00      0.00      0.00      0.00    100.00
01:56:39          5      0.00      0.00      0.00      0.00      0.00    100.00
01:56:39          6      0.00      0.00      0.00      0.00      0.00    100.00
01:56:39          7      0.00      0.00      0.00      0.00      0.00    100.00
01:56:39          8      0.00      0.00      0.00      0.00      0.00    100.00
01:56:39          9      0.00      0.00      0.00      0.00      0.00    100.00
01:56:39         10      0.00      0.00      0.00      0.00      0.00    100.00
01:56:39         11      0.00      0.00      0.00      0.00      0.00    100.00
01:56:39         12      0.00      0.00      0.00      0.00      0.00    100.00
01:56:39         13      0.99      0.00      0.00      0.00      0.00     99.01
01:56:39         14      0.00      0.00      0.00      0.00      0.00    100.00
01:56:39         15      0.00      0.00      0.00      0.00      0.00    100.00
01:56:39         16      0.00      0.00      0.00      0.00      0.00    100.00
01:56:39         17      0.00      0.00      0.00      0.00      0.00    100.00
01:56:39         18      0.00      0.00      0.00      0.00      0.00    100.00
01:56:39         19      0.00      0.00      0.00      0.00      0.00    100.00
01:56:39         20      0.00      0.00      0.00      0.00      0.00    100.00
01:56:39         21      0.00      0.00      0.00      0.00      0.00    100.00
01:56:39         22      0.00      0.00      0.00      0.00      0.00    100.00
01:56:39         23      0.00      0.00      0.00      0.00      0.00    100.00
01:56:39         24      0.00      0.00      0.00      0.00      0.00    100.00
01:56:39         25      0.00      0.00      0.00      0.00      0.00    100.00
01:56:39         26      0.00      0.00      0.00      0.00      0.00    100.00
01:56:39         27      0.00      0.00      0.00      0.00      0.00    100.00
01:56:39         28      0.00      0.00      0.00      0.00      0.00    100.00
01:56:39         29      0.00      0.00      0.00      0.00      0.00    100.00
01:56:39         30      0.00      0.00      0.00      0.00      0.00    100.00
01:56:39         31      0.00      0.00      0.00      0.00      0.00    100.00
01:56:39         32      0.00      0.00      0.00      0.00      0.00    100.00
01:56:39         33      0.00      0.00      0.00      0.00      0.00    100.00
01:56:39         34      0.00      0.00      0.00      0.00      0.00    100.00
01:56:39         35      0.00      0.00      0.00      0.00      0.00    100.00
01:56:39         36      0.00      0.00      0.00      0.00      0.00    100.00
01:56:39         37      0.00      0.00      0.00      0.00      0.00    100.00
01:56:39         38      0.00      0.00      0.00      0.00      0.00    100.00
01:56:39         39      0.00      0.00      0.00      0.00      0.00    100.00

01:56:39        CPU     %user     %nice   %system   %iowait    %steal     %idle
01:56:40        all      0.00      0.00      0.03      0.00      0.00     99.98
01:56:40          0      0.00      0.00      0.99      0.00      0.00     99.01
01:56:40          1      0.00      0.00      0.00      0.00      0.00    100.00
01:56:40          2      0.00      0.00      0.00      0.00      0.00    100.00
01:56:40          3      0.00      0.00      0.00      0.00      0.00    100.00
01:56:40          4      0.00      0.00      0.00      0.00      0.00    100.00
01:56:40          5      0.00      0.00      0.00      0.00      0.00    100.00
01:56:40          6      0.00      0.00      0.00      0.00      0.00    100.00
01:56:40          7      0.00      0.00      0.00      0.00      0.00    100.00
01:56:40          8      0.00      0.00      0.00      0.00      0.00    100.00
01:56:40          9      0.00      0.00      0.00      0.00      0.00    100.00
01:56:40         10      0.00      0.00      0.00      0.00      0.00    100.00
01:56:40         11      0.00      0.00      0.00      0.00      0.00    100.00
01:56:40         12      0.00      0.00      0.00      0.00      0.00    100.00
01:56:40         13      0.00      0.00      0.00      0.00      0.00    100.00
01:56:40         14      0.00      0.00      0.00      0.00      0.00    100.00
01:56:40         15      0.00      0.00      0.00      0.00      0.00    100.00
01:56:40         16      0.00      0.00      0.00      0.00      0.00    100.00
01:56:40         17      0.00      0.00      0.00      0.00      0.00    100.00
01:56:40         18      0.00      0.00      0.00      0.00      0.00    100.00
01:56:40         19      0.00      0.00      0.00      0.00      0.00    100.00
01:56:40         20      0.00      0.00      0.00      0.00      0.00    100.00
01:56:40         21      0.00      0.00      0.00      0.00      0.00    100.00
01:56:40         22      0.00      0.00      0.00      0.00      0.00    100.00
01:56:40         23      0.00      0.00      0.00      0.00      0.00    100.00
01:56:40         24      0.00      0.00      0.00      0.00      0.00    100.00
01:56:40         25      0.00      0.00      0.00      0.00      0.00    100.00
01:56:40         26      0.00      0.00      0.00      0.00      0.00    100.00
01:56:40         27      0.00      0.00      0.00      0.00      0.00    100.00
01:56:40         28      0.00      0.00      0.00      0.00      0.00    100.00
01:56:40         29      0.00      0.00      0.00      0.00      0.00    100.00
01:56:40         30      0.00      0.00      0.00      0.00      0.00    100.00
01:56:40         31      0.00      0.00      0.00      0.00      0.00    100.00
01:56:40         32      0.00      0.00      0.00      0.00      0.00    100.00
01:56:40         33      0.00      0.00      0.00      0.00      0.00    100.00
01:56:40         34      0.00      0.00      0.00      0.00      0.00    100.00
01:56:40         35      0.00      0.00      0.00      0.00      0.00    100.00
01:56:40         36      0.00      0.00      0.00      0.00      0.00    100.00
01:56:40         37      0.00      0.00      0.00      0.00      0.00    100.00
01:56:40         38      0.00      0.00      0.00      0.00      0.00    100.00
01:56:40         39      0.00      0.00      0.00      0.00      0.00    100.00

01:56:40        CPU     %user     %nice   %system   %iowait    %steal     %idle
01:56:41        all      0.03      0.00      0.00      0.00      0.00     99.97
01:56:41          0      0.00      0.00      0.00      0.00      0.00    100.00
01:56:41          1      1.00      0.00      0.00      0.00      0.00     99.00
01:56:41          2      0.00      0.00      0.00      0.00      0.00    100.00
01:56:41          3      0.00      0.00      0.00      0.00      0.00    100.00
01:56:41          4      0.00      0.00      0.00      0.00      0.00    100.00
01:56:41          5      0.00      0.00      0.00      0.00      0.00    100.00
01:56:41          6      0.00      0.00      0.00      0.00      0.00    100.00
01:56:41          7      0.00      0.00      0.00      0.00      0.00    100.00
01:56:41          8      0.00      0.00      0.00      0.00      0.00    100.00
01:56:41          9      0.00      0.00      0.00      0.00      0.00    100.00
01:56:41         10      0.00      0.00      0.00      0.00      0.00    100.00
01:56:41         11      0.00      0.00      0.00      0.00      0.00    100.00
01:56:41         12      0.00      0.00      0.00      0.00      0.00    100.00
01:56:41         13      0.00      0.00      0.00      0.00      0.00    100.00
01:56:41         14      0.00      0.00      0.00      0.00      0.00    100.00
01:56:41         15      0.00      0.00      0.00      0.00      0.00    100.00
01:56:41         16      0.00      0.00      0.00      0.00      0.00    100.00
01:56:41         17      0.00      0.00      0.00      0.00      0.00    100.00
01:56:41         18      0.00      0.00      0.00      0.00      0.00    100.00
01:56:41         19      0.00      0.00      0.00      0.00      0.00    100.00
01:56:41         20      0.00      0.00      0.00      0.00      0.00    100.00
01:56:41         21      0.00      0.00      0.00      0.00      0.00    100.00
01:56:41         22      0.00      0.00      0.00      0.00      0.00    100.00
01:56:41         23      0.00      0.00      0.00      0.00      0.00    100.00
01:56:41         24      0.00      0.00      0.00      0.00      0.00    100.00
01:56:41         25      0.00      0.00      0.00      0.00      0.00    100.00
01:56:41         26      0.00      0.00      0.00      0.00      0.00    100.00
01:56:41         27      0.00      0.00      0.00      0.00      0.00    100.00
01:56:41         28      0.00      0.00      0.00      0.00      0.00    100.00
01:56:41         29      0.00      0.00      0.00      0.00      0.00    100.00
01:56:41         30      0.00      0.00      0.00      0.00      0.00    100.00
01:56:41         31      0.00      0.00      0.00      0.00      0.00    100.00
01:56:41         32      0.00      0.00      0.00      0.00      0.00    100.00
01:56:41         33      0.00      0.00      0.00      0.00      0.00    100.00
01:56:41         34      0.00      0.00      0.00      0.00      0.00    100.00
01:56:41         35      0.00      0.00      0.00      0.00      0.00    100.00
01:56:41         36      0.00      0.00      0.00      0.00      0.00    100.00
01:56:41         37      0.00      0.00      0.00      0.00      0.00    100.00
01:56:41         38      0.00      0.00      0.00      0.00      0.00    100.00
01:56:41         39      0.00      0.00      0.00      0.00      0.00    100.00

01:56:41        CPU     %user     %nice   %system   %iowait    %steal     %idle
01:56:42        all      0.00      0.00      0.00      0.00      0.00    100.00
01:56:42          0      0.00      0.00      0.00      0.00      0.00    100.00
01:56:42          1      0.00      0.00      0.00      0.00      0.00    100.00
01:56:42          2      0.00      0.00      0.00      0.00      0.00    100.00
01:56:42          3      0.00      0.00      0.00      0.00      0.00    100.00
01:56:42          4      0.00      0.00      0.00      0.00      0.00    100.00
01:56:42          5      0.00      0.00      0.00      0.00      0.00    100.00
01:56:42          6      0.00      0.00      0.00      0.00      0.00    100.00
01:56:42          7      0.00      0.00      0.00      0.00      0.00    100.00
01:56:42          8      0.00      0.00      0.00      0.00      0.00    100.00
01:56:42          9      0.00      0.00      0.00      0.00      0.00    100.00
01:56:42         10      0.00      0.00      0.00      0.00      0.00    100.00
01:56:42         11      0.00      0.00      0.00      0.00      0.00    100.00
01:56:42         12      0.00      0.00      0.00      0.00      0.00    100.00
01:56:42         13      0.00      0.00      0.00      0.00      0.00    100.00
01:56:42         14      0.00      0.00      0.00      0.00      0.00    100.00
01:56:42         15      0.00      0.00      0.00      0.00      0.00    100.00
01:56:42         16      0.00      0.00      0.00      0.00      0.00    100.00
01:56:42         17      0.00      0.00      0.00      0.00      0.00    100.00
01:56:42         18      0.00      0.00      0.00      0.00      0.00    100.00
01:56:42         19      0.00      0.00      0.00      0.00      0.00    100.00
01:56:42         20      0.00      0.00      0.00      0.00      0.00    100.00
01:56:42         21      0.00      0.00      0.00      0.00      0.00    100.00
01:56:42         22      0.00      0.00      0.00      0.00      0.00    100.00
01:56:42         23      0.00      0.00      0.00      0.00      0.00    100.00
01:56:42         24      0.00      0.00      0.00      0.00      0.00    100.00
01:56:42         25      0.00      0.00      0.00      0.00      0.00    100.00
01:56:42         26      0.00      0.00      0.00      0.00      0.00    100.00
01:56:42         27      0.00      0.00      0.00      0.00      0.00    100.00
01:56:42         28      0.00      0.00      0.00      0.00      0.00    100.00
01:56:42         29      0.00      0.00      0.00      0.00      0.00    100.00
01:56:42         30      0.00      0.00      0.00      0.00      0.00    100.00
01:56:42         31      0.00      0.00      0.00      0.00      0.00    100.00
01:56:42         32      0.00      0.00      0.00      0.00      0.00    100.00
01:56:42         33      0.00      0.00      0.00      0.00      0.00    100.00
01:56:42         34      0.00      0.00      0.00      0.00      0.00    100.00
01:56:42         35      0.00      0.00      0.00      0.00      0.00    100.00
01:56:42         36      0.00      0.00      0.00      0.00      0.00    100.00
01:56:42         37      0.00      0.00      0.00      0.00      0.00    100.00
01:56:42         38      0.00      0.00      0.00      0.00      0.00    100.00
01:56:42         39      0.00      0.00      0.00      0.00      0.00    100.00

01:56:42        CPU     %user     %nice   %system   %iowait    %steal     %idle
01:56:43        all      0.00      0.00      0.03      0.05      0.00     99.92
01:56:43          0      0.00      0.00      0.00      1.98      0.00     98.02
01:56:43          1      0.00      0.00      0.00      0.00      0.00    100.00
01:56:43          2      0.00      0.00      0.00      0.00      0.00    100.00
01:56:43          3      0.00      0.00      0.00      0.00      0.00    100.00
01:56:43          4      0.00      0.00      0.00      0.00      0.00    100.00
01:56:43          5      0.00      0.00      0.00      0.00      0.00    100.00
01:56:43          6      0.00      0.00      0.00      0.00      0.00    100.00
01:56:43          7      0.00      0.00      0.00      0.00      0.00    100.00
01:56:43          8      0.00      0.00      0.00      0.00      0.00    100.00
01:56:43          9      0.00      0.00      0.00      0.00      0.00    100.00
01:56:43         10      0.00      0.00      0.00      0.00      0.00    100.00
01:56:43         11      0.00      0.00      0.00      0.00      0.00    100.00
01:56:43         12      0.00      0.00      0.00      0.00      0.00    100.00
01:56:43         13      0.00      0.00      0.00      0.00      0.00    100.00
01:56:43         14      0.00      0.00      0.00      0.00      0.00    100.00
01:56:43         15      0.00      0.00      0.00      0.00      0.00    100.00
01:56:43         16      0.00      0.00      0.00      0.00      0.00    100.00
01:56:43         17      0.00      0.00      0.00      0.00      0.00    100.00
01:56:43         18      0.00      0.00      0.00      0.00      0.00    100.00
01:56:43         19      0.00      0.00      0.00      0.00      0.00    100.00
01:56:43         20      0.00      0.00      0.00      0.00      0.00    100.00
01:56:43         21      0.00      0.00      0.00      0.00      0.00    100.00
01:56:43         22      0.00      0.00      0.00      0.00      0.00    100.00
01:56:43         23      0.00      0.00      0.00      0.00      0.00    100.00
01:56:43         24      0.00      0.00      0.00      0.00      0.00    100.00
01:56:43         25      0.00      0.00      0.00      0.00      0.00    100.00
01:56:43         26      0.00      0.00      0.00      0.00      0.00    100.00
01:56:43         27      0.00      0.00      0.00      0.00      0.00    100.00
01:56:43         28      0.00      0.00      0.00      0.00      0.00    100.00
01:56:43         29      0.00      0.00      0.00      0.00      0.00    100.00
01:56:43         30      0.00      0.00      0.00      0.00      0.00    100.00
01:56:43         31      0.00      0.00      0.00      0.00      0.00    100.00
01:56:43         32      0.00      0.00      0.00      0.00      0.00    100.00
01:56:43         33      0.00      0.00      0.00      0.00      0.00    100.00
01:56:43         34      0.00      0.00      0.00      0.00      0.00    100.00
01:56:43         35      0.00      0.00      0.00      0.00      0.00    100.00
01:56:43         36      0.00      0.00      0.00      0.00      0.00    100.00
01:56:43         37      0.00      0.00      0.00      0.00      0.00    100.00
01:56:43         38      0.00      0.00      0.00      0.00      0.00    100.00
01:56:43         39      0.00      0.00      0.00      0.00      0.00    100.00

01:56:43        CPU     %user     %nice   %system   %iowait    %steal     %idle
01:56:44        all      0.00      0.00      0.00      0.00      0.00    100.00
01:56:44          0      0.00      0.00      0.00      0.00      0.00    100.00
01:56:44          1      0.00      0.00      0.00      0.00      0.00    100.00
01:56:44          2      0.00      0.00      0.00      0.00      0.00    100.00
01:56:44          3      0.00      0.00      0.00      0.00      0.00    100.00
01:56:44          4      0.00      0.00      0.00      0.00      0.00    100.00
01:56:44          5      0.00      0.00      0.00      0.00      0.00    100.00
01:56:44          6      0.00      0.00      0.00      0.00      0.00    100.00
01:56:44          7      0.00      0.00      0.00      0.00      0.00    100.00
01:56:44          8      0.00      0.00      0.00      0.00      0.00    100.00
01:56:44          9      0.00      0.00      0.00      0.00      0.00    100.00
01:56:44         10      0.00      0.00      0.00      0.00      0.00    100.00
01:56:44         11      0.00      0.00      0.00      0.00      0.00    100.00
01:56:44         12      0.00      0.00      0.00      0.00      0.00    100.00
01:56:44         13      0.00      0.00      0.00      0.00      0.00    100.00
01:56:44         14      0.00      0.00      0.00      0.00      0.00    100.00
01:56:44         15      0.00      0.00      0.00      0.00      0.00    100.00
01:56:44         16      0.00      0.00      0.00      0.00      0.00    100.00
01:56:44         17      0.00      0.00      0.00      0.00      0.00    100.00
01:56:44         18      0.00      0.00      0.00      0.00      0.00    100.00
01:56:44         19      0.00      0.00      0.00      0.00      0.00    100.00
01:56:44         20      0.00      0.00      0.00      0.00      0.00    100.00
01:56:44         21      0.00      0.00      0.00      0.00      0.00    100.00
01:56:44         22      0.00      0.00      0.00      0.00      0.00    100.00
01:56:44         23      0.00      0.00      0.00      0.00      0.00    100.00
01:56:44         24      0.00      0.00      0.00      0.00      0.00    100.00
01:56:44         25      0.00      0.00      0.00      0.00      0.00    100.00
01:56:44         26      0.00      0.00      0.00      0.00      0.00    100.00
01:56:44         27      0.00      0.00      0.00      0.00      0.00    100.00
01:56:44         28      0.00      0.00      0.00      0.00      0.00    100.00
01:56:44         29      0.00      0.00      0.00      0.00      0.00    100.00
01:56:44         30      0.00      0.00      0.00      0.00      0.00    100.00
01:56:44         31      0.00      0.00      0.00      0.00      0.00    100.00
01:56:44         32      0.00      0.00      0.00      0.00      0.00    100.00
01:56:44         33      0.00      0.00      0.00      0.00      0.00    100.00
01:56:44         34      0.00      0.00      0.00      0.00      0.00    100.00
01:56:44         35      0.00      0.00      0.00      0.00      0.00    100.00
01:56:44         36      0.00      0.00      0.00      0.00      0.00    100.00
01:56:44         37      0.00      0.00      0.00      0.00      0.00    100.00
01:56:44         38      0.00      0.00      0.00      0.00      0.00    100.00
01:56:44         39      0.00      0.00      0.00      0.00      0.00    100.00

01:56:44        CPU     %user     %nice   %system   %iowait    %steal     %idle
01:56:45        all      0.00      0.00      0.00      0.00      0.00    100.00
01:56:45          0      0.00      0.00      0.00      0.00      0.00    100.00
01:56:45          1      0.00      0.00      0.00      0.00      0.00    100.00
01:56:45          2      0.00      0.00      0.00      0.00      0.00    100.00
01:56:45          3      0.00      0.00      0.00      0.00      0.00    100.00
01:56:45          4      0.00      0.00      0.00      0.00      0.00    100.00
01:56:45          5      0.00      0.00      0.00      0.00      0.00    100.00
01:56:45          6      0.00      0.00      0.00      0.00      0.00    100.00
01:56:45          7      0.00      0.00      0.00      0.00      0.00    100.00
01:56:45          8      0.00      0.00      0.00      0.00      0.00    100.00
01:56:45          9      0.00      0.00      0.00      0.00      0.00    100.00
01:56:45         10      0.00      0.00      0.00      0.00      0.00    100.00
01:56:45         11      0.00      0.00      0.00      0.00      0.00    100.00
01:56:45         12      0.00      0.00      0.00      0.00      0.00    100.00
01:56:45         13      0.00      0.00      0.00      0.00      0.00    100.00
01:56:45         14      0.00      0.00      0.00      0.00      0.00    100.00
01:56:45         15      0.00      0.00      0.00      0.00      0.00    100.00
01:56:45         16      0.00      0.00      0.00      0.00      0.00    100.00
01:56:45         17      0.00      0.00      0.00      0.00      0.00    100.00
01:56:45         18      0.00      0.00      0.00      0.00      0.00    100.00
01:56:45         19      0.00      0.00      0.00      0.00      0.00    100.00
01:56:45         20      0.00      0.00      0.00      0.00      0.00    100.00
01:56:45         21      0.00      0.00      0.00      0.00      0.00    100.00
01:56:45         22      0.00      0.00      0.00      0.00      0.00    100.00
01:56:45         23      0.00      0.00      0.00      0.00      0.00    100.00
01:56:45         24      0.00      0.00      0.00      0.00      0.00    100.00
01:56:45         25      0.00      0.00      0.00      0.00      0.00    100.00
01:56:45         26      0.00      0.00      0.00      0.00      0.00    100.00
01:56:45         27      0.00      0.00      0.00      0.00      0.00    100.00
01:56:45         28      0.00      0.00      0.00      0.00      0.00    100.00
01:56:45         29      0.00      0.00      0.00      0.00      0.00    100.00
01:56:45         30      0.00      0.00      0.00      0.00      0.00    100.00
01:56:45         31      0.00      0.00      0.00      0.00      0.00    100.00
01:56:45         32      0.00      0.00      0.00      0.00      0.00    100.00
01:56:45         33      0.00      0.00      0.00      0.00      0.00    100.00
01:56:45         34      0.00      0.00      0.00      0.00      0.00    100.00
01:56:45         35      0.00      0.00      0.00      0.00      0.00    100.00
01:56:45         36      0.00      0.00      0.00      0.00      0.00    100.00
01:56:45         37      0.00      0.00      0.00      0.00      0.00    100.00
01:56:45         38      0.00      0.00      0.00      0.00      0.00    100.00
01:56:45         39      0.00      0.00      0.00      0.00      0.00    100.00

01:56:45        CPU     %user     %nice   %system   %iowait    %steal     %idle
01:56:46        all      2.23      0.00      0.48      0.00      0.00     97.30
01:56:46          0      1.00      0.00      0.00      0.00      0.00     99.00
01:56:46          1      0.00      0.00      0.00      0.00      0.00    100.00
01:56:46          2     12.12      0.00      2.02      0.00      0.00     85.86
01:56:46          3      4.04      0.00      0.00      0.00      0.00     95.96
01:56:46          4      1.00      0.00      0.00      0.00      0.00     99.00
01:56:46          5      6.06      0.00      0.00      0.00      0.00     93.94
01:56:46          6      0.00      0.00      0.00      0.00      0.00    100.00
01:56:46          7      0.00      0.00      0.00      0.00      0.00    100.00
01:56:46          8      0.00      0.00      0.00      0.00      0.00    100.00
01:56:46          9      0.00      0.00      1.00      0.00      0.00     99.00
01:56:46         10      1.01      0.00      0.00      0.00      0.00     98.99
01:56:46         11      0.00      0.00      2.00      0.00      0.00     98.00
01:56:46         12      0.00      0.00      0.00      0.00      0.00    100.00
01:56:46         13      1.01      0.00      2.02      0.00      0.00     96.97
01:56:46         14      2.00      0.00      1.00      0.00      0.00     97.00
01:56:46         15      0.00      0.00      0.00      0.00      0.00    100.00
01:56:46         16      0.00      0.00      0.00      0.00      0.00    100.00
01:56:46         17      0.00      0.00      0.00      0.00      0.00    100.00
01:56:46         18      0.00      0.00      0.00      0.00      0.00    100.00
01:56:46         19      0.00      0.00      0.00      0.00      0.00    100.00
01:56:46         20      0.00      0.00      1.00      0.00      0.00     99.00
01:56:46         21      0.00      0.00      1.00      0.00      0.00     99.00
01:56:46         22      4.00      0.00      1.00      0.00      0.00     95.00
01:56:46         23     11.00      0.00      1.00      0.00      0.00     88.00
01:56:46         24      0.00      0.00      0.00      0.00      0.00    100.00
01:56:46         25     11.00      0.00      1.00      0.00      0.00     88.00
01:56:46         26      0.00      0.00      0.00      0.00      0.00    100.00
01:56:46         27     14.14      0.00      2.02      0.00      0.00     83.84
01:56:46         28      0.00      0.00      0.00      0.00      0.00    100.00
01:56:46         29     15.00      0.00      1.00      0.00      0.00     84.00
01:56:46         30      0.00      0.00      0.00      0.00      0.00    100.00
01:56:46         31      0.00      0.00      0.00      0.00      0.00    100.00
01:56:46         32      1.01      0.00      0.00      0.00      0.00     98.99
01:56:46         33      0.00      0.00      0.00      0.00      0.00    100.00
01:56:46         34      0.00      0.00      0.00      0.00      0.00    100.00
01:56:46         35      0.00      0.00      0.00      0.00      0.00    100.00
01:56:46         36      0.00      0.00      0.00      0.00      0.00    100.00
01:56:46         37      0.00      0.00      0.99      0.00      0.00     99.01
01:56:46         38      0.00      0.00      1.00      0.00      0.00     99.00
01:56:46         39      2.00      0.00      1.00      0.00      0.00     97.00

01:56:46        CPU     %user     %nice   %system   %iowait    %steal     %idle
01:56:47        all      6.18      0.00      1.85      0.03      0.00     91.94
01:56:47          0     22.22      0.00      5.05      0.00      0.00     72.73
01:56:47          1      4.95      0.00      2.97      0.00      0.00     92.08
01:56:47          2      2.00      0.00      1.00      0.00      0.00     97.00
01:56:47          3      1.00      0.00      1.00      0.00      0.00     98.00
01:56:47          4     26.47      0.00      4.90      0.00      0.00     68.63
01:56:47          5      2.97      0.00      0.99      0.00      0.00     96.04
01:56:47          6     22.22      0.00      4.04      0.00      0.00     73.74
01:56:47          7      0.00      0.00      0.00      0.00      0.00    100.00
01:56:47          8      3.96      0.00      0.99      0.99      0.00     94.06
01:56:47          9      0.00      0.00      0.00      0.00      0.00    100.00
01:56:47         10     32.65      0.00      4.08      0.00      0.00     63.27
01:56:47         11      0.00      0.00      3.00      0.00      0.00     97.00
01:56:47         12      1.00      0.00      0.00      0.00      0.00     99.00
01:56:47         13     16.00      0.00      7.00      0.00      0.00     77.00
01:56:47         14      0.99      0.00      1.98      0.00      0.00     97.03
01:56:47         15      2.97      0.00      0.99      0.00      0.00     96.04
01:56:47         16      2.00      0.00      0.00      0.00      0.00     98.00
01:56:47         17      2.02      0.00      0.00      0.00      0.00     97.98
01:56:47         18      0.00      0.00      1.01      0.00      0.00     98.99
01:56:47         19      1.00      0.00      0.00      0.00      0.00     99.00
01:56:47         20      2.02      0.00      2.02      0.00      0.00     95.96
01:56:47         21     10.00      0.00      2.00      0.00      0.00     88.00
01:56:47         22      0.00      0.00      1.98      0.00      0.00     98.02
01:56:47         23      6.00      0.00      2.00      0.00      0.00     92.00
01:56:47         24     17.17      0.00      2.02      0.00      0.00     80.81
01:56:47         25      0.99      0.00      2.97      0.00      0.00     96.04
01:56:47         26     15.69      0.00      5.88      0.00      0.00     78.43
01:56:47         27      1.00      0.00      2.00      0.00      0.00     97.00
01:56:47         28      3.00      0.00      2.00      0.00      0.00     95.00
01:56:47         29      8.00      0.00      2.00      0.00      0.00     90.00
01:56:47         30      6.00      0.00      0.00      0.00      0.00     94.00
01:56:47         31      0.00      0.00      0.00      0.00      0.00    100.00
01:56:47         32      1.00      0.00      1.00      0.00      0.00     98.00
01:56:47         33     26.00      0.00      5.00      0.00      0.00     69.00
01:56:47         34      0.00      0.00      2.00      0.00      0.00     98.00
01:56:47         35      0.00      0.00      0.00      0.00      0.00    100.00
01:56:47         36      1.96      0.00      3.92      0.00      0.00     94.12
01:56:47         37      6.00      0.00      1.00      0.00      0.00     93.00
01:56:47         38      0.00      0.00      1.01      0.00      0.00     98.99
01:56:47         39      1.01      0.00      0.00      0.00      0.00     98.99

01:56:47        CPU     %user     %nice   %system   %iowait    %steal     %idle
01:56:48        all      0.00      0.00      0.00      0.00      0.00    100.00
01:56:48          0      0.00      0.00      0.00      0.00      0.00    100.00
01:56:48          1      0.00      0.00      0.00      0.00      0.00    100.00
01:56:48          2      0.00      0.00      0.00      0.00      0.00    100.00
01:56:48          3      0.00      0.00      0.00      0.00      0.00    100.00
01:56:48          4      0.00      0.00      0.00      0.00      0.00    100.00
01:56:48          5      0.00      0.00      0.00      0.00      0.00    100.00
01:56:48          6      0.00      0.00      0.00      0.00      0.00    100.00
01:56:48          7      0.00      0.00      0.00      0.00      0.00    100.00
01:56:48          8      0.00      0.00      0.00      0.00      0.00    100.00
01:56:48          9      0.00      0.00      0.00      0.00      0.00    100.00
01:56:48         10      0.00      0.00      0.00      0.00      0.00    100.00
01:56:48         11      0.00      0.00      0.00      0.00      0.00    100.00
01:56:48         12      0.00      0.00      0.00      0.00      0.00    100.00
01:56:48         13      0.00      0.00      0.00      0.00      0.00    100.00
01:56:48         14      0.00      0.00      0.00      0.00      0.00    100.00
01:56:48         15      0.00      0.00      0.00      0.00      0.00    100.00
01:56:48         16      0.00      0.00      0.00      0.00      0.00    100.00
01:56:48         17      0.00      0.00      0.00      0.00      0.00    100.00
01:56:48         18      0.00      0.00      0.00      0.00      0.00    100.00
01:56:48         19      0.00      0.00      0.00      0.00      0.00    100.00
01:56:48         20      0.00      0.00      0.00      0.00      0.00    100.00
01:56:48         21      0.00      0.00      0.00      0.00      0.00    100.00
01:56:48         22      0.00      0.00      0.00      0.00      0.00    100.00
01:56:48         23      0.00      0.00      0.00      0.00      0.00    100.00
01:56:48         24      0.00      0.00      0.00      0.00      0.00    100.00
01:56:48         25      0.00      0.00      0.00      0.00      0.00    100.00
01:56:48         26      0.00      0.00      0.00      0.00      0.00    100.00
01:56:48         27      0.00      0.00      0.00      0.00      0.00    100.00
01:56:48         28      0.00      0.00      0.00      0.00      0.00    100.00
01:56:48         29      0.00      0.00      0.00      0.00      0.00    100.00
01:56:48         30      0.00      0.00      0.00      0.00      0.00    100.00
01:56:48         31      0.00      0.00      0.00      0.00      0.00    100.00
01:56:48         32      0.00      0.00      0.00      0.00      0.00    100.00
01:56:48         33      0.00      0.00      0.00      0.00      0.00    100.00
01:56:48         34      0.00      0.00      0.00      0.00      0.00    100.00
01:56:48         35      0.00      0.00      0.00      0.00      0.00    100.00
01:56:48         36      0.00      0.00      0.00      0.00      0.00    100.00
01:56:48         37      0.00      0.00      0.00      0.00      0.00    100.00
01:56:48         38      0.00      0.00      0.00      0.00      0.00    100.00
01:56:48         39      0.00      0.00      0.00      0.00      0.00    100.00

01:56:48        CPU     %user     %nice   %system   %iowait    %steal     %idle
01:56:49        all      0.00      0.00      0.00      0.08      0.00     99.92
01:56:49          0      0.00      0.00      0.00      0.00      0.00    100.00
01:56:49          1      0.00      0.00      0.00      0.00      0.00    100.00
01:56:49          2      0.00      0.00      0.00      0.00      0.00    100.00
01:56:49          3      0.00      0.00      0.00      0.00      0.00    100.00
01:56:49          4      0.00      0.00      0.00      0.00      0.00    100.00
01:56:49          5      0.00      0.00      0.00      0.00      0.00    100.00
01:56:49          6      0.00      0.00      0.00      0.00      0.00    100.00
01:56:49          7      0.00      0.00      0.00      0.00      0.00    100.00
01:56:49          8      0.00      0.00      0.00      2.04      0.00     97.96
01:56:49          9      0.00      0.00      0.00      0.00      0.00    100.00
01:56:49         10      0.00      0.00      0.00      0.00      0.00    100.00
01:56:49         11      0.00      0.00      0.00      0.00      0.00    100.00
01:56:49         12      0.00      0.00      0.00      0.00      0.00    100.00
01:56:49         13      0.00      0.00      0.00      0.00      0.00    100.00
01:56:49         14      0.00      0.00      0.00      0.00      0.00    100.00
01:56:49         15      0.00      0.00      0.00      0.00      0.00    100.00
01:56:49         16      0.00      0.00      0.00      0.00      0.00    100.00
01:56:49         17      0.00      0.00      0.00      0.00      0.00    100.00
01:56:49         18      0.00      0.00      0.00      0.00      0.00    100.00
01:56:49         19      0.00      0.00      0.00      0.00      0.00    100.00
01:56:49         20      0.00      0.00      0.00      0.00      0.00    100.00
01:56:49         21      0.00      0.00      0.00      0.00      0.00    100.00
01:56:49         22      0.00      0.00      0.00      0.00      0.00    100.00
01:56:49         23      0.00      0.00      0.00      0.00      0.00    100.00
01:56:49         24      0.00      0.00      0.00      0.00      0.00    100.00
01:56:49         25      0.00      0.00      0.00      0.00      0.00    100.00
01:56:49         26      0.00      0.00      0.00      0.00      0.00    100.00
01:56:49         27      0.00      0.00      0.00      0.00      0.00    100.00
01:56:49         28      0.00      0.00      0.00      0.00      0.00    100.00
01:56:49         29      0.00      0.00      0.00      0.00      0.00    100.00
01:56:49         30      0.00      0.00      0.00      0.00      0.00    100.00
01:56:49         31      0.00      0.00      0.00      0.00      0.00    100.00
01:56:49         32      0.00      0.00      0.00      0.00      0.00    100.00
01:56:49         33      0.00      0.00      0.00      0.00      0.00    100.00
01:56:49         34      0.00      0.00      0.00      0.00      0.00    100.00
01:56:49         35      0.00      0.00      0.00      0.00      0.00    100.00
01:56:49         36      0.00      0.00      0.00      0.00      0.00    100.00
01:56:49         37      0.00      0.00      0.00      0.00      0.00    100.00
01:56:49         38      0.00      0.00      0.00      0.00      0.00    100.00
01:56:49         39      0.00      0.00      0.00      0.00      0.00    100.00

01:56:49        CPU     %user     %nice   %system   %iowait    %steal     %idle
01:56:50        all      0.00      0.00      0.00      0.00      0.00    100.00
01:56:50          0      0.00      0.00      0.00      0.00      0.00    100.00
01:56:50          1      0.00      0.00      0.00      0.00      0.00    100.00
01:56:50          2      0.00      0.00      0.00      0.00      0.00    100.00
01:56:50          3      0.00      0.00      0.00      0.00      0.00    100.00
01:56:50          4      0.00      0.00      0.00      0.00      0.00    100.00
01:56:50          5      0.00      0.00      0.00      0.00      0.00    100.00
01:56:50          6      0.00      0.00      0.00      0.00      0.00    100.00
01:56:50          7      0.00      0.00      0.00      0.00      0.00    100.00
01:56:50          8      0.00      0.00      0.00      0.00      0.00    100.00
01:56:50          9      0.00      0.00      0.00      0.00      0.00    100.00
01:56:50         10      0.00      0.00      0.00      0.00      0.00    100.00
01:56:50         11      0.00      0.00      0.00      0.00      0.00    100.00
01:56:50         12      0.00      0.00      0.00      0.00      0.00    100.00
01:56:50         13      0.99      0.00      0.00      0.00      0.00     99.01
01:56:50         14      0.00      0.00      0.00      0.00      0.00    100.00
01:56:50         15      0.00      0.00      0.00      0.00      0.00    100.00
01:56:50         16      0.00      0.00      0.00      0.00      0.00    100.00
01:56:50         17      0.00      0.00      0.00      0.00      0.00    100.00
01:56:50         18      0.00      0.00      0.00      0.00      0.00    100.00
01:56:50         19      0.00      0.00      0.00      0.00      0.00    100.00
01:56:50         20      0.00      0.00      0.00      0.00      0.00    100.00
01:56:50         21      0.00      0.00      0.00      0.00      0.00    100.00
01:56:50         22      0.00      0.00      0.00      0.00      0.00    100.00
01:56:50         23      0.00      0.00      0.00      0.00      0.00    100.00
01:56:50         24      0.00      0.00      0.00      0.00      0.00    100.00
01:56:50         25      0.00      0.00      0.00      0.00      0.00    100.00
01:56:50         26      0.00      0.00      0.00      0.00      0.00    100.00
01:56:50         27      0.00      0.00      0.00      0.00      0.00    100.00
01:56:50         28      0.00      0.00      0.00      0.00      0.00    100.00
01:56:50         29      0.00      0.00      0.00      0.00      0.00    100.00
01:56:50         30      0.00      0.00      0.00      0.00      0.00    100.00
01:56:50         31      0.00      0.00      0.00      0.00      0.00    100.00
01:56:50         32      0.00      0.00      0.00      0.00      0.00    100.00
01:56:50         33      0.00      0.00      0.00      0.00      0.00    100.00
01:56:50         34      0.00      0.00      0.00      0.00      0.00    100.00
01:56:50         35      0.00      0.00      0.00      0.00      0.00    100.00
01:56:50         36      0.00      0.00      0.00      0.00      0.00    100.00
01:56:50         37      0.00      0.00      0.00      0.00      0.00    100.00
01:56:50         38      0.00      0.00      0.00      0.00      0.00    100.00
01:56:50         39      0.00      0.00      0.00      0.00      0.00    100.00

01:56:50        CPU     %user     %nice   %system   %iowait    %steal     %idle
01:56:51        all      0.00      0.00      0.00      0.00      0.00    100.00
01:56:51          0      0.00      0.00      0.00      0.00      0.00    100.00
01:56:51          1      0.00      0.00      0.00      0.00      0.00    100.00
01:56:51          2      0.00      0.00      0.00      0.00      0.00    100.00
01:56:51          3      0.00      0.00      0.00      0.00      0.00    100.00
01:56:51          4      0.00      0.00      0.00      0.00      0.00    100.00
01:56:51          5      0.00      0.00      0.00      0.00      0.00    100.00
01:56:51          6      0.00      0.00      0.00      0.00      0.00    100.00
01:56:51          7      0.00      0.00      0.00      0.00      0.00    100.00
01:56:51          8      0.00      0.00      0.00      0.00      0.00    100.00
01:56:51          9      0.00      0.00      0.00      0.00      0.00    100.00
01:56:51         10      0.00      0.00      0.00      0.00      0.00    100.00
01:56:51         11      0.00      0.00      0.00      0.00      0.00    100.00
01:56:51         12      0.00      0.00      0.00      0.00      0.00    100.00
01:56:51         13      0.00      0.00      0.00      0.00      0.00    100.00
01:56:51         14      0.00      0.00      0.00      0.00      0.00    100.00
01:56:51         15      0.00      0.00      0.00      0.00      0.00    100.00
01:56:51         16      0.00      0.00      0.00      0.00      0.00    100.00
01:56:51         17      0.00      0.00      0.00      0.00      0.00    100.00
01:56:51         18      0.00      0.00      0.00      0.00      0.00    100.00
01:56:51         19      0.00      0.00      0.00      0.00      0.00    100.00
01:56:51         20      0.00      0.00      0.00      0.00      0.00    100.00
01:56:51         21      0.00      0.00      0.00      0.00      0.00    100.00
01:56:51         22      0.00      0.00      0.00      0.00      0.00    100.00
01:56:51         23      0.00      0.00      0.00      0.00      0.00    100.00
01:56:51         24      0.00      0.00      0.00      0.00      0.00    100.00
01:56:51         25      0.00      0.00      0.00      0.00      0.00    100.00
01:56:51         26      0.00      0.00      0.00      0.00      0.00    100.00
01:56:51         27      0.00      0.00      0.00      0.00      0.00    100.00
01:56:51         28      0.00      0.00      0.00      0.00      0.00    100.00
01:56:51         29      0.00      0.00      0.00      0.00      0.00    100.00
01:56:51         30      0.00      0.00      0.00      0.00      0.00    100.00
01:56:51         31      0.00      0.00      0.00      0.00      0.00    100.00
01:56:51         32      0.00      0.00      0.00      0.00      0.00    100.00
01:56:51         33      0.00      0.00      0.00      0.00      0.00    100.00
01:56:51         34      0.00      0.00      0.00      0.00      0.00    100.00
01:56:51         35      0.00      0.00      0.00      0.00      0.00    100.00
01:56:51         36      0.00      0.00      0.00      0.00      0.00    100.00
01:56:51         37      0.00      0.00      0.00      0.00      0.00    100.00
01:56:51         38      0.00      0.00      0.00      0.00      0.00    100.00
01:56:51         39      0.00      0.00      0.00      0.00      0.00    100.00

01:56:51        CPU     %user     %nice   %system   %iowait    %steal     %idle
01:56:52        all      0.00      0.00      0.00      0.00      0.00    100.00
01:56:52          0      0.00      0.00      0.00      0.00      0.00    100.00
01:56:52          1      0.00      0.00      0.00      0.00      0.00    100.00
01:56:52          2      0.00      0.00      0.00      0.00      0.00    100.00
01:56:52          3      0.00      0.00      0.00      0.00      0.00    100.00
01:56:52          4      0.00      0.00      0.00      0.00      0.00    100.00
01:56:52          5      0.00      0.00      0.00      0.00      0.00    100.00
01:56:52          6      0.00      0.00      0.00      0.00      0.00    100.00
01:56:52          7      0.00      0.00      0.00      0.00      0.00    100.00
01:56:52          8      0.00      0.00      0.00      0.00      0.00    100.00
01:56:52          9      0.00      0.00      0.00      0.00      0.00    100.00
01:56:52         10      0.00      0.00      0.00      0.00      0.00    100.00
01:56:52         11      0.00      0.00      0.00      0.00      0.00    100.00
01:56:52         12      0.00      0.00      0.00      0.00      0.00    100.00
01:56:52         13      0.00      0.00      0.00      0.00      0.00    100.00
01:56:52         14      0.00      0.00      0.00      0.00      0.00    100.00
01:56:52         15      0.00      0.00      0.00      0.00      0.00    100.00
01:56:52         16      0.00      0.00      0.00      0.00      0.00    100.00
01:56:52         17      0.00      0.00      0.00      0.00      0.00    100.00
01:56:52         18      0.00      0.00      0.00      0.00      0.00    100.00
01:56:52         19      0.00      0.00      0.00      0.00      0.00    100.00
01:56:52         20      0.00      0.00      0.00      0.00      0.00    100.00
01:56:52         21      0.00      0.00      0.00      0.00      0.00    100.00
01:56:52         22      0.00      0.00      0.00      0.00      0.00    100.00
01:56:52         23      0.00      0.00      0.00      0.00      0.00    100.00
01:56:52         24      0.00      0.00      0.00      0.00      0.00    100.00
01:56:52         25      0.00      0.00      0.00      0.00      0.00    100.00
01:56:52         26      0.00      0.00      0.00      0.00      0.00    100.00
01:56:52         27      0.00      0.00      0.00      0.00      0.00    100.00
01:56:52         28      0.00      0.00      0.00      0.00      0.00    100.00
01:56:52         29      0.00      0.00      0.00      0.00      0.00    100.00
01:56:52         30      0.00      0.00      0.00      0.00      0.00    100.00
01:56:52         31      0.00      0.00      0.00      0.00      0.00    100.00
01:56:52         32      0.00      0.00      0.00      0.00      0.00    100.00
01:56:52         33      0.00      0.00      0.00      0.00      0.00    100.00
01:56:52         34      0.00      0.00      0.00      0.00      0.00    100.00
01:56:52         35      0.00      0.00      0.00      0.00      0.00    100.00
01:56:52         36      0.00      0.00      0.00      0.00      0.00    100.00
01:56:52         37      0.00      0.00      0.00      0.00      0.00    100.00
01:56:52         38      0.00      0.00      0.00      0.00      0.00    100.00
01:56:52         39      0.00      0.00      0.00      0.00      0.00    100.00

01:56:52        CPU     %user     %nice   %system   %iowait    %steal     %idle
01:56:53        all      0.03      0.00      0.03      0.00      0.00     99.95
01:56:53          0      0.00      0.00      0.00      0.00      0.00    100.00
01:56:53          1      0.00      0.00      0.00      0.00      0.00    100.00
01:56:53          2      0.00      0.00      0.00      0.00      0.00    100.00
01:56:53          3      0.00      0.00      0.00      0.00      0.00    100.00
01:56:53          4      0.00      0.00      0.00      0.00      0.00    100.00
01:56:53          5      0.00      0.00      0.00      0.00      0.00    100.00
01:56:53          6      0.00      0.00      0.00      0.00      0.00    100.00
01:56:53          7      0.00      0.00      0.00      0.00      0.00    100.00
01:56:53          8      0.00      0.00      0.00      0.00      0.00    100.00
01:56:53          9      0.00      0.00      0.00      0.00      0.00    100.00
01:56:53         10      0.00      0.00      0.00      0.00      0.00    100.00
01:56:53         11      0.00      0.00      0.00      0.00      0.00    100.00
01:56:53         12      0.00      0.00      0.00      0.00      0.00    100.00
01:56:53         13      0.00      0.00      0.00      0.00      0.00    100.00
01:56:53         14      0.00      0.00      0.00      0.00      0.00    100.00
01:56:53         15      0.00      0.00      0.00      0.00      0.00    100.00
01:56:53         16      0.00      0.00      0.00      0.00      0.00    100.00
01:56:53         17      0.00      0.00      0.00      0.00      0.00    100.00
01:56:53         18      0.00      0.00      0.00      0.00      0.00    100.00
01:56:53         19      0.00      0.00      0.00      0.00      0.00    100.00
01:56:53         20      0.00      0.00      0.00      0.00      0.00    100.00
01:56:53         21      0.00      0.00      0.00      0.00      0.00    100.00
01:56:53         22      0.00      0.00      0.00      0.00      0.00    100.00
01:56:53         23      0.00      0.00      0.00      0.00      0.00    100.00
01:56:53         24      0.00      0.00      0.00      0.00      0.00    100.00
01:56:53         25      0.00      0.00      0.00      0.00      0.00    100.00
01:56:53         26      0.00      0.00      0.00      0.00      0.00    100.00
01:56:53         27      0.00      0.00      0.00      0.00      0.00    100.00
01:56:53         28      0.00      0.00      0.00      0.00      0.00    100.00
01:56:53         29      0.00      0.00      0.00      0.00      0.00    100.00
01:56:53         30      0.00      0.00      0.00      0.00      0.00    100.00
01:56:53         31      0.00      0.00      0.00      0.00      0.00    100.00
01:56:53         32      0.00      0.00      0.00      0.00      0.00    100.00
01:56:53         33      0.00      0.00      0.00      0.00      0.00    100.00
01:56:53         34      0.00      0.00      0.00      0.00      0.00    100.00
01:56:53         35      0.00      0.00      0.00      0.00      0.00    100.00
01:56:53         36      0.00      0.00      0.00      0.00      0.00    100.00
01:56:53         37      0.00      0.00      0.00      0.00      0.00    100.00
01:56:53         38      0.00      0.00      0.00      0.00      0.00    100.00
01:56:53         39      0.00      0.00      0.00      0.00      0.00    100.00

01:56:53        CPU     %user     %nice   %system   %iowait    %steal     %idle
01:56:54        all      0.00      0.00      0.00      0.00      0.00    100.00
01:56:54          0      0.00      0.00      0.00      0.00      0.00    100.00
01:56:54          1      0.00      0.00      0.00      0.00      0.00    100.00
01:56:54          2      0.00      0.00      0.00      0.00      0.00    100.00
01:56:54          3      0.00      0.00      0.00      0.00      0.00    100.00
01:56:54          4      0.00      0.00      0.00      0.00      0.00    100.00
01:56:54          5      0.00      0.00      0.00      0.00      0.00    100.00
01:56:54          6      0.00      0.00      0.00      0.00      0.00    100.00
01:56:54          7      0.00      0.00      0.00      0.00      0.00    100.00
01:56:54          8      0.00      0.00      0.00      0.00      0.00    100.00
01:56:54          9      0.00      0.00      0.00      0.00      0.00    100.00
01:56:54         10      0.00      0.00      0.00      0.00      0.00    100.00
01:56:54         11      0.00      0.00      0.00      0.00      0.00    100.00
01:56:54         12      0.00      0.00      0.00      0.00      0.00    100.00
01:56:54         13      1.00      0.00      0.00      0.00      0.00     99.00
01:56:54         14      0.00      0.00      0.00      0.00      0.00    100.00
01:56:54         15      0.00      0.00      0.00      0.00      0.00    100.00
01:56:54         16      0.00      0.00      0.00      0.00      0.00    100.00
01:56:54         17      0.00      0.00      0.00      0.00      0.00    100.00
01:56:54         18      0.00      0.00      0.00      0.00      0.00    100.00
01:56:54         19      0.00      0.00      0.00      0.00      0.00    100.00
01:56:54         20      0.00      0.00      0.00      0.00      0.00    100.00
01:56:54         21      0.00      0.00      0.00      0.00      0.00    100.00
01:56:54         22      0.00      0.00      0.00      0.00      0.00    100.00
01:56:54         23      0.00      0.00      0.00      0.00      0.00    100.00
01:56:54         24      0.00      0.00      0.00      0.00      0.00    100.00
01:56:54         25      0.00      0.00      0.00      0.00      0.00    100.00
01:56:54         26      0.00      0.00      0.00      0.00      0.00    100.00
01:56:54         27      0.00      0.00      0.00      0.00      0.00    100.00
01:56:54         28      0.00      0.00      0.00      0.00      0.00    100.00
01:56:54         29      0.00      0.00      0.00      0.00      0.00    100.00
01:56:54         30      0.00      0.00      0.00      0.00      0.00    100.00
01:56:54         31      0.00      0.00      0.00      0.00      0.00    100.00
01:56:54         32      0.00      0.00      0.00      0.00      0.00    100.00
01:56:54         33      0.00      0.00      0.00      0.00      0.00    100.00
01:56:54         34      0.00      0.00      0.00      0.00      0.00    100.00
01:56:54         35      0.00      0.00      0.00      0.00      0.00    100.00
01:56:54         36      0.00      0.00      0.00      0.00      0.00    100.00
01:56:54         37      0.00      0.00      0.00      0.00      0.00    100.00
01:56:54         38      0.00      0.00      0.00      0.00      0.00    100.00
01:56:54         39      0.00      0.00      0.00      0.00      0.00    100.00

01:56:54        CPU     %user     %nice   %system   %iowait    %steal     %idle
01:56:55        all      0.00      0.00      0.00      0.00      0.00    100.00
01:56:55          0      0.00      0.00      0.00      0.00      0.00    100.00
01:56:55          1      0.00      0.00      0.00      0.00      0.00    100.00
01:56:55          2      0.00      0.00      0.00      0.00      0.00    100.00
01:56:55          3      0.00      0.00      0.00      0.00      0.00    100.00
01:56:55          4      0.00      0.00      0.00      0.00      0.00    100.00
01:56:55          5      0.00      0.00      0.00      0.00      0.00    100.00
01:56:55          6      0.00      0.00      0.00      0.00      0.00    100.00
01:56:55          7      0.00      0.00      0.00      0.00      0.00    100.00
01:56:55          8      0.00      0.00      0.00      0.00      0.00    100.00
01:56:55          9      0.00      0.00      0.00      0.00      0.00    100.00
01:56:55         10      0.00      0.00      0.00      0.00      0.00    100.00
01:56:55         11      0.00      0.00      0.00      0.00      0.00    100.00
01:56:55         12      0.00      0.00      0.00      0.00      0.00    100.00
01:56:55         13      0.00      0.00      0.00      0.00      0.00    100.00
01:56:55         14      0.00      0.00      0.00      0.00      0.00    100.00
01:56:55         15      0.00      0.00      0.00      0.00      0.00    100.00
01:56:55         16      0.00      0.00      0.00      0.00      0.00    100.00
01:56:55         17      0.00      0.00      0.00      0.00      0.00    100.00
01:56:55         18      0.00      0.00      0.00      0.00      0.00    100.00
01:56:55         19      0.00      0.00      0.00      0.00      0.00    100.00
01:56:55         20      0.00      0.00      0.00      0.00      0.00    100.00
01:56:55         21      0.00      0.00      0.00      0.00      0.00    100.00
01:56:55         22      0.00      0.00      0.00      0.00      0.00    100.00
01:56:55         23      0.00      0.00      0.00      0.00      0.00    100.00
01:56:55         24      0.00      0.00      0.00      0.00      0.00    100.00
01:56:55         25      0.00      0.00      0.00      0.00      0.00    100.00
01:56:55         26      0.00      0.00      0.00      0.00      0.00    100.00
01:56:55         27      0.00      0.00      0.00      0.00      0.00    100.00
01:56:55         28      0.00      0.00      0.00      0.00      0.00    100.00
01:56:55         29      0.00      0.00      0.00      0.00      0.00    100.00
01:56:55         30      0.00      0.00      0.00      0.00      0.00    100.00
01:56:55         31      0.00      0.00      0.00      0.00      0.00    100.00
01:56:55         32      0.00      0.00      0.00      0.00      0.00    100.00
01:56:55         33      0.00      0.00      0.00      0.00      0.00    100.00
01:56:55         34      0.00      0.00      0.00      0.00      0.00    100.00
01:56:55         35      0.00      0.00      0.00      0.00      0.00    100.00
01:56:55         36      0.00      0.00      0.00      0.00      0.00    100.00
01:56:55         37      0.00      0.00      0.00      0.00      0.00    100.00
01:56:55         38      0.00      0.00      0.00      0.00      0.00    100.00
01:56:55         39      0.00      0.00      0.00      0.00      0.00    100.00

01:56:55        CPU     %user     %nice   %system   %iowait    %steal     %idle
01:56:56        all      0.48      0.00      0.05      0.00      0.00     99.47
01:56:56          0      0.00      0.00      1.00      0.00      0.00     99.00
01:56:56          1      0.00      0.00      0.00      0.00      0.00    100.00
01:56:56          2      0.00      0.00      0.99      0.00      0.00     99.01
01:56:56          3      0.00      0.00      0.00      0.00      0.00    100.00
01:56:56          4      0.00      0.00      0.00      0.00      0.00    100.00
01:56:56          5      0.00      0.00      0.00      0.00      0.00    100.00
01:56:56          6      0.00      0.00      0.00      0.00      0.00    100.00
01:56:56          7      0.00      0.00      0.00      0.00      0.00    100.00
01:56:56          8      0.00      0.00      0.00      0.00      0.00    100.00
01:56:56          9      0.00      0.00      0.00      0.00      0.00    100.00
01:56:56         10      0.00      0.00      0.00      0.00      0.00    100.00
01:56:56         11      2.00      0.00      0.00      0.00      0.00     98.00
01:56:56         12      0.00      0.00      0.00      0.00      0.00    100.00
01:56:56         13      0.00      0.00      0.00      0.00      0.00    100.00
01:56:56         14      0.00      0.00      0.00      0.00      0.00    100.00
01:56:56         15      0.00      0.00      0.00      0.00      0.00    100.00
01:56:56         16      0.00      0.00      0.00      0.00      0.00    100.00
01:56:56         17      0.00      0.00      0.00      0.00      0.00    100.00
01:56:56         18      0.00      0.00      0.00      0.00      0.00    100.00
01:56:56         19      0.00      0.00      0.00      0.00      0.00    100.00
01:56:56         20      0.00      0.00      0.00      0.00      0.00    100.00
01:56:56         21      1.00      0.00      0.00      0.00      0.00     99.00
01:56:56         22      0.00      0.00      0.00      0.00      0.00    100.00
01:56:56         23      0.00      0.00      0.00      0.00      0.00    100.00
01:56:56         24      0.00      0.00      0.00      0.00      0.00    100.00
01:56:56         25      0.00      0.00      0.00      0.00      0.00    100.00
01:56:56         26      0.00      0.00      0.00      0.00      0.00    100.00
01:56:56         27      0.00      0.00      0.00      0.00      0.00    100.00
01:56:56         28      1.00      0.00      0.00      0.00      0.00     99.00
01:56:56         29     16.00      0.00      1.00      0.00      0.00     83.00
01:56:56         30      0.00      0.00      0.00      0.00      0.00    100.00
01:56:56         31      0.00      0.00      0.00      0.00      0.00    100.00
01:56:56         32      0.00      0.00      0.00      0.00      0.00    100.00
01:56:56         33      0.00      0.00      0.00      0.00      0.00    100.00
01:56:56         34      0.00      0.00      0.00      0.00      0.00    100.00
01:56:56         35      0.00      0.00      0.00      0.00      0.00    100.00
01:56:56         36      0.00      0.00      0.00      0.00      0.00    100.00
01:56:56         37      0.00      0.00      0.00      0.00      0.00    100.00
01:56:56         38      0.00      0.00      0.00      0.00      0.00    100.00
01:56:56         39      0.00      0.00      0.00      0.00      0.00    100.00

01:56:56        CPU     %user     %nice   %system   %iowait    %steal     %idle
01:56:57        all      1.18      0.00      0.43      0.03      0.00     98.37
01:56:57          0      1.01      0.00      1.01      0.00      0.00     97.98
01:56:57          1      0.00      0.00      0.00      0.00      0.00    100.00
01:56:57          2      2.00      0.00      0.00      0.00      0.00     98.00
01:56:57          3      0.00      0.00      0.00      0.00      0.00    100.00
01:56:57          4      0.00      0.00      0.00      0.00      0.00    100.00
01:56:57          5      0.00      0.00      0.00      0.00      0.00    100.00
01:56:57          6      0.00      0.00      0.00      0.00      0.00    100.00
01:56:57          7      0.00      0.00      0.00      0.00      0.00    100.00
01:56:57          8      0.00      0.00      0.00      0.00      0.00    100.00
01:56:57          9     24.24      0.00      4.04      0.00      0.00     71.72
01:56:57         10      0.00      0.00      0.00      0.00      0.00    100.00
01:56:57         11      0.00      0.00      0.00      0.00      0.00    100.00
01:56:57         12      0.00      0.00      0.00      0.00      0.00    100.00
01:56:57         13      0.00      0.00      0.00      0.00      0.00    100.00
01:56:57         14      0.00      0.00      0.00      0.00      0.00    100.00
01:56:57         15      0.00      0.00      0.00      0.00      0.00    100.00
01:56:57         16      0.00      0.00      0.00      0.00      0.00    100.00
01:56:57         17      0.00      0.00      0.00      0.00      0.00    100.00
01:56:57         18      0.00      0.00      0.99      0.00      0.00     99.01
01:56:57         19      0.00      0.00      0.00      0.00      0.00    100.00
01:56:57         20      0.00      0.00      0.00      0.00      0.00    100.00
01:56:57         21      0.00      0.00      0.00      0.00      0.00    100.00
01:56:57         22      0.00      0.00      0.00      0.00      0.00    100.00
01:56:57         23      0.00      0.00      0.00      0.00      0.00    100.00
01:56:57         24      0.99      0.00      0.99      0.00      0.00     98.02
01:56:57         25      0.00      0.00      0.00      0.00      0.00    100.00
01:56:57         26      0.00      0.00      1.00      0.00      0.00     99.00
01:56:57         27      1.00      0.00      3.00      1.00      0.00     95.00
01:56:57         28      1.00      0.00      1.00      0.00      0.00     98.00
01:56:57         29     11.22      0.00      1.02      0.00      0.00     87.76
01:56:57         30      5.00      0.00      0.00      0.00      0.00     95.00
01:56:57         31      0.00      0.00      0.00      0.00      0.00    100.00
01:56:57         32      0.00      0.00      0.00      0.00      0.00    100.00
01:56:57         33      0.00      0.00      0.00      0.00      0.00    100.00
01:56:57         34      0.00      0.00      0.00      0.00      0.00    100.00
01:56:57         35      0.00      0.00      0.00      0.00      0.00    100.00
01:56:57         36      0.00      0.00      0.00      0.00      0.00    100.00
01:56:57         37      0.00      0.00      0.00      0.00      0.00    100.00
01:56:57         38      0.00      0.00      0.00      0.00      0.00    100.00
01:56:57         39      0.00      0.00      0.00      0.00      0.00    100.00

01:56:57        CPU     %user     %nice   %system   %iowait    %steal     %idle
01:56:58        all      0.03      0.00      0.00      0.00      0.00     99.97
01:56:58          0      0.00      0.00      0.00      0.00      0.00    100.00
01:56:58          1      0.00      0.00      0.00      0.00      0.00    100.00
01:56:58          2      0.00      0.00      0.00      0.00      0.00    100.00
01:56:58          3      0.00      0.00      0.00      0.00      0.00    100.00
01:56:58          4      0.00      0.00      0.00      0.00      0.00    100.00
01:56:58          5      0.00      0.00      0.00      0.00      0.00    100.00
01:56:58          6      0.00      0.00      0.00      0.00      0.00    100.00
01:56:58          7      0.00      0.00      0.00      0.00      0.00    100.00
01:56:58          8      0.00      0.00      0.00      0.00      0.00    100.00
01:56:58          9      0.00      0.00      0.00      0.00      0.00    100.00
01:56:58         10      0.00      0.00      0.00      0.00      0.00    100.00
01:56:58         11      0.00      0.00      0.00      0.00      0.00    100.00
01:56:58         12      0.00      0.00      0.00      0.00      0.00    100.00
01:56:58         13      0.99      0.00      0.00      0.00      0.00     99.01
01:56:58         14      0.00      0.00      0.00      0.00      0.00    100.00
01:56:58         15      0.00      0.00      0.00      0.00      0.00    100.00
01:56:58         16      0.00      0.00      0.00      0.00      0.00    100.00
01:56:58         17      0.00      0.00      0.00      0.00      0.00    100.00
01:56:58         18      0.00      0.00      0.00      0.00      0.00    100.00
01:56:58         19      0.00      0.00      0.00      0.00      0.00    100.00
01:56:58         20      0.00      0.00      0.00      0.00      0.00    100.00
01:56:58         21      0.00      0.00      0.00      0.00      0.00    100.00
01:56:58         22      0.00      0.00      0.00      0.00      0.00    100.00
01:56:58         23      0.00      0.00      0.00      0.00      0.00    100.00
01:56:58         24      0.00      0.00      0.00      0.00      0.00    100.00
01:56:58         25      0.00      0.00      0.00      0.00      0.00    100.00
01:56:58         26      0.00      0.00      0.00      0.00      0.00    100.00
01:56:58         27      0.00      0.00      0.00      0.00      0.00    100.00
01:56:58         28      0.00      0.00      0.00      0.00      0.00    100.00
01:56:58         29      0.00      0.00      0.00      0.00      0.00    100.00
01:56:58         30      0.00      0.00      0.00      0.00      0.00    100.00
01:56:58         31      0.00      0.00      0.00      0.00      0.00    100.00
01:56:58         32      0.00      0.00      0.00      0.00      0.00    100.00
01:56:58         33      0.00      0.00      0.00      0.00      0.00    100.00
01:56:58         34      0.00      0.00      0.00      0.00      0.00    100.00
01:56:58         35      0.00      0.00      0.00      0.00      0.00    100.00
01:56:58         36      0.00      0.00      0.00      0.00      0.00    100.00
01:56:58         37      0.00      0.00      0.00      0.00      0.00    100.00
01:56:58         38      0.00      0.00      0.00      0.00      0.00    100.00
01:56:58         39      0.00      0.00      0.00      0.00      0.00    100.00

01:56:58        CPU     %user     %nice   %system   %iowait    %steal     %idle
01:56:59        all      0.60      0.00      0.13      0.05      0.00     99.22
01:56:59          0      0.00      0.00      0.99      0.00      0.00     99.01
01:56:59          1      0.00      0.00      1.01      0.00      0.00     98.99
01:56:59          2      0.00      0.00      0.00      0.00      0.00    100.00
01:56:59          3      0.00      0.00      0.00      0.00      0.00    100.00
01:56:59          4      0.00      0.00      0.00      0.00      0.00    100.00
01:56:59          5      0.00      0.00      0.00      0.00      0.00    100.00
01:56:59          6      0.00      0.00      0.00      0.00      0.00    100.00
01:56:59          7      0.00      0.00      0.00      0.00      0.00    100.00
01:56:59          8      0.00      0.00      0.00      0.00      0.00    100.00
01:56:59          9      0.00      0.00      0.00      2.00      0.00     98.00
01:56:59         10      0.99      0.00      0.00      0.00      0.00     99.01
01:56:59         11      0.00      0.00      0.00      0.00      0.00    100.00
01:56:59         12     23.23      0.00      0.00      0.00      0.00     76.77
01:56:59         13      0.00      0.00      1.00      0.00      0.00     99.00
01:56:59         14      0.00      0.00      0.00      0.00      0.00    100.00
01:56:59         15      0.00      0.00      0.00      0.00      0.00    100.00
01:56:59         16      0.00      0.00      0.00      0.00      0.00    100.00
01:56:59         17      0.00      0.00      0.00      0.00      0.00    100.00
01:56:59         18      0.00      0.00      0.00      0.00      0.00    100.00
01:56:59         19      0.00      0.00      0.00      0.00      0.00    100.00
01:56:59         20      0.00      0.00      0.00      0.00      0.00    100.00
01:56:59         21      0.00      0.00      0.00      0.00      0.00    100.00
01:56:59         22      0.00      0.00      0.00      0.00      0.00    100.00
01:56:59         23      0.00      0.00      0.00      0.00      0.00    100.00
01:56:59         24      0.00      0.00      0.00      0.00      0.00    100.00
01:56:59         25      0.00      0.00      0.00      0.00      0.00    100.00
01:56:59         26      0.00      0.00      0.00      0.00      0.00    100.00
01:56:59         27      0.00      0.00      0.99      0.00      0.00     99.01
01:56:59         28      0.00      0.00      0.00      0.00      0.00    100.00
01:56:59         29      0.00      0.00      0.00      0.00      0.00    100.00
01:56:59         30      0.00      0.00      0.00      0.00      0.00    100.00
01:56:59         31      0.00      0.00      0.00      0.00      0.00    100.00
01:56:59         32      0.00      0.00      0.00      0.00      0.00    100.00
01:56:59         33      0.00      0.00      0.00      0.00      0.00    100.00
01:56:59         34      0.00      0.00      0.00      0.00      0.00    100.00
01:56:59         35      0.00      0.00      0.00      0.00      0.00    100.00
01:56:59         36      0.00      0.00      0.00      0.00      0.00    100.00
01:56:59         37      0.00      0.00      0.00      0.00      0.00    100.00
01:56:59         38      0.00      0.00      0.00      0.00      0.00    100.00
01:56:59         39      0.00      0.00      0.00      0.00      0.00    100.00
