Linux 6.6.23 (eternity1) 	05/24/25 	_x86_64_	(40 CPU)

01:56:21    kbmemfree   kbavail kbmemused  %memused kbbuffers  kbcached  kbcommit   %commit  kbactive   kbinact   kbdirty
01:56:22     63812020  63647416   1796848      2.74         0    397120   2966220      4.45     60312    679984      6004
01:56:23     63813956  63649352   1794912      2.74         0    397128   2966220      4.45     60296    679040      6020
01:56:24     63813956  63649352   1794912      2.74         0    397132   2966220      4.45     60296    679040      6024
01:56:25     63813956  63649352   1794912      2.74         0    397136   2966220      4.45     60296    679040      6028
01:56:26     63813956  63649352   1794912      2.74         0    397140   2966220      4.45     60296    679040      6032
01:56:27     63814020  63649416   1794848      2.74         0    397144   2966220      4.45     60296    679040      6036
01:56:28     63814304  63649700   1794564      2.74         0    397148   2966220      4.45     60296    679040      6040
01:56:29     63814096  63649492   1794772      2.74         0    397152   2966220      4.45     60296    679040      6044
01:56:30     63817200  63652580   1791668      2.73         0    397160   2966220      4.45     60296    679048      1912
01:56:31     63816472  63651852   1792396      2.73         0    397168   2966220      4.45     60296    679056      1920
01:56:32     63816972  63652352   1791896      2.73         0    397168   2966220      4.45     60296    679056      1920
01:56:33     63816972  63652352   1791896      2.73         0    397172   2966220      4.45     60296    679020      1924
01:56:34     63816972  63652352   1791896      2.73         0    397172   2966220      4.45     60292    678948      1924
01:56:35     63791388  63626836   1817480      2.77         0    397192   2991836      4.49     60320    702736      2520
01:56:36     63788588  63624240   1820280      2.77         0    397368   2992168      4.49     60380    702904      3596
01:56:37     63817296  63653028   1791572      2.73         0    397440   2965672      4.45     60400    679940      3724
01:56:38     63817276  63653012   1791592      2.73         0    397444   2965672      4.45     60388    678868      3732
01:56:39     63817276  63653012   1791592      2.73         0    397444   2965672      4.45     60388    678868      3732
01:56:40     63817436  63653172   1791432      2.73         0    397444   2965672      4.45     60388    678868       780
01:56:41     63817452  63653188   1791416      2.73         0    397444   2965672      4.45     60388    678868       780
01:56:42     63817452  63653188   1791416      2.73         0    397444   2965672      4.45     60388    678868       780
01:56:43     63817888  63653624   1790980      2.73         0    397444   2965672      4.45     60388    678868       780
01:56:44     63817888  63653624   1790980      2.73         0    397444   2965672      4.45     60388    678868       780
01:56:45     63817888  63653624   1790980      2.73         0    397444   2965672      4.45     60388    678868       780
01:56:46     63817888  63653624   1790980      2.73         0    397444   2965672      4.45     60388    678868       780
01:56:47     63818116  63653852   1790752      2.73         0    397444   2970072      4.46     60388    681064       780
01:56:48     63818552  63654288   1790316      2.73         0    397444   2965672      4.45     60384    678712       780
01:56:49     63819728  63655500   1789140      2.73         0    397548   2965672      4.45     60416    678912        76
01:56:50     63820504  63656276   1788364      2.73         0    397552   2965672      4.45     60416    678912        80
01:56:51     63820504  63656276   1788364      2.73         0    397556   2965672      4.45     60416    678912        88
01:56:52     63820504  63656276   1788364      2.73         0    397556   2965672      4.45     60416    678912        92
01:56:53     63820504  63656276   1788364      2.73         0    397556   2965672      4.45     60416    678912        92
01:56:54     63820504  63656276   1788364      2.73         0    397556   2965672      4.45     60416    678912        92
01:56:55     63820504  63656276   1788364      2.73         0    397556   2965672      4.45     60416    678912        92
01:56:56     63820504  63656276   1788364      2.73         0    397560   2965672      4.45     60416    678912        96
01:56:57     63820000  63655772   1788868      2.73         0    397560   2966220      4.45     60416    679348        96
01:56:58     63796264  63632124   1812604      2.76         0    397608   2991836      4.49     60424    702884      2208
01:56:59     63792368  63628348   1816500      2.77         0    397720   2991836      4.49     60512    703692      3300
