Linux 6.6.23 (eternity2) 	05/24/25 	_x86_64_	(40 CPU)

01:56:33    kbmemfree   kbavail kbmemused  %memused kbbuffers  kbcached  kbcommit   %commit  kbactive   kbinact   kbdirty
01:56:34     64265508  64017204   1343444      2.05       244    237104   2079756      3.12     52232    280872      1580
01:56:35     64265712  64017408   1343240      2.05       244    237108   2079756      3.12     52248    280184      1688
01:56:36     64265712  64017408   1343240      2.05       244    237108   2079756      3.12     52248    280184      1688
01:56:37     64265632  64017328   1343320      2.05       244    237116   2079756      3.12     52248    280184      1696
01:56:38     64265840  64017536   1343112      2.05       244    237120   2079756      3.12     52248    280184      1700
01:56:39     64265840  64017536   1343112      2.05       244    237124   2079756      3.12     52248    280192      1056
01:56:40     64266092  64017788   1342860      2.05       244    237124   2079756      3.12     52248    280192      1056
01:56:41     64265840  64017536   1343112      2.05       244    237132   2079756      3.12     52248    280192      1064
01:56:42     64265840  64017536   1343112      2.05       244    237136   2079756      3.12     52248    280192      1068
01:56:43     64265840  64017536   1343112      2.05       244    237144   2079756      3.12     52248    280192      1076
01:56:44     64265840  64017536   1343112      2.05       244    237148   2079756      3.12     52248    280192       648
01:56:45     64265840  64017536   1343112      2.05       244    237152   2079756      3.12     52248    280192        20
01:56:46     64265136  64016836   1343816      2.05       244    237152   2085616      3.13     52256    282444        20
01:56:47     64259716  64011476   1349236      2.06       244    237272   2091636      3.14     52288    290792      1952
01:56:48     64267292  64019072   1341660      2.04       244    237312   2079756      3.12     52288    280504      2576
01:56:49     64267292  64019072   1341660      2.04       244    237312   2079756      3.12     52288    280504       376
01:56:50     64267584  64019364   1341368      2.04       244    237320   2079756      3.12     52288    280504        24
01:56:51     64267584  64019364   1341368      2.04       244    237324   2079756      3.12     52288    280504        28
01:56:52     64267584  64019364   1341368      2.04       244    237328   2079756      3.12     52288    280504        32
01:56:53     64267584  64019364   1341368      2.04       244    237336   2079756      3.12     52288    280504        40
01:56:54     64267584  64019364   1341368      2.04       244    237340   2079756      3.12     52288    280504        44
01:56:55     64267584  64019364   1341368      2.04       244    237340   2079756      3.12     52288    280504        44
01:56:56     64267836  64019616   1341116      2.04       244    237344   2080796      3.12     52288    280504        48
01:56:57     64261488  64013288   1347464      2.05       244    237352   2079756      3.12     52296    282008      1392
01:56:58     64262576  64014440   1346376      2.05       244    237492   2079756      3.12     52356    280624      1460
01:56:59     64262400  64014264   1346552      2.05       244    237492   2082716      3.13     52356    281616      1460
