Linux 6.6.23 (eternity2) 	05/24/25 	_x86_64_	(40 CPU)

01:43:16        CPU     %user     %nice   %system   %iowait    %steal     %idle
01:43:17        all      2.00      0.00      0.73      0.70      0.00     96.57
01:43:17          0      0.00      0.00      1.01      4.04      0.00     94.95
01:43:17          1      4.04      0.00      2.02     10.10      0.00     83.84
01:43:17          2      0.00      0.00      0.00      0.00      0.00    100.00
01:43:17          3      0.00      0.00      0.99      0.00      0.00     99.01
01:43:17          4      0.00      0.00      1.00      0.00      0.00     99.00
01:43:17          5      2.97      0.00      2.97      6.93      0.00     87.13
01:43:17          6      0.00      0.00      1.00      0.00      0.00     99.00
01:43:17          7      0.00      0.00      0.00      0.00      0.00    100.00
01:43:17          8      0.98      0.00      2.94      4.90      0.00     91.18
01:43:17          9      2.02      0.00      1.01      0.00      0.00     96.97
01:43:17         10      0.00      0.00      0.00      0.00      0.00    100.00
01:43:17         11      0.00      0.00      1.00      1.00      0.00     98.00
01:43:17         12      0.00      0.00      1.01      0.00      0.00     98.99
01:43:17         13      0.99      0.00      0.99      0.00      0.00     98.02
01:43:17         14      2.00      0.00      0.00      0.00      0.00     98.00
01:43:17         15      0.00      0.00      0.00      0.00      0.00    100.00
01:43:17         16      8.00      0.00      1.00      0.00      0.00     91.00
01:43:17         17     12.24      0.00      1.02      0.00      0.00     86.73
01:43:17         18      0.00      0.00      0.00      0.00      0.00    100.00
01:43:17         19      0.00      0.00      0.00      0.00      0.00    100.00
01:43:17         20      8.00      0.00      0.00      0.00      0.00     92.00
01:43:17         21      0.00      0.00      0.99      0.00      0.00     99.01
01:43:17         22      0.00      0.00      0.99      0.00      0.00     99.01
01:43:17         23      0.00      0.00      0.99      0.00      0.00     99.01
01:43:17         24      0.00      0.00      0.00      0.00      0.00    100.00
01:43:17         25      0.00      0.00      0.00      0.00      0.00    100.00
01:43:17         26      0.00      0.00      0.00      1.01      0.00     98.99
01:43:17         27      0.00      0.00      0.00      0.00      0.00    100.00
01:43:17         28      0.00      0.00      0.00      0.00      0.00    100.00
01:43:17         29      0.00      0.00      0.00      0.00      0.00    100.00
01:43:17         30      0.00      0.00      0.00      0.00      0.00    100.00
01:43:17         31      0.00      0.00      0.00      0.00      0.00    100.00
01:43:17         32      0.00      0.00      0.00      0.00      0.00    100.00
01:43:17         33      0.00      0.00      0.00      0.00      0.00    100.00
01:43:17         34      0.00      0.00      0.00      0.00      0.00    100.00
01:43:17         35      0.00      0.00      0.00      0.00      0.00    100.00
01:43:17         36      0.00      0.00      0.00      0.00      0.00    100.00
01:43:17         37     36.36      0.00      6.06      0.00      0.00     57.58
01:43:17         38      0.99      0.00      1.98      0.00      0.00     97.03
01:43:17         39      2.02      0.00      0.00      0.00      0.00     97.98

01:43:17        CPU     %user     %nice   %system   %iowait    %steal     %idle
01:43:18        all      1.78      0.00      0.50      0.00      0.00     97.72
01:43:18          0     38.38      0.00      6.06      0.00      0.00     55.56
01:43:18          1      5.00      0.00      1.00      0.00      0.00     94.00
01:43:18          2      0.00      0.00      1.00      0.00      0.00     99.00
01:43:18          3      0.00      0.00      1.00      0.00      0.00     99.00
01:43:18          4      0.00      0.00      0.00      0.00      0.00    100.00
01:43:18          5      0.00      0.00      1.00      0.00      0.00     99.00
01:43:18          6      0.00      0.00      0.00      0.00      0.00    100.00
01:43:18          7      0.00      0.00      0.00      0.00      0.00    100.00
01:43:18          8      3.00      0.00      1.00      0.00      0.00     96.00
01:43:18          9      0.00      0.00      0.00      0.00      0.00    100.00
01:43:18         10      0.00      0.00      0.00      0.00      0.00    100.00
01:43:18         11      0.00      0.00      0.00      0.00      0.00    100.00
01:43:18         12      2.00      0.00      0.00      0.00      0.00     98.00
01:43:18         13      0.00      0.00      1.00      0.00      0.00     99.00
01:43:18         14      0.00      0.00      0.00      0.00      0.00    100.00
01:43:18         15      0.00      0.00      0.00      0.00      0.00    100.00
01:43:18         16      0.00      0.00      0.99      0.00      0.00     99.01
01:43:18         17      0.99      0.00      0.99      0.00      0.00     98.02
01:43:18         18      0.00      0.00      1.98      0.00      0.00     98.02
01:43:18         19      0.00      0.00      0.00      0.00      0.00    100.00
01:43:18         20      8.00      0.00      1.00      0.00      0.00     91.00
01:43:18         21      8.08      0.00      0.00      0.00      0.00     91.92
01:43:18         22      0.00      0.00      0.00      0.00      0.00    100.00
01:43:18         23      0.00      0.00      0.00      0.00      0.00    100.00
01:43:18         24      1.00      0.00      1.00      0.00      0.00     98.00
01:43:18         25      0.00      0.00      0.00      0.00      0.00    100.00
01:43:18         26      0.00      0.00      0.00      0.00      0.00    100.00
01:43:18         27      1.00      0.00      0.00      0.00      0.00     99.00
01:43:18         28      3.96      0.00      0.99      0.00      0.00     95.05
01:43:18         29      0.00      0.00      0.00      0.00      0.00    100.00
01:43:18         30      0.00      0.00      0.00      0.00      0.00    100.00
01:43:18         31      0.00      0.00      0.00      0.00      0.00    100.00
01:43:18         32      0.00      0.00      0.00      0.00      0.00    100.00
01:43:18         33      0.00      0.00      0.00      0.00      0.00    100.00
01:43:18         34      0.00      0.00      0.00      0.00      0.00    100.00
01:43:18         35      0.00      0.00      0.00      0.00      0.00    100.00
01:43:18         36      0.00      0.00      0.00      0.00      0.00    100.00
01:43:18         37      0.00      0.00      1.00      0.00      0.00     99.00
01:43:18         38      0.00      0.00      0.00      0.00      0.00    100.00
01:43:18         39      0.00      0.00      0.00      0.00      0.00    100.00

01:43:18        CPU     %user     %nice   %system   %iowait    %steal     %idle
01:43:19        all      1.20      0.00      0.35      0.08      0.00     98.37
01:43:19          0      0.00      0.00      0.00      0.00      0.00    100.00
01:43:19          1     27.27      0.00      4.04      0.00      0.00     68.69
01:43:19          2      0.00      0.00      0.00      2.02      0.00     97.98
01:43:19          3      0.00      0.00      1.01      1.01      0.00     97.98
01:43:19          4      0.00      0.00      0.00      0.00      0.00    100.00
01:43:19          5      0.00      0.00      0.00      0.00      0.00    100.00
01:43:19          6      0.00      0.00      0.00      0.00      0.00    100.00
01:43:19          7      0.00      0.00      0.00      0.00      0.00    100.00
01:43:19          8      0.00      0.00      0.00      0.00      0.00    100.00
01:43:19          9      0.99      0.00      0.00      0.00      0.00     99.01
01:43:19         10      0.00      0.00      0.99      0.00      0.00     99.01
01:43:19         11      0.99      0.00      0.99      0.00      0.00     98.02
01:43:19         12      6.00      0.00      1.00      0.00      0.00     93.00
01:43:19         13      1.00      0.00      0.00      0.00      0.00     99.00
01:43:19         14      0.00      0.00      1.00      0.00      0.00     99.00
01:43:19         15      0.00      0.00      1.00      0.00      0.00     99.00
01:43:19         16      0.00      0.00      0.00      0.00      0.00    100.00
01:43:19         17      0.00      0.00      0.00      0.00      0.00    100.00
01:43:19         18      0.00      0.00      0.00      0.00      0.00    100.00
01:43:19         19      0.00      0.00      0.00      0.00      0.00    100.00
01:43:19         20      0.00      0.00      0.00      0.00      0.00    100.00
01:43:19         21     11.11      0.00      1.01      0.00      0.00     87.88
01:43:19         22      0.00      0.00      0.00      0.00      0.00    100.00
01:43:19         23      0.00      0.00      0.00      0.00      0.00    100.00
01:43:19         24      0.00      0.00      0.00      0.00      0.00    100.00
01:43:19         25      0.00      0.00      0.00      0.00      0.00    100.00
01:43:19         26      0.99      0.00      0.00      0.00      0.00     99.01
01:43:19         27      0.00      0.00      0.00      0.00      0.00    100.00
01:43:19         28      0.00      0.00      0.00      0.00      0.00    100.00
01:43:19         29      0.00      0.00      0.00      0.00      0.00    100.00
01:43:19         30      0.00      0.00      0.00      0.00      0.00    100.00
01:43:19         31      0.00      0.00      0.00      0.00      0.00    100.00
01:43:19         32      0.00      0.00      0.00      0.00      0.00    100.00
01:43:19         33      0.00      0.00      0.00      0.00      0.00    100.00
01:43:19         34      0.00      0.00      0.00      0.00      0.00    100.00
01:43:19         35      0.00      0.00      0.00      0.00      0.00    100.00
01:43:19         36      0.00      0.00      0.00      0.00      0.00    100.00
01:43:19         37      0.00      0.00      0.99      0.00      0.00     99.01
01:43:19         38      0.00      0.00      0.00      0.00      0.00    100.00
01:43:19         39      0.99      0.00      0.99      0.00      0.00     98.02

01:43:19        CPU     %user     %nice   %system   %iowait    %steal     %idle
01:43:20        all      0.00      0.00      0.00      0.00      0.00    100.00
01:43:20          0      0.00      0.00      0.00      0.00      0.00    100.00
01:43:20          1      0.00      0.00      0.00      0.00      0.00    100.00
01:43:20          2      0.00      0.00      0.00      0.00      0.00    100.00
01:43:20          3      0.00      0.00      0.00      0.00      0.00    100.00
01:43:20          4      0.00      0.00      0.00      0.00      0.00    100.00
01:43:20          5      0.00      0.00      0.00      0.00      0.00    100.00
01:43:20          6      0.00      0.00      0.00      0.00      0.00    100.00
01:43:20          7      0.00      0.00      0.00      0.00      0.00    100.00
01:43:20          8      0.00      0.00      0.00      0.00      0.00    100.00
01:43:20          9      0.00      0.00      0.00      0.00      0.00    100.00
01:43:20         10      0.99      0.00      0.00      0.00      0.00     99.01
01:43:20         11      0.00      0.00      0.00      0.00      0.00    100.00
01:43:20         12      0.00      0.00      0.00      0.00      0.00    100.00
01:43:20         13      0.00      0.00      0.00      0.00      0.00    100.00
01:43:20         14      0.00      0.00      0.00      0.00      0.00    100.00
01:43:20         15      0.00      0.00      0.00      0.00      0.00    100.00
01:43:20         16      0.00      0.00      0.99      0.00      0.00     99.01
01:43:20         17      0.00      0.00      0.00      0.00      0.00    100.00
01:43:20         18      0.00      0.00      0.00      0.00      0.00    100.00
01:43:20         19      0.00      0.00      0.00      0.00      0.00    100.00
01:43:20         20      0.00      0.00      0.00      0.00      0.00    100.00
01:43:20         21      0.00      0.00      0.00      0.00      0.00    100.00
01:43:20         22      0.00      0.00      0.00      0.00      0.00    100.00
01:43:20         23      0.00      0.00      0.00      0.00      0.00    100.00
01:43:20         24      0.00      0.00      0.00      0.00      0.00    100.00
01:43:20         25      0.00      0.00      0.00      0.00      0.00    100.00
01:43:20         26      0.00      0.00      0.00      0.00      0.00    100.00
01:43:20         27      0.00      0.00      0.00      0.00      0.00    100.00
01:43:20         28      0.00      0.00      0.00      0.00      0.00    100.00
01:43:20         29      0.00      0.00      0.00      0.00      0.00    100.00
01:43:20         30      0.00      0.00      0.00      0.00      0.00    100.00
01:43:20         31      0.00      0.00      0.00      0.00      0.00    100.00
01:43:20         32      0.00      0.00      0.00      0.00      0.00    100.00
01:43:20         33      0.00      0.00      0.00      0.00      0.00    100.00
01:43:20         34      0.00      0.00      0.00      0.00      0.00    100.00
01:43:20         35      0.00      0.00      0.00      0.00      0.00    100.00
01:43:20         36      0.00      0.00      0.00      0.00      0.00    100.00
01:43:20         37      0.00      0.00      0.00      0.00      0.00    100.00
01:43:20         38      0.00      0.00      0.00      0.00      0.00    100.00
01:43:20         39      0.00      0.00      0.00      0.00      0.00    100.00

01:43:20        CPU     %user     %nice   %system   %iowait    %steal     %idle
01:43:21        all      0.02      0.00      0.02      0.00      0.00     99.95
01:43:21          0      0.00      0.00      0.00      0.00      0.00    100.00
01:43:21          1      0.00      0.00      0.00      0.00      0.00    100.00
01:43:21          2      0.00      0.00      0.00      0.00      0.00    100.00
01:43:21          3      0.00      0.00      0.00      0.00      0.00    100.00
01:43:21          4      0.00      0.00      0.00      0.00      0.00    100.00
01:43:21          5      0.00      0.00      0.00      0.00      0.00    100.00
01:43:21          6      0.00      0.00      0.00      0.00      0.00    100.00
01:43:21          7      0.00      0.00      0.00      0.00      0.00    100.00
01:43:21          8      0.00      0.00      0.00      0.00      0.00    100.00
01:43:21          9      0.00      0.00      0.00      0.00      0.00    100.00
01:43:21         10      0.00      0.00      0.00      0.00      0.00    100.00
01:43:21         11      0.00      0.00      0.00      0.00      0.00    100.00
01:43:21         12      0.00      0.00      0.00      0.00      0.00    100.00
01:43:21         13      0.00      0.00      0.00      0.00      0.00    100.00
01:43:21         14      0.00      0.00      0.00      0.00      0.00    100.00
01:43:21         15      0.00      0.00      0.00      0.00      0.00    100.00
01:43:21         16      0.00      0.00      0.00      0.00      0.00    100.00
01:43:21         17      0.00      0.00      0.00      0.00      0.00    100.00
01:43:21         18      0.00      0.00      0.00      0.00      0.00    100.00
01:43:21         19      0.00      0.00      0.00      0.00      0.00    100.00
01:43:21         20      0.00      0.00      0.00      0.00      0.00    100.00
01:43:21         21      0.00      0.00      0.00      0.00      0.00    100.00
01:43:21         22      0.00      0.00      0.00      0.00      0.00    100.00
01:43:21         23      0.00      0.00      0.00      0.00      0.00    100.00
01:43:21         24      0.00      0.00      0.00      0.00      0.00    100.00
01:43:21         25      0.00      0.00      0.00      0.00      0.00    100.00
01:43:21         26      0.00      0.00      0.00      0.00      0.00    100.00
01:43:21         27      0.00      0.00      0.00      0.00      0.00    100.00
01:43:21         28      0.00      0.00      0.00      0.00      0.00    100.00
01:43:21         29      0.00      0.00      0.00      0.00      0.00    100.00
01:43:21         30      0.00      0.00      0.00      0.00      0.00    100.00
01:43:21         31      0.00      0.00      0.00      0.00      0.00    100.00
01:43:21         32      0.00      0.00      0.00      0.00      0.00    100.00
01:43:21         33      0.00      0.00      0.00      0.00      0.00    100.00
01:43:21         34      0.00      0.00      0.00      0.00      0.00    100.00
01:43:21         35      0.00      0.00      0.00      0.00      0.00    100.00
01:43:21         36      0.00      0.00      0.00      0.00      0.00    100.00
01:43:21         37      0.00      0.00      0.00      0.00      0.00    100.00
01:43:21         38      0.00      0.00      0.00      0.00      0.00    100.00
01:43:21         39      0.00      0.00      0.00      0.00      0.00    100.00

01:43:21        CPU     %user     %nice   %system   %iowait    %steal     %idle
01:43:22        all      0.03      0.00      0.03      0.00      0.00     99.95
01:43:22          0      0.00      0.00      0.00      0.00      0.00    100.00
01:43:22          1      0.00      0.00      0.00      0.00      0.00    100.00
01:43:22          2      0.00      0.00      0.00      0.00      0.00    100.00
01:43:22          3      0.00      0.00      0.00      0.00      0.00    100.00
01:43:22          4      0.00      0.00      0.00      0.00      0.00    100.00
01:43:22          5      0.00      0.00      0.00      0.00      0.00    100.00
01:43:22          6      0.00      0.00      0.00      0.00      0.00    100.00
01:43:22          7      0.00      0.00      0.00      0.00      0.00    100.00
01:43:22          8      0.00      0.00      0.00      0.00      0.00    100.00
01:43:22          9      0.00      0.00      0.00      0.00      0.00    100.00
01:43:22         10      0.00      0.00      0.00      0.00      0.00    100.00
01:43:22         11      0.99      0.00      0.00      0.00      0.00     99.01
01:43:22         12      0.00      0.00      0.00      0.00      0.00    100.00
01:43:22         13      0.00      0.00      0.00      0.00      0.00    100.00
01:43:22         14      0.00      0.00      0.00      0.00      0.00    100.00
01:43:22         15      0.00      0.00      0.00      0.00      0.00    100.00
01:43:22         16      0.00      0.00      0.00      0.00      0.00    100.00
01:43:22         17      0.00      0.00      0.00      0.00      0.00    100.00
01:43:22         18      0.00      0.00      0.00      0.00      0.00    100.00
01:43:22         19      0.00      0.00      0.00      0.00      0.00    100.00
01:43:22         20      0.00      0.00      0.00      0.00      0.00    100.00
01:43:22         21      0.00      0.00      0.00      0.00      0.00    100.00
01:43:22         22      0.00      0.00      0.00      0.00      0.00    100.00
01:43:22         23      0.00      0.00      0.00      0.00      0.00    100.00
01:43:22         24      0.00      0.00      0.00      0.00      0.00    100.00
01:43:22         25      0.00      0.00      0.00      0.00      0.00    100.00
01:43:22         26      0.00      0.00      0.00      0.00      0.00    100.00
01:43:22         27      0.00      0.00      0.00      0.00      0.00    100.00
01:43:22         28      0.00      0.00      0.00      0.00      0.00    100.00
01:43:22         29      0.00      0.00      0.00      0.00      0.00    100.00
01:43:22         30      0.00      0.00      0.00      0.00      0.00    100.00
01:43:22         31      0.00      0.00      0.00      0.00      0.00    100.00
01:43:22         32      0.00      0.00      0.00      0.00      0.00    100.00
01:43:22         33      0.00      0.00      0.00      0.00      0.00    100.00
01:43:22         34      0.00      0.00      0.00      0.00      0.00    100.00
01:43:22         35      0.00      0.00      0.00      0.00      0.00    100.00
01:43:22         36      0.00      0.00      0.00      0.00      0.00    100.00
01:43:22         37      0.00      0.00      0.00      0.00      0.00    100.00
01:43:22         38      0.00      0.00      0.00      0.00      0.00    100.00
01:43:22         39      0.00      0.00      0.00      0.00      0.00    100.00

01:43:22        CPU     %user     %nice   %system   %iowait    %steal     %idle
01:43:23        all      0.00      0.00      0.03      0.00      0.00     99.97
01:43:23          0      0.00      0.00      0.00      0.00      0.00    100.00
01:43:23          1      0.00      0.00      0.00      0.00      0.00    100.00
01:43:23          2      0.00      0.00      0.00      0.00      0.00    100.00
01:43:23          3      0.00      0.00      0.00      0.00      0.00    100.00
01:43:23          4      0.00      0.00      0.00      0.00      0.00    100.00
01:43:23          5      0.00      0.00      0.00      0.00      0.00    100.00
01:43:23          6      0.00      0.00      0.99      0.00      0.00     99.01
01:43:23          7      0.00      0.00      0.00      0.00      0.00    100.00
01:43:23          8      0.00      0.00      0.00      0.00      0.00    100.00
01:43:23          9      0.00      0.00      0.00      0.00      0.00    100.00
01:43:23         10      0.00      0.00      0.00      0.00      0.00    100.00
01:43:23         11      0.00      0.00      0.00      0.00      0.00    100.00
01:43:23         12      0.00      0.00      0.00      0.00      0.00    100.00
01:43:23         13      0.00      0.00      0.00      0.00      0.00    100.00
01:43:23         14      0.00      0.00      0.00      0.00      0.00    100.00
01:43:23         15      0.00      0.00      0.00      0.00      0.00    100.00
01:43:23         16      0.00      0.00      0.00      0.00      0.00    100.00
01:43:23         17      0.00      0.00      0.00      0.00      0.00    100.00
01:43:23         18      0.00      0.00      0.00      0.00      0.00    100.00
01:43:23         19      0.00      0.00      0.00      0.00      0.00    100.00
01:43:23         20      0.00      0.00      0.00      0.00      0.00    100.00
01:43:23         21      0.00      0.00      0.00      0.00      0.00    100.00
01:43:23         22      0.00      0.00      0.00      0.00      0.00    100.00
01:43:23         23      0.00      0.00      0.00      0.00      0.00    100.00
01:43:23         24      0.00      0.00      0.00      0.00      0.00    100.00
01:43:23         25      0.00      0.00      0.00      0.00      0.00    100.00
01:43:23         26      0.00      0.00      0.00      0.00      0.00    100.00
01:43:23         27      0.00      0.00      0.00      0.00      0.00    100.00
01:43:23         28      0.00      0.00      0.00      0.00      0.00    100.00
01:43:23         29      0.00      0.00      0.00      0.00      0.00    100.00
01:43:23         30      0.00      0.00      0.00      0.00      0.00    100.00
01:43:23         31      0.00      0.00      0.00      0.00      0.00    100.00
01:43:23         32      0.00      0.00      0.00      0.00      0.00    100.00
01:43:23         33      0.00      0.00      0.00      0.00      0.00    100.00
01:43:23         34      0.00      0.00      0.00      0.00      0.00    100.00
01:43:23         35      0.00      0.00      0.00      0.00      0.00    100.00
01:43:23         36      0.00      0.00      0.00      0.00      0.00    100.00
01:43:23         37      0.00      0.00      0.00      0.00      0.00    100.00
01:43:23         38      0.00      0.00      0.00      0.00      0.00    100.00
01:43:23         39      0.00      0.00      0.00      0.00      0.00    100.00

01:43:23        CPU     %user     %nice   %system   %iowait    %steal     %idle
01:43:24        all      0.02      0.00      0.05      0.00      0.00     99.93
01:43:24          0      0.00      0.00      0.00      0.00      0.00    100.00
01:43:24          1      0.00      0.00      0.00      0.00      0.00    100.00
01:43:24          2      0.00      0.00      0.00      0.00      0.00    100.00
01:43:24          3      0.00      0.00      0.00      0.00      0.00    100.00
01:43:24          4      0.00      0.00      0.00      0.00      0.00    100.00
01:43:24          5      0.00      0.00      0.00      0.00      0.00    100.00
01:43:24          6      0.00      0.00      0.00      0.00      0.00    100.00
01:43:24          7      0.00      0.00      0.99      0.00      0.00     99.01
01:43:24          8      0.00      0.00      0.00      0.00      0.00    100.00
01:43:24          9      0.00      0.00      0.00      0.00      0.00    100.00
01:43:24         10      0.00      0.00      0.99      0.00      0.00     99.01
01:43:24         11      0.00      0.00      0.00      0.00      0.00    100.00
01:43:24         12      0.00      0.00      0.00      0.00      0.00    100.00
01:43:24         13      0.00      0.00      0.00      0.00      0.00    100.00
01:43:24         14      0.00      0.00      0.00      0.00      0.00    100.00
01:43:24         15      0.00      0.00      0.00      0.00      0.00    100.00
01:43:24         16      0.00      0.00      0.99      0.00      0.00     99.01
01:43:24         17      0.00      0.00      0.00      0.00      0.00    100.00
01:43:24         18      0.00      0.00      0.00      0.00      0.00    100.00
01:43:24         19      0.00      0.00      0.00      0.00      0.00    100.00
01:43:24         20      0.00      0.00      0.00      0.00      0.00    100.00
01:43:24         21      0.00      0.00      0.00      0.00      0.00    100.00
01:43:24         22      0.00      0.00      0.00      0.00      0.00    100.00
01:43:24         23      0.00      0.00      0.00      0.00      0.00    100.00
01:43:24         24      0.00      0.00      0.00      0.00      0.00    100.00
01:43:24         25      0.00      0.00      0.00      0.00      0.00    100.00
01:43:24         26      0.00      0.00      0.00      0.00      0.00    100.00
01:43:24         27      0.00      0.00      0.00      0.00      0.00    100.00
01:43:24         28      0.00      0.00      0.00      0.00      0.00    100.00
01:43:24         29      0.00      0.00      0.00      0.00      0.00    100.00
01:43:24         30      0.00      0.00      0.00      0.00      0.00    100.00
01:43:24         31      0.00      0.00      0.00      0.00      0.00    100.00
01:43:24         32      0.00      0.00      0.00      0.00      0.00    100.00
01:43:24         33      0.00      0.00      0.00      0.00      0.00    100.00
01:43:24         34      0.00      0.00      0.00      0.00      0.00    100.00
01:43:24         35      0.00      0.00      0.00      0.00      0.00    100.00
01:43:24         36      0.00      0.00      0.00      0.00      0.00    100.00
01:43:24         37      0.00      0.00      0.00      0.00      0.00    100.00
01:43:24         38      0.00      0.00      0.00      0.00      0.00    100.00
01:43:24         39      0.00      0.00      0.00      0.00      0.00    100.00

01:43:24        CPU     %user     %nice   %system   %iowait    %steal     %idle
01:43:25        all      0.00      0.00      0.03      0.00      0.00     99.97
01:43:25          0      0.00      0.00      0.00      0.00      0.00    100.00
01:43:25          1      0.00      0.00      0.00      0.00      0.00    100.00
01:43:25          2      0.00      0.00      0.00      0.00      0.00    100.00
01:43:25          3      0.00      0.00      0.00      0.00      0.00    100.00
01:43:25          4      0.00      0.00      0.00      0.00      0.00    100.00
01:43:25          5      0.00      0.00      0.00      0.00      0.00    100.00
01:43:25          6      0.00      0.00      0.00      0.00      0.00    100.00
01:43:25          7      0.00      0.00      0.00      0.00      0.00    100.00
01:43:25          8      0.00      0.00      0.00      0.00      0.00    100.00
01:43:25          9      0.00      0.00      0.00      0.00      0.00    100.00
01:43:25         10      0.00      0.00      0.00      0.00      0.00    100.00
01:43:25         11      0.00      0.00      0.00      0.00      0.00    100.00
01:43:25         12      0.00      0.00      0.00      0.00      0.00    100.00
01:43:25         13      0.00      0.00      1.00      0.00      0.00     99.00
01:43:25         14      0.00      0.00      0.00      0.00      0.00    100.00
01:43:25         15      0.00      0.00      0.00      0.00      0.00    100.00
01:43:25         16      0.00      0.00      0.00      0.00      0.00    100.00
01:43:25         17      0.00      0.00      0.00      0.00      0.00    100.00
01:43:25         18      0.00      0.00      0.00      0.00      0.00    100.00
01:43:25         19      0.00      0.00      0.00      0.00      0.00    100.00
01:43:25         20      0.00      0.00      0.00      0.00      0.00    100.00
01:43:25         21      0.00      0.00      0.00      0.00      0.00    100.00
01:43:25         22      0.00      0.00      0.00      0.00      0.00    100.00
01:43:25         23      0.00      0.00      0.00      0.00      0.00    100.00
01:43:25         24      0.00      0.00      0.00      0.00      0.00    100.00
01:43:25         25      0.00      0.00      0.00      0.00      0.00    100.00
01:43:25         26      0.00      0.00      0.00      0.00      0.00    100.00
01:43:25         27      0.00      0.00      0.00      0.00      0.00    100.00
01:43:25         28      0.00      0.00      0.00      0.00      0.00    100.00
01:43:25         29      0.00      0.00      0.00      0.00      0.00    100.00
01:43:25         30      0.00      0.00      0.00      0.00      0.00    100.00
01:43:25         31      0.00      0.00      0.00      0.00      0.00    100.00
01:43:25         32      0.00      0.00      0.00      0.00      0.00    100.00
01:43:25         33      0.00      0.00      0.00      0.00      0.00    100.00
01:43:25         34      0.00      0.00      0.00      0.00      0.00    100.00
01:43:25         35      0.00      0.00      0.00      0.00      0.00    100.00
01:43:25         36      0.00      0.00      0.00      0.00      0.00    100.00
01:43:25         37      0.00      0.00      0.00      0.00      0.00    100.00
01:43:25         38      0.00      0.00      0.00      0.00      0.00    100.00
01:43:25         39      0.00      0.00      0.00      0.00      0.00    100.00

01:43:25        CPU     %user     %nice   %system   %iowait    %steal     %idle
01:43:26        all      0.00      0.00      0.03      0.00      0.00     99.97
01:43:26          0      0.00      0.00      0.00      0.00      0.00    100.00
01:43:26          1      0.00      0.00      0.00      0.00      0.00    100.00
01:43:26          2      0.00      0.00      0.00      0.00      0.00    100.00
01:43:26          3      0.00      0.00      0.00      0.00      0.00    100.00
01:43:26          4      0.00      0.00      0.00      0.00      0.00    100.00
01:43:26          5      0.00      0.00      0.00      0.00      0.00    100.00
01:43:26          6      0.00      0.00      0.00      0.00      0.00    100.00
01:43:26          7      0.00      0.00      0.00      0.00      0.00    100.00
01:43:26          8      0.00      0.00      0.00      0.00      0.00    100.00
01:43:26          9      0.00      0.00      0.00      0.00      0.00    100.00
01:43:26         10      0.00      0.00      0.00      0.00      0.00    100.00
01:43:26         11      0.00      0.00      0.00      0.00      0.00    100.00
01:43:26         12      0.00      0.00      0.00      0.00      0.00    100.00
01:43:26         13      0.00      0.00      0.00      0.00      0.00    100.00
01:43:26         14      0.00      0.00      0.00      0.00      0.00    100.00
01:43:26         15      0.00      0.00      0.00      0.00      0.00    100.00
01:43:26         16      0.00      0.00      0.99      0.00      0.00     99.01
01:43:26         17      0.00      0.00      0.00      0.00      0.00    100.00
01:43:26         18      0.00      0.00      0.00      0.00      0.00    100.00
01:43:26         19      0.00      0.00      0.00      0.00      0.00    100.00
01:43:26         20      0.00      0.00      0.00      0.00      0.00    100.00
01:43:26         21      0.00      0.00      0.00      0.00      0.00    100.00
01:43:26         22      0.00      0.00      0.00      0.00      0.00    100.00
01:43:26         23      0.00      0.00      0.00      0.00      0.00    100.00
01:43:26         24      0.00      0.00      0.00      0.00      0.00    100.00
01:43:26         25      0.00      0.00      0.00      0.00      0.00    100.00
01:43:26         26      0.00      0.00      0.00      0.00      0.00    100.00
01:43:26         27      0.00      0.00      0.00      0.00      0.00    100.00
01:43:26         28      0.00      0.00      0.00      0.00      0.00    100.00
01:43:26         29      0.00      0.00      0.00      0.00      0.00    100.00
01:43:26         30      0.00      0.00      0.00      0.00      0.00    100.00
01:43:26         31      0.00      0.00      0.00      0.00      0.00    100.00
01:43:26         32      0.00      0.00      0.00      0.00      0.00    100.00
01:43:26         33      0.00      0.00      0.00      0.00      0.00    100.00
01:43:26         34      0.00      0.00      0.00      0.00      0.00    100.00
01:43:26         35      0.00      0.00      0.00      0.00      0.00    100.00
01:43:26         36      0.00      0.00      0.00      0.00      0.00    100.00
01:43:26         37      0.00      0.00      0.00      0.00      0.00    100.00
01:43:26         38      0.00      0.00      0.00      0.00      0.00    100.00
01:43:26         39      0.00      0.00      0.00      0.00      0.00    100.00

01:43:26        CPU     %user     %nice   %system   %iowait    %steal     %idle
01:43:27        all      0.02      0.00      0.02      0.00      0.00     99.95
01:43:27          0      0.00      0.00      0.00      0.00      0.00    100.00
01:43:27          1      0.00      0.00      0.00      0.00      0.00    100.00
01:43:27          2      0.00      0.00      0.00      0.00      0.00    100.00
01:43:27          3      0.00      0.00      0.00      0.00      0.00    100.00
01:43:27          4      0.00      0.00      0.00      0.00      0.00    100.00
01:43:27          5      0.00      0.00      0.00      0.00      0.00    100.00
01:43:27          6      0.00      0.00      0.00      0.00      0.00    100.00
01:43:27          7      0.00      0.00      0.00      0.00      0.00    100.00
01:43:27          8      0.00      0.00      0.00      0.00      0.00    100.00
01:43:27          9      0.00      0.00      0.00      0.00      0.00    100.00
01:43:27         10      0.99      0.00      0.00      0.00      0.00     99.01
01:43:27         11      0.00      0.00      0.00      0.00      0.00    100.00
01:43:27         12      0.00      0.00      0.00      0.00      0.00    100.00
01:43:27         13      0.00      0.00      0.00      0.00      0.00    100.00
01:43:27         14      0.00      0.00      0.00      0.00      0.00    100.00
01:43:27         15      0.00      0.00      0.00      0.00      0.00    100.00
01:43:27         16      0.00      0.00      0.00      0.00      0.00    100.00
01:43:27         17      0.00      0.00      0.00      0.00      0.00    100.00
01:43:27         18      0.00      0.00      0.00      0.00      0.00    100.00
01:43:27         19      0.00      0.00      0.00      0.00      0.00    100.00
01:43:27         20      0.00      0.00      0.00      0.00      0.00    100.00
01:43:27         21      0.00      0.00      0.00      0.00      0.00    100.00
01:43:27         22      0.00      0.00      0.00      0.00      0.00    100.00
01:43:27         23      0.00      0.00      0.00      0.00      0.00    100.00
01:43:27         24      0.00      0.00      0.00      0.00      0.00    100.00
01:43:27         25      0.00      0.00      0.00      0.00      0.00    100.00
01:43:27         26      0.00      0.00      0.00      0.00      0.00    100.00
01:43:27         27      0.00      0.00      0.00      0.00      0.00    100.00
01:43:27         28      0.00      0.00      0.00      0.00      0.00    100.00
01:43:27         29      0.00      0.00      0.00      0.00      0.00    100.00
01:43:27         30      0.00      0.00      0.00      0.00      0.00    100.00
01:43:27         31      0.00      0.00      0.00      0.00      0.00    100.00
01:43:27         32      0.00      0.00      0.00      0.00      0.00    100.00
01:43:27         33      0.00      0.00      0.00      0.00      0.00    100.00
01:43:27         34      0.00      0.00      0.00      0.00      0.00    100.00
01:43:27         35      0.00      0.00      0.00      0.00      0.00    100.00
01:43:27         36      0.00      0.00      0.00      0.00      0.00    100.00
01:43:27         37      0.00      0.00      0.00      0.00      0.00    100.00
01:43:27         38      0.00      0.00      0.00      0.00      0.00    100.00
01:43:27         39      0.00      0.00      0.00      0.00      0.00    100.00

01:43:27        CPU     %user     %nice   %system   %iowait    %steal     %idle
01:43:28        all      0.00      0.00      0.00      0.00      0.00    100.00
01:43:28          0      0.00      0.00      0.00      0.00      0.00    100.00
01:43:28          1      0.00      0.00      0.00      0.00      0.00    100.00
01:43:28          2      0.00      0.00      0.00      0.00      0.00    100.00
01:43:28          3      0.00      0.00      0.00      0.00      0.00    100.00
01:43:28          4      0.00      0.00      0.00      0.00      0.00    100.00
01:43:28          5      0.00      0.00      0.00      0.00      0.00    100.00
01:43:28          6      0.00      0.00      0.00      0.00      0.00    100.00
01:43:28          7      0.00      0.00      0.00      0.00      0.00    100.00
01:43:28          8      0.00      0.00      0.00      0.00      0.00    100.00
01:43:28          9      0.00      0.00      0.00      0.00      0.00    100.00
01:43:28         10      0.00      0.00      0.00      0.00      0.00    100.00
01:43:28         11      0.00      0.00      0.00      0.00      0.00    100.00
01:43:28         12      0.00      0.00      0.00      0.00      0.00    100.00
01:43:28         13      0.00      0.00      0.00      0.00      0.00    100.00
01:43:28         14      0.00      0.00      0.00      0.00      0.00    100.00
01:43:28         15      0.00      0.00      0.00      0.00      0.00    100.00
01:43:28         16      0.00      0.00      0.00      0.00      0.00    100.00
01:43:28         17      0.00      0.00      0.00      0.00      0.00    100.00
01:43:28         18      0.00      0.00      0.00      0.00      0.00    100.00
01:43:28         19      0.00      0.00      0.00      0.00      0.00    100.00
01:43:28         20      0.00      0.00      0.00      0.00      0.00    100.00
01:43:28         21      0.00      0.00      0.00      0.00      0.00    100.00
01:43:28         22      0.00      0.00      0.00      0.00      0.00    100.00
01:43:28         23      0.00      0.00      0.00      0.00      0.00    100.00
01:43:28         24      0.00      0.00      0.00      0.00      0.00    100.00
01:43:28         25      0.00      0.00      0.00      0.00      0.00    100.00
01:43:28         26      0.00      0.00      0.00      0.00      0.00    100.00
01:43:28         27      0.00      0.00      0.00      0.00      0.00    100.00
01:43:28         28      0.00      0.00      0.00      0.00      0.00    100.00
01:43:28         29      0.00      0.00      0.00      0.00      0.00    100.00
01:43:28         30      0.00      0.00      0.00      0.00      0.00    100.00
01:43:28         31      0.00      0.00      0.00      0.00      0.00    100.00
01:43:28         32      0.00      0.00      0.00      0.00      0.00    100.00
01:43:28         33      0.00      0.00      0.00      0.00      0.00    100.00
01:43:28         34      0.00      0.00      0.00      0.00      0.00    100.00
01:43:28         35      0.00      0.00      0.00      0.00      0.00    100.00
01:43:28         36      0.00      0.00      0.00      0.00      0.00    100.00
01:43:28         37      0.00      0.00      0.00      0.00      0.00    100.00
01:43:28         38      0.00      0.00      0.00      0.00      0.00    100.00
01:43:28         39      0.00      0.00      0.00      0.00      0.00    100.00

01:43:28        CPU     %user     %nice   %system   %iowait    %steal     %idle
01:43:29        all      0.00      0.00      0.03      0.00      0.00     99.98
01:43:29          0      0.00      0.00      0.00      0.00      0.00    100.00
01:43:29          1      0.00      0.00      0.00      0.00      0.00    100.00
01:43:29          2      0.00      0.00      0.00      0.00      0.00    100.00
01:43:29          3      0.00      0.00      0.00      0.00      0.00    100.00
01:43:29          4      0.00      0.00      0.99      0.00      0.00     99.01
01:43:29          5      0.00      0.00      0.00      0.00      0.00    100.00
01:43:29          6      0.00      0.00      0.00      0.00      0.00    100.00
01:43:29          7      0.00      0.00      0.00      0.00      0.00    100.00
01:43:29          8      0.00      0.00      0.00      0.00      0.00    100.00
01:43:29          9      0.00      0.00      0.00      0.00      0.00    100.00
01:43:29         10      0.00      0.00      0.00      0.00      0.00    100.00
01:43:29         11      0.00      0.00      0.00      0.00      0.00    100.00
01:43:29         12      0.00      0.00      0.00      0.00      0.00    100.00
01:43:29         13      0.00      0.00      0.00      0.00      0.00    100.00
01:43:29         14      0.00      0.00      0.00      0.00      0.00    100.00
01:43:29         15      0.00      0.00      0.00      0.00      0.00    100.00
01:43:29         16      0.00      0.00      0.00      0.00      0.00    100.00
01:43:29         17      0.00      0.00      0.00      0.00      0.00    100.00
01:43:29         18      0.00      0.00      0.00      0.00      0.00    100.00
01:43:29         19      0.00      0.00      0.00      0.00      0.00    100.00
01:43:29         20      0.00      0.00      0.00      0.00      0.00    100.00
01:43:29         21      0.00      0.00      0.00      0.00      0.00    100.00
01:43:29         22      0.00      0.00      0.00      0.00      0.00    100.00
01:43:29         23      0.00      0.00      0.00      0.00      0.00    100.00
01:43:29         24      0.00      0.00      0.00      0.00      0.00    100.00
01:43:29         25      0.00      0.00      0.00      0.00      0.00    100.00
01:43:29         26      0.00      0.00      0.00      0.00      0.00    100.00
01:43:29         27      0.00      0.00      0.00      0.00      0.00    100.00
01:43:29         28      0.00      0.00      0.00      0.00      0.00    100.00
01:43:29         29      0.00      0.00      0.00      0.00      0.00    100.00
01:43:29         30      0.00      0.00      0.00      0.00      0.00    100.00
01:43:29         31      0.00      0.00      0.00      0.00      0.00    100.00
01:43:29         32      0.00      0.00      0.00      0.00      0.00    100.00
01:43:29         33      0.00      0.00      0.00      0.00      0.00    100.00
01:43:29         34      0.00      0.00      0.00      0.00      0.00    100.00
01:43:29         35      0.00      0.00      0.00      0.00      0.00    100.00
01:43:29         36      0.00      0.00      0.00      0.00      0.00    100.00
01:43:29         37      0.00      0.00      0.00      0.00      0.00    100.00
01:43:29         38      0.00      0.00      0.00      0.00      0.00    100.00
01:43:29         39      0.00      0.00      0.00      0.00      0.00    100.00

01:43:29        CPU     %user     %nice   %system   %iowait    %steal     %idle
01:43:30        all      0.22      0.00      0.02      0.02      0.00     99.73
01:43:30          0      0.00      0.00      0.00      0.00      0.00    100.00
01:43:30          1      0.00      0.00      0.00      0.00      0.00    100.00
01:43:30          2      0.00      0.00      0.00      0.00      0.00    100.00
01:43:30          3      0.99      0.00      0.00      0.99      0.00     98.02
01:43:30          4      0.00      0.00      0.00      0.00      0.00    100.00
01:43:30          5      0.00      0.00      0.00      0.00      0.00    100.00
01:43:30          6      1.00      0.00      0.00      0.00      0.00     99.00
01:43:30          7      0.99      0.00      0.99      0.00      0.00     98.02
01:43:30          8      0.99      0.00      0.00      0.00      0.00     99.01
01:43:30          9      0.00      0.00      0.00      0.00      0.00    100.00
01:43:30         10      1.00      0.00      0.00      0.00      0.00     99.00
01:43:30         11      0.00      0.00      0.00      0.00      0.00    100.00
01:43:30         12      0.99      0.00      0.00      0.00      0.00     99.01
01:43:30         13      0.00      0.00      0.00      0.00      0.00    100.00
01:43:30         14      0.00      0.00      0.00      0.00      0.00    100.00
01:43:30         15      0.00      0.00      0.00      0.00      0.00    100.00
01:43:30         16      0.00      0.00      0.00      0.00      0.00    100.00
01:43:30         17      0.00      0.00      0.00      0.00      0.00    100.00
01:43:30         18      0.00      0.00      0.00      0.00      0.00    100.00
01:43:30         19      0.00      0.00      0.00      0.00      0.00    100.00
01:43:30         20      0.00      0.00      0.00      0.00      0.00    100.00
01:43:30         21      0.00      0.00      0.00      0.00      0.00    100.00
01:43:30         22      0.00      0.00      0.00      0.00      0.00    100.00
01:43:30         23      0.99      0.00      0.00      0.00      0.00     99.01
01:43:30         24      0.00      0.00      0.00      0.00      0.00    100.00
01:43:30         25      0.00      0.00      0.00      0.00      0.00    100.00
01:43:30         26      0.00      0.00      0.00      0.00      0.00    100.00
01:43:30         27      0.00      0.00      0.00      0.00      0.00    100.00
01:43:30         28      0.00      0.00      0.00      0.00      0.00    100.00
01:43:30         29      0.99      0.00      0.00      0.00      0.00     99.01
01:43:30         30      0.00      0.00      0.00      0.00      0.00    100.00
01:43:30         31      0.00      0.00      0.00      0.00      0.00    100.00
01:43:30         32      0.00      0.00      0.00      0.00      0.00    100.00
01:43:30         33      0.00      0.00      0.00      0.00      0.00    100.00
01:43:30         34      1.00      0.00      0.00      0.00      0.00     99.00
01:43:30         35      0.99      0.00      0.00      0.00      0.00     99.01
01:43:30         36      0.00      0.00      0.00      0.00      0.00    100.00
01:43:30         37      0.00      0.00      0.00      0.00      0.00    100.00
01:43:30         38      0.00      0.00      0.00      0.00      0.00    100.00
01:43:30         39      0.00      0.00      0.00      0.00      0.00    100.00

01:43:30        CPU     %user     %nice   %system   %iowait    %steal     %idle
01:43:31        all      2.58      0.00      0.55      0.00      0.00     96.87
01:43:31          0      0.00      0.00      1.00      0.00      0.00     99.00
01:43:31          1     17.17      0.00      2.02      0.00      0.00     80.81
01:43:31          2     15.00      0.00      3.00      0.00      0.00     82.00
01:43:31          3      2.00      0.00      0.00      0.00      0.00     98.00
01:43:31          4      0.00      0.00      0.00      0.00      0.00    100.00
01:43:31          5      0.00      0.00      0.00      0.00      0.00    100.00
01:43:31          6      0.99      0.00      0.99      0.00      0.00     98.02
01:43:31          7      3.00      0.00      0.00      0.00      0.00     97.00
01:43:31          8      0.00      0.00      0.00      0.00      0.00    100.00
01:43:31          9      1.00      0.00      0.00      0.00      0.00     99.00
01:43:31         10      0.00      0.00      0.99      0.00      0.00     99.01
01:43:31         11      0.00      0.00      0.00      0.00      0.00    100.00
01:43:31         12      0.00      0.00      1.00      0.00      0.00     99.00
01:43:31         13      0.00      0.00      0.00      0.00      0.00    100.00
01:43:31         14      1.98      0.00      0.00      0.00      0.00     98.02
01:43:31         15      3.96      0.00      0.00      0.00      0.00     96.04
01:43:31         16     11.00      0.00      2.00      0.00      0.00     87.00
01:43:31         17     13.00      0.00      2.00      0.00      0.00     85.00
01:43:31         18      2.00      0.00      0.00      0.00      0.00     98.00
01:43:31         19      3.96      0.00      0.99      0.00      0.00     95.05
01:43:31         20      0.00      0.00      0.00      0.00      0.00    100.00
01:43:31         21      0.00      0.00      0.00      0.00      0.00    100.00
01:43:31         22      2.97      0.00      0.99      0.00      0.00     96.04
01:43:31         23      0.00      0.00      0.00      0.00      0.00    100.00
01:43:31         24      0.00      0.00      1.00      0.00      0.00     99.00
01:43:31         25      0.00      0.00      0.00      0.00      0.00    100.00
01:43:31         26      0.00      0.00      0.00      0.00      0.00    100.00
01:43:31         27     14.85      0.00      3.96      0.00      0.00     81.19
01:43:31         28      0.00      0.00      0.99      0.00      0.00     99.01
01:43:31         29      0.00      0.00      0.00      0.00      0.00    100.00
01:43:31         30      2.00      0.00      0.00      0.00      0.00     98.00
01:43:31         31      0.00      0.00      0.00      0.00      0.00    100.00
01:43:31         32      0.00      0.00      0.00      0.00      0.00    100.00
01:43:31         33      0.00      0.00      0.99      0.00      0.00     99.01
01:43:31         34      1.00      0.00      0.00      0.00      0.00     99.00
01:43:31         35      2.00      0.00      0.00      0.00      0.00     98.00
01:43:31         36      4.00      0.00      0.00      0.00      0.00     96.00
01:43:31         37      1.98      0.00      0.99      0.00      0.00     97.03
01:43:31         38      0.00      0.00      1.00      0.00      0.00     99.00
01:43:31         39      0.00      0.00      0.00      0.00      0.00    100.00

01:43:31        CPU     %user     %nice   %system   %iowait    %steal     %idle
01:43:32        all      5.96      0.00      1.60      0.25      0.00     92.19
01:43:32          0      9.00      0.00      1.00      0.00      0.00     90.00
01:43:32          1     28.28      0.00      5.05      0.00      0.00     66.67
01:43:32          2     13.13      0.00      3.03      0.00      0.00     83.84
01:43:32          3     26.73      0.00      4.95      1.98      0.00     66.34
01:43:32          4      1.00      0.00      1.00      0.00      0.00     98.00
01:43:32          5      1.98      0.00      0.99      1.98      0.00     95.05
01:43:32          6      0.00      0.00      1.01      0.00      0.00     98.99
01:43:32          7      8.16      0.00      1.02      0.00      0.00     90.82
01:43:32          8      5.00      0.00      2.00      0.00      0.00     93.00
01:43:32          9      0.00      0.00      1.98      0.00      0.00     98.02
01:43:32         10      0.00      0.00      1.01      0.00      0.00     98.99
01:43:32         11     12.00      0.00      3.00      0.00      0.00     85.00
01:43:32         12      7.07      0.00      2.02      0.00      0.00     90.91
01:43:32         13      1.00      0.00      1.00      0.00      0.00     98.00
01:43:32         14      1.01      0.00      3.03      0.00      0.00     95.96
01:43:32         15      0.99      0.00      1.98      0.00      0.00     97.03
01:43:32         16      8.08      0.00      1.01      2.02      0.00     88.89
01:43:32         17     21.21      0.00      5.05      0.00      0.00     73.74
01:43:32         18      4.00      0.00      1.00      0.00      0.00     95.00
01:43:32         19      0.00      0.00      2.04      0.00      0.00     97.96
01:43:32         20      0.00      0.00      0.99      2.97      0.00     96.04
01:43:32         21      1.01      0.00      0.00      0.00      0.00     98.99
01:43:32         22      0.00      0.00      0.00      0.00      0.00    100.00
01:43:32         23     11.00      0.00      4.00      0.00      0.00     85.00
01:43:32         24      0.00      0.00      0.00      0.00      0.00    100.00
01:43:32         25      0.00      0.00      0.00      0.00      0.00    100.00
01:43:32         26      2.00      0.00      0.00      0.00      0.00     98.00
01:43:32         27     32.00      0.00      2.00      0.00      0.00     66.00
01:43:32         28      0.00      0.00      1.01      0.00      0.00     98.99
01:43:32         29      0.00      0.00      1.00      0.00      0.00     99.00
01:43:32         30      3.00      0.00      1.00      0.00      0.00     96.00
01:43:32         31     24.75      0.00      1.98      0.00      0.00     73.27
01:43:32         32      0.00      0.00      0.00      2.00      0.00     98.00
01:43:32         33      0.00      0.00      0.00      0.00      0.00    100.00
01:43:32         34      0.99      0.00      0.00      0.00      0.00     99.01
01:43:32         35      0.00      0.00      1.00      0.00      0.00     99.00
01:43:32         36      2.00      0.00      1.00      0.00      0.00     97.00
01:43:32         37     11.00      0.00      5.00      0.00      0.00     84.00
01:43:32         38      0.00      0.00      1.00      0.00      0.00     99.00
01:43:32         39      0.00      0.00      0.00      0.00      0.00    100.00

01:43:32        CPU     %user     %nice   %system   %iowait    %steal     %idle
01:43:33        all      0.05      0.00      0.05      0.00      0.00     99.90
01:43:33          0      0.00      0.00      0.00      0.00      0.00    100.00
01:43:33          1      1.00      0.00      0.00      0.00      0.00     99.00
01:43:33          2      0.00      0.00      0.00      0.00      0.00    100.00
01:43:33          3      0.00      0.00      0.00      0.00      0.00    100.00
01:43:33          4      0.00      0.00      0.00      0.00      0.00    100.00
01:43:33          5      0.00      0.00      0.00      0.00      0.00    100.00
01:43:33          6      0.00      0.00      0.00      0.00      0.00    100.00
01:43:33          7      0.00      0.00      0.00      0.00      0.00    100.00
01:43:33          8      0.00      0.00      0.99      0.00      0.00     99.01
01:43:33          9      0.00      0.00      0.00      0.00      0.00    100.00
01:43:33         10      0.00      0.00      0.00      0.00      0.00    100.00
01:43:33         11      0.00      0.00      0.00      0.00      0.00    100.00
01:43:33         12      0.99      0.00      0.00      0.00      0.00     99.01
01:43:33         13      0.99      0.00      0.00      0.00      0.00     99.01
01:43:33         14      0.00      0.00      0.00      0.00      0.00    100.00
01:43:33         15      0.00      0.00      0.00      0.00      0.00    100.00
01:43:33         16      0.00      0.00      0.00      0.00      0.00    100.00
01:43:33         17      0.00      0.00      0.00      0.00      0.00    100.00
01:43:33         18      0.00      0.00      0.00      0.00      0.00    100.00
01:43:33         19      0.00      0.00      0.00      0.00      0.00    100.00
01:43:33         20      0.00      0.00      0.00      0.00      0.00    100.00
01:43:33         21      0.00      0.00      0.00      0.00      0.00    100.00
01:43:33         22      0.00      0.00      0.00      0.00      0.00    100.00
01:43:33         23      0.00      0.00      0.00      0.00      0.00    100.00
01:43:33         24      0.00      0.00      0.00      0.00      0.00    100.00
01:43:33         25      0.00      0.00      0.00      0.00      0.00    100.00
01:43:33         26      0.00      0.00      0.00      0.00      0.00    100.00
01:43:33         27      0.00      0.00      0.00      0.00      0.00    100.00
01:43:33         28      0.00      0.00      0.00      0.00      0.00    100.00
01:43:33         29      0.00      0.00      0.00      0.00      0.00    100.00
01:43:33         30      0.00      0.00      0.00      0.00      0.00    100.00
01:43:33         31      0.00      0.00      0.00      0.00      0.00    100.00
01:43:33         32      0.00      0.00      0.00      0.00      0.00    100.00
01:43:33         33      0.00      0.00      0.00      0.00      0.00    100.00
01:43:33         34      0.00      0.00      0.00      0.00      0.00    100.00
01:43:33         35      0.00      0.00      0.00      0.00      0.00    100.00
01:43:33         36      0.00      0.00      0.00      0.00      0.00    100.00
01:43:33         37      0.00      0.00      0.00      0.00      0.00    100.00
01:43:33         38      0.00      0.00      0.00      0.00      0.00    100.00
01:43:33         39      0.00      0.00      0.00      0.00      0.00    100.00

01:43:33        CPU     %user     %nice   %system   %iowait    %steal     %idle
01:43:34        all      0.00      0.00      0.00      0.00      0.00    100.00
01:43:34          0      0.00      0.00      0.00      0.00      0.00    100.00
01:43:34          1      0.00      0.00      0.00      0.00      0.00    100.00
01:43:34          2      0.00      0.00      0.00      0.00      0.00    100.00
01:43:34          3      0.00      0.00      0.00      0.00      0.00    100.00
01:43:34          4      0.00      0.00      0.00      0.00      0.00    100.00
01:43:34          5      0.00      0.00      0.00      0.00      0.00    100.00
01:43:34          6      0.00      0.00      0.00      0.00      0.00    100.00
01:43:34          7      0.00      0.00      0.99      0.00      0.00     99.01
01:43:34          8      0.00      0.00      0.00      0.00      0.00    100.00
01:43:34          9      0.00      0.00      0.00      0.00      0.00    100.00
01:43:34         10      0.00      0.00      0.00      0.00      0.00    100.00
01:43:34         11      0.00      0.00      0.00      0.00      0.00    100.00
01:43:34         12      0.00      0.00      0.00      0.00      0.00    100.00
01:43:34         13      0.00      0.00      0.00      0.00      0.00    100.00
01:43:34         14      0.00      0.00      0.00      0.00      0.00    100.00
01:43:34         15      0.00      0.00      0.00      0.00      0.00    100.00
01:43:34         16      0.00      0.00      0.00      0.00      0.00    100.00
01:43:34         17      0.00      0.00      0.00      0.00      0.00    100.00
01:43:34         18      0.00      0.00      0.00      0.00      0.00    100.00
01:43:34         19      0.00      0.00      0.00      0.00      0.00    100.00
01:43:34         20      0.00      0.00      0.00      0.00      0.00    100.00
01:43:34         21      0.00      0.00      0.00      0.00      0.00    100.00
01:43:34         22      0.00      0.00      0.00      0.00      0.00    100.00
01:43:34         23      0.00      0.00      0.00      0.00      0.00    100.00
01:43:34         24      0.00      0.00      0.00      0.00      0.00    100.00
01:43:34         25      0.00      0.00      0.00      0.00      0.00    100.00
01:43:34         26      0.00      0.00      0.00      0.00      0.00    100.00
01:43:34         27      0.00      0.00      0.00      0.00      0.00    100.00
01:43:34         28      0.00      0.00      0.00      0.00      0.00    100.00
01:43:34         29      0.00      0.00      0.00      0.00      0.00    100.00
01:43:34         30      0.00      0.00      0.00      0.00      0.00    100.00
01:43:34         31      0.00      0.00      0.00      0.00      0.00    100.00
01:43:34         32      0.00      0.00      0.00      0.00      0.00    100.00
01:43:34         33      0.00      0.00      0.00      0.00      0.00    100.00
01:43:34         34      0.00      0.00      0.00      0.00      0.00    100.00
01:43:34         35      0.00      0.00      0.00      0.00      0.00    100.00
01:43:34         36      0.00      0.00      0.00      0.00      0.00    100.00
01:43:34         37      0.00      0.00      0.00      0.00      0.00    100.00
01:43:34         38      0.00      0.00      0.00      0.00      0.00    100.00
01:43:34         39      0.00      0.00      0.00      0.00      0.00    100.00

01:43:34        CPU     %user     %nice   %system   %iowait    %steal     %idle
01:43:35        all      0.00      0.00      0.03      0.08      0.00     99.90
01:43:35          0      0.00      0.00      0.00      0.00      0.00    100.00
01:43:35          1      0.00      0.00      0.00      0.00      0.00    100.00
01:43:35          2      0.00      0.00      0.00      0.00      0.00    100.00
01:43:35          3      0.00      0.00      0.00      0.00      0.00    100.00
01:43:35          4      0.00      0.00      0.00      0.00      0.00    100.00
01:43:35          5      0.00      0.00      0.00      0.00      0.00    100.00
01:43:35          6      0.00      0.00      0.00      0.00      0.00    100.00
01:43:35          7      0.00      0.00      0.00      0.00      0.00    100.00
01:43:35          8      0.00      0.00      0.00      0.00      0.00    100.00
01:43:35          9      0.00      0.00      0.00      0.00      0.00    100.00
01:43:35         10      0.00      0.00      0.00      0.00      0.00    100.00
01:43:35         11      0.00      0.00      0.00      0.00      0.00    100.00
01:43:35         12      0.00      0.00      0.99      0.00      0.00     99.01
01:43:35         13      0.00      0.00      0.00      0.00      0.00    100.00
01:43:35         14      0.00      0.00      0.00      0.00      0.00    100.00
01:43:35         15      0.00      0.00      0.00      0.00      0.00    100.00
01:43:35         16      0.00      0.00      0.00      0.00      0.00    100.00
01:43:35         17      0.00      0.00      0.00      0.00      0.00    100.00
01:43:35         18      0.00      0.00      0.00      0.00      0.00    100.00
01:43:35         19      0.00      0.00      0.00      1.00      0.00     99.00
01:43:35         20      0.00      0.00      0.00      0.00      0.00    100.00
01:43:35         21      0.00      0.00      0.00      0.00      0.00    100.00
01:43:35         22      0.00      0.00      0.00      0.00      0.00    100.00
01:43:35         23      0.00      0.00      0.00      0.00      0.00    100.00
01:43:35         24      0.00      0.00      0.00      0.00      0.00    100.00
01:43:35         25      0.00      0.00      0.00      0.00      0.00    100.00
01:43:35         26      0.00      0.00      0.00      0.00      0.00    100.00
01:43:35         27      0.00      0.00      0.00      0.00      0.00    100.00
01:43:35         28      0.00      0.00      0.00      0.00      0.00    100.00
01:43:35         29      0.00      0.00      0.00      0.00      0.00    100.00
01:43:35         30      0.00      0.00      0.00      0.00      0.00    100.00
01:43:35         31      0.00      0.00      0.00      0.00      0.00    100.00
01:43:35         32      0.00      0.00      0.00      0.00      0.00    100.00
01:43:35         33      0.00      0.00      0.00      2.00      0.00     98.00
01:43:35         34      0.00      0.00      0.00      0.00      0.00    100.00
01:43:35         35      0.00      0.00      0.00      0.00      0.00    100.00
01:43:35         36      0.00      0.00      0.00      0.00      0.00    100.00
01:43:35         37      0.00      0.00      0.00      0.00      0.00    100.00
01:43:35         38      0.00      0.00      0.00      0.00      0.00    100.00
01:43:35         39      0.00      0.00      0.00      0.00      0.00    100.00

01:43:35        CPU     %user     %nice   %system   %iowait    %steal     %idle
01:43:36        all      0.03      0.00      0.00      0.00      0.00     99.98
01:43:36          0      0.00      0.00      0.00      0.00      0.00    100.00
01:43:36          1      0.00      0.00      0.00      0.00      0.00    100.00
01:43:36          2      0.00      0.00      0.00      0.00      0.00    100.00
01:43:36          3      0.00      0.00      0.00      0.00      0.00    100.00
01:43:36          4      0.00      0.00      0.00      0.00      0.00    100.00
01:43:36          5      0.00      0.00      0.00      0.00      0.00    100.00
01:43:36          6      0.00      0.00      0.00      0.00      0.00    100.00
01:43:36          7      0.00      0.00      0.00      0.00      0.00    100.00
01:43:36          8      0.00      0.00      0.00      0.00      0.00    100.00
01:43:36          9      0.00      0.00      0.00      0.00      0.00    100.00
01:43:36         10      0.00      0.00      0.00      0.00      0.00    100.00
01:43:36         11      0.00      0.00      0.00      0.00      0.00    100.00
01:43:36         12      0.00      0.00      0.00      0.00      0.00    100.00
01:43:36         13      0.00      0.00      0.00      0.00      0.00    100.00
01:43:36         14      0.00      0.00      0.00      0.00      0.00    100.00
01:43:36         15      0.00      0.00      0.00      0.00      0.00    100.00
01:43:36         16      0.00      0.00      0.00      0.00      0.00    100.00
01:43:36         17      0.00      0.00      0.00      0.00      0.00    100.00
01:43:36         18      0.00      0.00      0.00      0.00      0.00    100.00
01:43:36         19      0.00      0.00      0.00      0.00      0.00    100.00
01:43:36         20      0.00      0.00      0.00      0.00      0.00    100.00
01:43:36         21      0.00      0.00      0.00      0.00      0.00    100.00
01:43:36         22      0.00      0.00      0.00      0.00      0.00    100.00
01:43:36         23      0.00      0.00      0.00      0.00      0.00    100.00
01:43:36         24      0.00      0.00      0.00      0.00      0.00    100.00
01:43:36         25      0.00      0.00      0.00      0.00      0.00    100.00
01:43:36         26      0.00      0.00      0.00      0.00      0.00    100.00
01:43:36         27      0.00      0.00      0.00      0.00      0.00    100.00
01:43:36         28      0.00      0.00      0.00      0.00      0.00    100.00
01:43:36         29      0.00      0.00      0.00      0.00      0.00    100.00
01:43:36         30      0.00      0.00      0.00      0.00      0.00    100.00
01:43:36         31      0.00      0.00      0.00      0.00      0.00    100.00
01:43:36         32      0.00      0.00      0.00      0.00      0.00    100.00
01:43:36         33      0.00      0.00      0.00      0.00      0.00    100.00
01:43:36         34      0.00      0.00      0.00      0.00      0.00    100.00
01:43:36         35      0.00      0.00      0.00      0.00      0.00    100.00
01:43:36         36      0.00      0.00      0.00      0.00      0.00    100.00
01:43:36         37      0.00      0.00      0.00      0.00      0.00    100.00
01:43:36         38      0.00      0.00      0.00      0.00      0.00    100.00
01:43:36         39      0.00      0.00      0.00      0.00      0.00    100.00

01:43:36        CPU     %user     %nice   %system   %iowait    %steal     %idle
01:43:37        all      0.03      0.00      0.03      0.00      0.00     99.95
01:43:37          0      0.00      0.00      0.00      0.00      0.00    100.00
01:43:37          1      0.00      0.00      0.00      0.00      0.00    100.00
01:43:37          2      0.00      0.00      0.00      0.00      0.00    100.00
01:43:37          3      0.00      0.00      0.00      0.00      0.00    100.00
01:43:37          4      0.00      0.00      0.00      0.00      0.00    100.00
01:43:37          5      0.00      0.00      0.00      0.00      0.00    100.00
01:43:37          6      0.00      0.00      0.00      0.00      0.00    100.00
01:43:37          7      0.00      0.00      0.00      0.00      0.00    100.00
01:43:37          8      0.00      0.00      0.00      0.00      0.00    100.00
01:43:37          9      0.00      0.00      0.00      0.00      0.00    100.00
01:43:37         10      0.00      0.00      0.00      0.00      0.00    100.00
01:43:37         11      0.00      0.00      0.00      0.00      0.00    100.00
01:43:37         12      0.00      0.00      0.00      0.00      0.00    100.00
01:43:37         13      0.00      0.00      0.00      0.00      0.00    100.00
01:43:37         14      0.00      0.00      0.00      0.00      0.00    100.00
01:43:37         15      0.00      0.00      0.00      0.00      0.00    100.00
01:43:37         16      0.00      0.00      0.00      0.00      0.00    100.00
01:43:37         17      0.00      0.00      0.00      0.00      0.00    100.00
01:43:37         18      0.00      0.00      0.00      0.00      0.00    100.00
01:43:37         19      0.00      0.00      0.00      0.00      0.00    100.00
01:43:37         20      0.00      0.00      0.00      0.00      0.00    100.00
01:43:37         21      0.00      0.00      0.00      0.00      0.00    100.00
01:43:37         22      0.00      0.00      0.00      0.00      0.00    100.00
01:43:37         23      0.00      0.00      0.00      0.00      0.00    100.00
01:43:37         24      0.00      0.00      0.00      0.00      0.00    100.00
01:43:37         25      0.00      0.00      0.00      0.00      0.00    100.00
01:43:37         26      0.00      0.00      0.00      0.00      0.00    100.00
01:43:37         27      0.00      0.00      0.00      0.00      0.00    100.00
01:43:37         28      0.00      0.00      0.00      0.00      0.00    100.00
01:43:37         29      0.00      0.00      0.00      0.00      0.00    100.00
01:43:37         30      0.00      0.00      0.00      0.00      0.00    100.00
01:43:37         31      0.00      0.00      0.00      0.00      0.00    100.00
01:43:37         32      0.00      0.00      0.00      0.00      0.00    100.00
01:43:37         33      0.00      0.00      0.00      0.00      0.00    100.00
01:43:37         34      0.00      0.00      0.00      0.00      0.00    100.00
01:43:37         35      0.00      0.00      0.00      0.00      0.00    100.00
01:43:37         36      0.00      0.00      0.00      0.00      0.00    100.00
01:43:37         37      0.00      0.00      0.00      0.00      0.00    100.00
01:43:37         38      0.00      0.00      0.00      0.00      0.00    100.00
01:43:37         39      0.00      0.00      0.00      0.00      0.00    100.00

01:43:37        CPU     %user     %nice   %system   %iowait    %steal     %idle
01:43:38        all      0.00      0.00      0.00      0.00      0.00    100.00
01:43:38          0      0.00      0.00      0.00      0.00      0.00    100.00
01:43:38          1      0.00      0.00      0.00      0.00      0.00    100.00
01:43:38          2      0.00      0.00      0.00      0.00      0.00    100.00
01:43:38          3      0.00      0.00      0.00      0.00      0.00    100.00
01:43:38          4      0.00      0.00      0.00      0.00      0.00    100.00
01:43:38          5      0.00      0.00      0.00      0.00      0.00    100.00
01:43:38          6      0.00      0.00      0.00      0.00      0.00    100.00
01:43:38          7      0.00      0.00      0.00      0.00      0.00    100.00
01:43:38          8      0.00      0.00      0.00      0.00      0.00    100.00
01:43:38          9      0.00      0.00      0.00      0.00      0.00    100.00
01:43:38         10      0.00      0.00      0.99      0.00      0.00     99.01
01:43:38         11      0.00      0.00      0.00      0.00      0.00    100.00
01:43:38         12      0.99      0.00      0.00      0.00      0.00     99.01
01:43:38         13      0.00      0.00      0.00      0.00      0.00    100.00
01:43:38         14      0.00      0.00      0.00      0.00      0.00    100.00
01:43:38         15      0.00      0.00      0.00      0.00      0.00    100.00
01:43:38         16      0.00      0.00      0.00      0.00      0.00    100.00
01:43:38         17      0.00      0.00      0.00      0.00      0.00    100.00
01:43:38         18      0.00      0.00      0.00      0.00      0.00    100.00
01:43:38         19      0.00      0.00      0.00      0.00      0.00    100.00
01:43:38         20      0.00      0.00      0.00      0.00      0.00    100.00
01:43:38         21      0.00      0.00      0.00      0.00      0.00    100.00
01:43:38         22      0.00      0.00      0.00      0.00      0.00    100.00
01:43:38         23      0.00      0.00      0.00      0.00      0.00    100.00
01:43:38         24      0.00      0.00      0.00      0.00      0.00    100.00
01:43:38         25      0.00      0.00      0.00      0.00      0.00    100.00
01:43:38         26      0.00      0.00      0.00      0.00      0.00    100.00
01:43:38         27      0.00      0.00      0.00      0.00      0.00    100.00
01:43:38         28      0.00      0.00      0.00      0.00      0.00    100.00
01:43:38         29      0.00      0.00      0.00      0.00      0.00    100.00
01:43:38         30      0.00      0.00      0.00      0.00      0.00    100.00
01:43:38         31      0.00      0.00      0.00      0.00      0.00    100.00
01:43:38         32      0.00      0.00      0.00      0.00      0.00    100.00
01:43:38         33      0.00      0.00      0.00      0.00      0.00    100.00
01:43:38         34      0.00      0.00      0.00      0.00      0.00    100.00
01:43:38         35      0.00      0.00      0.00      0.00      0.00    100.00
01:43:38         36      0.00      0.00      0.00      0.00      0.00    100.00
01:43:38         37      0.00      0.00      0.00      0.00      0.00    100.00
01:43:38         38      0.00      0.00      0.00      0.00      0.00    100.00
01:43:38         39      0.00      0.00      0.00      0.00      0.00    100.00

01:43:38        CPU     %user     %nice   %system   %iowait    %steal     %idle
01:43:39        all      0.03      0.00      0.03      0.00      0.00     99.95
01:43:39          0      0.00      0.00      0.00      0.00      0.00    100.00
01:43:39          1      0.00      0.00      0.00      0.00      0.00    100.00
01:43:39          2      0.00      0.00      0.00      0.00      0.00    100.00
01:43:39          3      0.00      0.00      0.00      0.00      0.00    100.00
01:43:39          4      0.00      0.00      0.00      0.00      0.00    100.00
01:43:39          5      0.00      0.00      0.00      0.00      0.00    100.00
01:43:39          6      0.00      0.00      0.00      0.00      0.00    100.00
01:43:39          7      0.00      0.00      0.00      0.00      0.00    100.00
01:43:39          8      0.99      0.00      0.00      0.00      0.00     99.01
01:43:39          9      0.00      0.00      0.00      0.00      0.00    100.00
01:43:39         10      0.00      0.00      0.00      0.00      0.00    100.00
01:43:39         11      0.00      0.00      0.00      0.00      0.00    100.00
01:43:39         12      0.00      0.00      0.00      0.00      0.00    100.00
01:43:39         13      0.00      0.00      0.00      0.00      0.00    100.00
01:43:39         14      0.00      0.00      0.00      0.00      0.00    100.00
01:43:39         15      0.00      0.00      0.00      0.00      0.00    100.00
01:43:39         16      0.00      0.00      0.00      0.00      0.00    100.00
01:43:39         17      0.00      0.00      0.00      0.00      0.00    100.00
01:43:39         18      0.00      0.00      0.00      0.00      0.00    100.00
01:43:39         19      0.00      0.00      0.00      0.00      0.00    100.00
01:43:39         20      0.00      0.00      0.00      0.00      0.00    100.00
01:43:39         21      0.00      0.00      0.00      0.00      0.00    100.00
01:43:39         22      0.00      0.00      0.00      0.00      0.00    100.00
01:43:39         23      0.00      0.00      0.00      0.00      0.00    100.00
01:43:39         24      0.00      0.00      0.00      0.00      0.00    100.00
01:43:39         25      0.00      0.00      0.00      0.00      0.00    100.00
01:43:39         26      0.00      0.00      0.00      0.00      0.00    100.00
01:43:39         27      0.00      0.00      0.00      0.00      0.00    100.00
01:43:39         28      0.00      0.00      0.00      0.00      0.00    100.00
01:43:39         29      0.00      0.00      0.00      0.00      0.00    100.00
01:43:39         30      0.00      0.00      0.00      0.00      0.00    100.00
01:43:39         31      0.00      0.00      0.00      0.00      0.00    100.00
01:43:39         32      0.00      0.00      0.00      0.00      0.00    100.00
01:43:39         33      0.00      0.00      0.00      0.00      0.00    100.00
01:43:39         34      0.00      0.00      0.00      0.00      0.00    100.00
01:43:39         35      0.00      0.00      0.00      0.00      0.00    100.00
01:43:39         36      0.00      0.00      0.00      0.00      0.00    100.00
01:43:39         37      0.00      0.00      0.00      0.00      0.00    100.00
01:43:39         38      0.00      0.00      0.00      0.00      0.00    100.00
01:43:39         39      0.00      0.00      0.00      0.00      0.00    100.00

01:43:39        CPU     %user     %nice   %system   %iowait    %steal     %idle
01:43:40        all      0.02      0.00      0.02      0.00      0.00     99.95
01:43:40          0      0.00      0.00      0.00      0.00      0.00    100.00
01:43:40          1      0.00      0.00      0.00      0.00      0.00    100.00
01:43:40          2      0.00      0.00      0.00      0.00      0.00    100.00
01:43:40          3      0.00      0.00      0.00      0.00      0.00    100.00
01:43:40          4      0.00      0.00      0.00      0.00      0.00    100.00
01:43:40          5      0.00      0.00      0.00      0.00      0.00    100.00
01:43:40          6      0.00      0.00      0.00      0.00      0.00    100.00
01:43:40          7      1.00      0.00      0.00      0.00      0.00     99.00
01:43:40          8      0.00      0.00      0.00      0.00      0.00    100.00
01:43:40          9      0.00      0.00      0.00      0.00      0.00    100.00
01:43:40         10      0.00      0.00      0.00      0.00      0.00    100.00
01:43:40         11      0.00      0.00      0.00      0.00      0.00    100.00
01:43:40         12      0.00      0.00      0.00      0.00      0.00    100.00
01:43:40         13      0.00      0.00      0.00      0.00      0.00    100.00
01:43:40         14      0.00      0.00      0.00      0.00      0.00    100.00
01:43:40         15      0.00      0.00      0.00      0.00      0.00    100.00
01:43:40         16      0.00      0.00      0.00      0.00      0.00    100.00
01:43:40         17      0.00      0.00      0.00      0.00      0.00    100.00
01:43:40         18      0.00      0.00      0.00      0.00      0.00    100.00
01:43:40         19      0.00      0.00      0.00      0.00      0.00    100.00
01:43:40         20      0.00      0.00      0.00      0.00      0.00    100.00
01:43:40         21      0.00      0.00      0.00      0.00      0.00    100.00
01:43:40         22      0.00      0.00      0.00      0.00      0.00    100.00
01:43:40         23      0.00      0.00      0.00      0.00      0.00    100.00
01:43:40         24      0.00      0.00      0.00      0.00      0.00    100.00
01:43:40         25      0.00      0.00      0.00      0.00      0.00    100.00
01:43:40         26      0.00      0.00      0.00      0.00      0.00    100.00
01:43:40         27      0.00      0.00      0.00      0.00      0.00    100.00
01:43:40         28      0.00      0.00      0.00      0.00      0.00    100.00
01:43:40         29      0.00      0.00      0.00      0.00      0.00    100.00
01:43:40         30      0.00      0.00      0.00      0.00      0.00    100.00
01:43:40         31      0.00      0.00      0.00      0.00      0.00    100.00
01:43:40         32      0.00      0.00      0.00      0.00      0.00    100.00
01:43:40         33      0.00      0.00      0.00      0.00      0.00    100.00
01:43:40         34      0.00      0.00      0.00      0.00      0.00    100.00
01:43:40         35      0.00      0.00      0.00      0.00      0.00    100.00
01:43:40         36      0.00      0.00      0.00      0.00      0.00    100.00
01:43:40         37      0.00      0.00      0.00      0.00      0.00    100.00
01:43:40         38      0.00      0.00      0.00      0.00      0.00    100.00
01:43:40         39      0.00      0.00      0.00      0.00      0.00    100.00

01:43:40        CPU     %user     %nice   %system   %iowait    %steal     %idle
01:43:41        all      0.53      0.00      0.20      0.00      0.00     99.28
01:43:41          0      0.00      0.00      0.00      0.00      0.00    100.00
01:43:41          1      4.00      0.00      1.00      0.00      0.00     95.00
01:43:41          2      0.00      0.00      0.00      0.00      0.00    100.00
01:43:41          3      0.00      0.00      0.00      0.00      0.00    100.00
01:43:41          4      0.00      0.00      1.00      0.00      0.00     99.00
01:43:41          5      0.00      0.00      0.00      0.00      0.00    100.00
01:43:41          6      0.00      0.00      0.99      0.00      0.00     99.01
01:43:41          7      0.00      0.00      0.00      0.00      0.00    100.00
01:43:41          8      0.00      0.00      0.00      0.00      0.00    100.00
01:43:41          9      0.00      0.00      0.00      0.00      0.00    100.00
01:43:41         10      0.00      0.00      1.00      0.00      0.00     99.00
01:43:41         11      0.00      0.00      0.00      0.00      0.00    100.00
01:43:41         12      0.00      0.00      0.00      0.00      0.00    100.00
01:43:41         13      0.00      0.00      0.00      0.00      0.00    100.00
01:43:41         14      0.00      0.00      0.00      0.00      0.00    100.00
01:43:41         15      0.00      0.00      0.00      0.00      0.00    100.00
01:43:41         16      0.00      0.00      0.00      0.00      0.00    100.00
01:43:41         17      0.00      0.00      0.00      0.00      0.00    100.00
01:43:41         18      0.00      0.00      0.00      0.00      0.00    100.00
01:43:41         19      0.00      0.00      0.00      0.00      0.00    100.00
01:43:41         20      0.00      0.00      0.00      0.00      0.00    100.00
01:43:41         21     13.73      0.00      2.94      0.00      0.00     83.33
01:43:41         22      0.00      0.00      0.00      0.00      0.00    100.00
01:43:41         23      0.00      0.00      0.99      0.00      0.00     99.01
01:43:41         24      0.00      0.00      0.00      0.00      0.00    100.00
01:43:41         25      0.00      0.00      0.00      0.00      0.00    100.00
01:43:41         26      0.00      0.00      0.00      0.00      0.00    100.00
01:43:41         27      0.00      0.00      0.00      0.00      0.00    100.00
01:43:41         28      0.00      0.00      0.00      0.00      0.00    100.00
01:43:41         29      0.00      0.00      0.00      0.00      0.00    100.00
01:43:41         30      0.00      0.00      0.00      0.00      0.00    100.00
01:43:41         31      1.00      0.00      1.00      0.00      0.00     98.00
01:43:41         32      0.00      0.00      0.00      0.00      0.00    100.00
01:43:41         33      0.00      0.00      0.00      0.00      0.00    100.00
01:43:41         34      0.00      0.00      0.00      0.00      0.00    100.00
01:43:41         35      0.00      0.00      0.00      0.00      0.00    100.00
01:43:41         36      0.00      0.00      0.00      0.00      0.00    100.00
01:43:41         37      0.00      0.00      0.00      0.00      0.00    100.00
01:43:41         38      0.00      0.00      0.00      0.00      0.00    100.00
01:43:41         39      0.00      0.00      0.00      0.00      0.00    100.00

01:43:41        CPU     %user     %nice   %system   %iowait    %steal     %idle
01:43:42        all      1.18      0.00      0.35      0.03      0.00     98.45
01:43:42          0      0.00      0.00      0.00      1.01      0.00     98.99
01:43:42          1     12.87      0.00      2.97      0.00      0.00     84.16
01:43:42          2      2.00      0.00      1.00      0.00      0.00     97.00
01:43:42          3      0.00      0.00      1.00      0.00      0.00     99.00
01:43:42          4      0.00      0.00      0.00      0.00      0.00    100.00
01:43:42          5      0.00      0.00      1.00      0.00      0.00     99.00
01:43:42          6      0.00      0.00      0.00      0.00      0.00    100.00
01:43:42          7      2.02      0.00      1.01      0.00      0.00     96.97
01:43:42          8      0.00      0.00      0.00      0.00      0.00    100.00
01:43:42          9      0.00      0.00      0.00      0.00      0.00    100.00
01:43:42         10      0.00      0.00      0.00      0.00      0.00    100.00
01:43:42         11      0.00      0.00      0.00      0.00      0.00    100.00
01:43:42         12      0.00      0.00      0.00      0.00      0.00    100.00
01:43:42         13      0.00      0.00      0.00      0.00      0.00    100.00
01:43:42         14      0.00      0.00      0.00      0.00      0.00    100.00
01:43:42         15      0.00      0.00      0.00      0.00      0.00    100.00
01:43:42         16      0.00      0.00      0.00      0.00      0.00    100.00
01:43:42         17      0.00      0.00      0.00      0.00      0.00    100.00
01:43:42         18      0.00      0.00      0.00      0.00      0.00    100.00
01:43:42         19      0.00      0.00      0.00      0.00      0.00    100.00
01:43:42         20      0.00      0.00      0.00      0.00      0.00    100.00
01:43:42         21     20.00      0.00      4.00      0.00      0.00     76.00
01:43:42         22      0.00      0.00      0.00      0.00      0.00    100.00
01:43:42         23      1.00      0.00      0.00      0.00      0.00     99.00
01:43:42         24      1.00      0.00      0.00      0.00      0.00     99.00
01:43:42         25      0.00      0.00      0.00      0.00      0.00    100.00
01:43:42         26      0.00      0.00      0.00      0.00      0.00    100.00
01:43:42         27      4.00      0.00      1.00      0.00      0.00     95.00
01:43:42         28      1.00      0.00      0.00      0.00      0.00     99.00
01:43:42         29      0.00      0.00      0.00      0.00      0.00    100.00
01:43:42         30      0.00      0.00      0.00      0.00      0.00    100.00
01:43:42         31      0.00      0.00      0.00      0.00      0.00    100.00
01:43:42         32      0.00      0.00      0.99      0.00      0.00     99.01
01:43:42         33      0.00      0.00      0.00      0.00      0.00    100.00
01:43:42         34      0.00      0.00      0.00      0.00      0.00    100.00
01:43:42         35      0.00      0.00      0.00      0.00      0.00    100.00
01:43:42         36      0.00      0.00      0.00      0.00      0.00    100.00
01:43:42         37      0.00      0.00      0.00      0.00      0.00    100.00
01:43:42         38      0.00      0.00      0.00      0.00      0.00    100.00
01:43:42         39      1.98      0.00      1.98      0.00      0.00     96.04

01:43:42        CPU     %user     %nice   %system   %iowait    %steal     %idle
01:43:43        all      0.00      0.00      0.05      0.00      0.00     99.95
01:43:43          0      0.00      0.00      0.99      0.00      0.00     99.01
01:43:43          1      0.00      0.00      0.00      0.00      0.00    100.00
01:43:43          2      0.00      0.00      0.00      0.00      0.00    100.00
01:43:43          3      0.00      0.00      0.00      0.00      0.00    100.00
01:43:43          4      0.00      0.00      0.00      0.00      0.00    100.00
01:43:43          5      0.00      0.00      0.00      0.00      0.00    100.00
01:43:43          6      0.00      0.00      0.00      0.00      0.00    100.00
01:43:43          7      0.00      0.00      0.99      0.00      0.00     99.01
01:43:43          8      0.00      0.00      0.99      0.00      0.00     99.01
01:43:43          9      0.00      0.00      0.00      0.00      0.00    100.00
01:43:43         10      0.00      0.00      0.00      0.00      0.00    100.00
01:43:43         11      0.00      0.00      0.00      0.00      0.00    100.00
01:43:43         12      0.00      0.00      0.99      0.00      0.00     99.01
01:43:43         13      0.00      0.00      0.00      0.00      0.00    100.00
01:43:43         14      0.00      0.00      0.00      0.00      0.00    100.00
01:43:43         15      0.00      0.00      0.00      0.00      0.00    100.00
01:43:43         16      0.00      0.00      0.00      0.00      0.00    100.00
01:43:43         17      0.00      0.00      0.00      0.00      0.00    100.00
01:43:43         18      0.00      0.00      0.00      0.00      0.00    100.00
01:43:43         19      0.00      0.00      0.00      0.00      0.00    100.00
01:43:43         20      0.00      0.00      0.00      0.00      0.00    100.00
01:43:43         21      0.00      0.00      0.00      0.00      0.00    100.00
01:43:43         22      0.00      0.00      0.00      0.00      0.00    100.00
01:43:43         23      0.00      0.00      0.00      0.00      0.00    100.00
01:43:43         24      0.00      0.00      0.00      0.00      0.00    100.00
01:43:43         25      0.00      0.00      0.00      0.00      0.00    100.00
01:43:43         26      0.00      0.00      0.00      0.00      0.00    100.00
01:43:43         27      0.00      0.00      0.00      0.00      0.00    100.00
01:43:43         28      0.00      0.00      0.00      0.00      0.00    100.00
01:43:43         29      0.00      0.00      0.00      0.00      0.00    100.00
01:43:43         30      0.00      0.00      0.00      0.00      0.00    100.00
01:43:43         31      0.00      0.00      0.00      0.00      0.00    100.00
01:43:43         32      0.00      0.00      0.00      0.00      0.00    100.00
01:43:43         33      0.00      0.00      0.00      0.00      0.00    100.00
01:43:43         34      0.00      0.00      0.00      0.00      0.00    100.00
01:43:43         35      0.00      0.00      0.00      0.00      0.00    100.00
01:43:43         36      0.00      0.00      0.00      0.00      0.00    100.00
01:43:43         37      0.00      0.00      0.00      0.00      0.00    100.00
01:43:43         38      0.00      0.00      0.00      0.00      0.00    100.00
01:43:43         39      0.00      0.00      0.00      0.00      0.00    100.00

01:43:43        CPU     %user     %nice   %system   %iowait    %steal     %idle
01:43:44        all      0.65      0.00      0.15      0.00      0.00     99.20
01:43:44          0     23.23      0.00      2.02      0.00      0.00     74.75
01:43:44          1      0.00      0.00      0.00      0.00      0.00    100.00
01:43:44          2      0.00      0.00      0.00      0.00      0.00    100.00
01:43:44          3      0.00      0.00      0.00      0.00      0.00    100.00
01:43:44          4      0.00      0.00      0.00      0.00      0.00    100.00
01:43:44          5      1.00      0.00      0.00      0.00      0.00     99.00
01:43:44          6      1.00      0.00      0.00      0.00      0.00     99.00
01:43:44          7      0.00      0.00      0.00      0.00      0.00    100.00
01:43:44          8      0.00      0.00      0.00      0.00      0.00    100.00
01:43:44          9      0.00      0.00      0.99      0.00      0.00     99.01
01:43:44         10      0.00      0.00      0.00      0.00      0.00    100.00
01:43:44         11      0.00      0.00      0.00      0.00      0.00    100.00
01:43:44         12      0.00      0.00      0.00      0.00      0.00    100.00
01:43:44         13      0.00      0.00      0.00      0.00      0.00    100.00
01:43:44         14      0.00      0.00      0.00      0.00      0.00    100.00
01:43:44         15      0.00      0.00      0.00      0.00      0.00    100.00
01:43:44         16      0.00      0.00      0.00      0.00      0.00    100.00
01:43:44         17      0.00      0.00      0.00      0.00      0.00    100.00
01:43:44         18      0.00      0.00      0.00      0.00      0.00    100.00
01:43:44         19      0.00      0.00      0.00      0.00      0.00    100.00
01:43:44         20      0.00      0.00      0.00      0.00      0.00    100.00
01:43:44         21      0.00      0.00      0.00      0.00      0.00    100.00
01:43:44         22      0.00      0.00      0.00      0.00      0.00    100.00
01:43:44         23      0.00      0.00      0.00      0.00      0.00    100.00
01:43:44         24      0.00      0.00      0.99      0.00      0.00     99.01
01:43:44         25      0.00      0.00      0.00      0.00      0.00    100.00
01:43:44         26      0.00      0.00      0.00      0.00      0.00    100.00
01:43:44         27      0.00      0.00      0.00      0.00      0.00    100.00
01:43:44         28      0.00      0.00      0.00      0.00      0.00    100.00
01:43:44         29      0.00      0.00      0.00      0.00      0.00    100.00
01:43:44         30      0.00      0.00      0.00      0.00      0.00    100.00
01:43:44         31      2.00      0.00      0.00      0.00      0.00     98.00
01:43:44         32      0.00      0.00      0.00      0.00      0.00    100.00
01:43:44         33      0.00      0.00      0.00      0.00      0.00    100.00
01:43:44         34      0.00      0.00      0.00      0.00      0.00    100.00
01:43:44         35      0.00      0.00      0.00      0.00      0.00    100.00
01:43:44         36      0.00      0.00      0.00      0.00      0.00    100.00
01:43:44         37      0.00      0.00      0.00      0.00      0.00    100.00
01:43:44         38      0.99      0.00      0.00      0.00      0.00     99.01
01:43:44         39      0.00      0.00      0.00      0.00      0.00    100.00
