Linux 6.6.23 (eternity2) 	05/24/25 	_x86_64_	(40 CPU)

01:43:18    kbmemfree   kbavail kbmemused  %memused kbbuffers  kbcached  kbcommit   %commit  kbactive   kbinact   kbdirty
01:43:19     64273704  64023888   1335248      2.04       244    233944   2079536      3.12     52744    277460      4176
01:43:20     64272692  64022876   1336260      2.04       244    233948   2079536      3.12     52740    276156        60
01:43:21     64273196  64023380   1335756      2.04       244    233952   2079536      3.12     52740    276156        72
01:43:22     64272984  64023168   1335968      2.04       244    233956   2079536      3.12     52740    276156        76
01:43:23     64272984  64023168   1335968      2.04       244    233960   2079536      3.12     52740    276156        80
01:43:24     64273184  64023368   1335768      2.04       244    233964   2079536      3.12     52740    276156        84
01:43:25     64273184  64023368   1335768      2.04       244    233968   2079536      3.12     52740    276156        92
01:43:26     64273228  64023412   1335724      2.04       244    233972   2079536      3.12     52740    276156        20
01:43:27     64273228  64023412   1335724      2.04       244    233980   2079536      3.12     52740    276156        28
01:43:28     64273228  64023412   1335724      2.04       244    233988   2079536      3.12     52740    276156        36
01:43:29     64273228  64023412   1335724      2.04       244    233988   2079536      3.12     52740    276156        36
01:43:30     64273228  64023412   1335724      2.04       244    233992   2079536      3.12     52740    276156        40
01:43:31     64273088  64023288   1335864      2.04       244    233996   2091256      3.14     52748    278364        20
01:43:32     64273028  64023236   1335924      2.04       244    234004   2079536      3.12     52728    284616      2260
01:43:33     64276416  64026748   1332536      2.03       244    234188   2079536      3.12     52788    276492      2632
01:43:34     64276176  64026508   1332776      2.03       244    234188   2079536      3.12     52788    276492      2632
01:43:35     64276176  64026508   1332776      2.03       244    234196   2079536      3.12     52788    276492      2640
01:43:36     64276176  64026508   1332776      2.03       244    234200   2079536      3.12     52788    276492        12
01:43:37     64276176  64026508   1332776      2.03       244    234204   2079536      3.12     52788    276492        24
01:43:38     64276252  64026584   1332700      2.03       244    234212   2079536      3.12     52788    276492        32
01:43:39     64276252  64026584   1332700      2.03       244    234216   2079536      3.12     52788    276492        36
01:43:40     64276252  64026584   1332700      2.03       244    234216   2079536      3.12     52788    276492        36
01:43:41     64275776  64026108   1333176      2.03       244    234220   2081880      3.13     52788    277008        40
01:43:42     64274980  64025392   1333972      2.03       244    234376   2079536      3.12     52792    277972      1304
01:43:43     64275476  64025888   1333476      2.03       244    234384   2079536      3.12     52852    276592      1448
01:43:44     64275676  64026088   1333276      2.03       244    234392   2082004      3.13     52852    277464      1452
