Linux 6.6.23 (eternity1) 	05/24/25 	_x86_64_	(40 CPU)

01:43:05    kbmemfree   kbavail kbmemused  %memused kbbuffers  kbcached  kbcommit   %commit  kbactive   kbinact   kbdirty
01:43:06     63820872  63651384   1787996      2.73         0    392544   2965692      4.45     60788    674412      7320
01:43:07     63822508  63653020   1786360      2.72         0    392548   2965692      4.45     60780    673444      7328
01:43:08     63822524  63653036   1786344      2.72         0    392552   2965692      4.45     60780    673444      7332
01:43:09     63822540  63653052   1786328      2.72         0    392556   2965692      4.45     60780    673444      7336
01:43:10     63822540  63653052   1786328      2.72         0    392560   2965692      4.45     60780    673444      7340
01:43:11     63822540  63653052   1786328      2.72         0    392564   2965692      4.45     60780    673444      7344
01:43:12     63822540  63653052   1786328      2.72         0    392568   2965692      4.45     60780    673444      7348
01:43:13     63822596  63653108   1786272      2.72         0    392572   2965692      4.45     60780    673444       416
01:43:14     63822968  63653480   1785900      2.72         0    392580   2965692      4.45     60780    673432       424
01:43:15     63822464  63652976   1786404      2.72         0    392588   2965692      4.45     60780    673512       432
01:43:16     63821888  63652400   1786980      2.72         0    392588   2965692      4.45     60784    673496       432
01:43:17     63821656  63652168   1787212      2.72         0    392592   2965692      4.45     60784    673472       436
01:43:18     63821952  63652468   1786916      2.72         0    392596   2965692      4.45     60784    673504       240
01:43:19     63795400  63625968   1813468      2.76         0    392612   2991308      4.49     60812    696972      2684
01:43:20     63792080  63622880   1816788      2.77         0    392792   2991640      4.49     60884    697304      3640
01:43:21     63818196  63649080   1790672      2.73         0    392860   2965144      4.45     60892    673304      3672
01:43:22     63817956  63648840   1790912      2.73         0    392864   2965144      4.45     60892    673304      3676
01:43:23     63817956  63648840   1790912      2.73         0    392868   2965144      4.45     60892    673304      3520
01:43:24     63817956  63648840   1790912      2.73         0    392872   2965144      4.45     60892    673304      3524
01:43:25     63817956  63648840   1790912      2.73         0    392880   2965144      4.45     60892    673304      3532
01:43:26     63817956  63648840   1790912      2.73         0    392884   2965144      4.45     60892    673304      3536
01:43:27     63817956  63648840   1790912      2.73         0    392888   2965144      4.45     60892    673304      3540
01:43:28     63817720  63648604   1791148      2.73         0    392892   2965144      4.45     60892    673304      3544
01:43:29     63817724  63648608   1791144      2.73         0    392896   2965144      4.45     60892    673304      3548
01:43:30     63817724  63648608   1791144      2.73         0    392904   2965144      4.45     60892    673304      3556
01:43:31     63813084  63644020   1795784      2.74         0    392956   2969544      4.46     60940    676420      3560
01:43:32     63813288  63644224   1795580      2.74         0    392956   2965144      4.45     60920    673348      3560
01:43:33     63813288  63644224   1795580      2.74         0    392960   2965144      4.45     60920    673348      3564
01:43:34     63813288  63644224   1795580      2.74         0    392968   2965144      4.45     60920    673348      3564
01:43:35     63813288  63644224   1795580      2.74         0    392976   2965144      4.45     60920    673348      3572
01:43:36     63813288  63644224   1795580      2.74         0    392980   2965144      4.45     60920    673348      3576
01:43:37     63813304  63644240   1795564      2.74         0    392984   2965144      4.45     60920    673348      3580
01:43:38     63813064  63644000   1795804      2.74         0    392984   2965144      4.45     60920    673348      3580
01:43:39     63814652  63645648   1794216      2.73         0    392992   2965144      4.45     60920    673408      3424
01:43:40     63814652  63645648   1794216      2.73         0    393004   2965144      4.45     60920    673408      3448
01:43:41     63814320  63645332   1794548      2.74         0    393008   2965692      4.45     60920    673956      3452
01:43:42     63789644  63620668   1819224      2.77         0    393028   2991308      4.49     60944    697628      3924
01:43:43     63785536  63616676   1823332      2.78         0    393136   2991308      4.49     61024    697552      4508
