Linux 6.6.23 (eternity2) 	05/24/25 	_x86_64_	(40 CPU)

01:42:17    kbmemfree   kbavail kbmemused  %memused kbbuffers  kbcached  kbcommit   %commit  kbactive   kbinact   kbdirty
01:42:18     64274072  64024028   1334880      2.03       244    233480   2079440      3.12     52760    276804       780
01:42:19     64274636  64024600   1334316      2.03       244    233488   2079440      3.12     52744    275556       800
01:42:20     64274636  64024600   1334316      2.03       244    233492   2079440      3.12     52744    275556       804
01:42:21     64274636  64024600   1334316      2.03       244    233496   2079440      3.12     52744    275556       808
01:42:22     64274656  64024620   1334296      2.03       244    233500   2079440      3.12     52744    275556       812
01:42:23     64274656  64024620   1334296      2.03       244    233500   2079440      3.12     52744    275556       372
01:42:24     64274276  64024240   1334676      2.03       244    233508   2079440      3.12     52744    275556        20
01:42:25     64274276  64024240   1334676      2.03       244    233508   2079440      3.12     52744    275556        20
01:42:26     64274276  64024240   1334676      2.03       244    233512   2079440      3.12     52744    275556        24
01:42:27     64274276  64024240   1334676      2.03       244    233528   2079440      3.12     52744    275556        40
01:42:28     64274276  64024240   1334676      2.03       244    233528   2079440      3.12     52744    275556        40
01:42:29     64274276  64024240   1334676      2.03       244    233532   2079440      3.12     52744    275556         8
01:42:30     64273900  64023864   1335052      2.03       244    233536   2091160      3.14     52744    277736        24
01:42:31     64270120  64020088   1338832      2.04       244    233540   2090200      3.14     52760    287700      1400
01:42:32     64282348  64032476   1326604      2.02       244    233820   2079440      3.12     52788    276108      2372
01:42:33     64282348  64032476   1326604      2.02       244    233820   2079440      3.12     52788    276108      2372
01:42:34     64282348  64032476   1326604      2.02       244    233824   2079440      3.12     52788    276108       164
01:42:35     64282600  64032728   1326352      2.02       244    233828   2079440      3.12     52788    276108        16
01:42:36     64282600  64032728   1326352      2.02       244    233836   2079440      3.12     52788    276108        28
01:42:37     64282840  64032968   1326112      2.02       244    233844   2079440      3.12     52788    276108        36
01:42:38     64283096  64033224   1325856      2.02       244    233848   2079440      3.12     52788    276108        40
01:42:39     64283096  64033224   1325856      2.02       244    233848   2079440      3.12     52788    276108        40
01:42:40     64283096  64033224   1325856      2.02       244    233852   2081784      3.13     52788    276544         8
01:42:41     64277708  64027856   1331244      2.03       244    233864   2079440      3.12     52804    277520      1484
01:42:42     64277464  64027680   1331488      2.03       244    233996   2079440      3.12     52852    276228      1492
01:42:43     64276860  64027076   1332092      2.03       244    234000   2082268      3.13     52852    277040      1496
