Linux 6.6.23 (eternity1) 	05/24/25 	_x86_64_	(40 CPU)

01:42:05    kbmemfree   kbavail kbmemused  %memused kbbuffers  kbcached  kbcommit   %commit  kbactive   kbinact   kbdirty
01:42:06     63822264  63652560   1786604      2.72         0    392232   2965696      4.45     60820    675064      6396
01:42:07     63822720  63653020   1786148      2.72         0    392236   2965696      4.45     60804    673284      6404
01:42:08     63822872  63653172   1785996      2.72         0    392240   2965696      4.45     60804    673284      6408
01:42:09     63822892  63653192   1785976      2.72         0    392244   2965696      4.45     60804    673284      6412
01:42:10     63822892  63653192   1785976      2.72         0    392248   2965696      4.45     60804    673284      6416
01:42:11     63822892  63653192   1785976      2.72         0    392252   2965696      4.45     60804    673284      6420
01:42:12     63822892  63653192   1785976      2.72         0    392256   2965696      4.45     60804    673284      6424
01:42:13     63822892  63653192   1785976      2.72         0    392260   2965696      4.45     60804    673284      6428
01:42:14     63823868  63654168   1785000      2.72         0    392268   2965696      4.45     60804    673272      6436
01:42:15     63824120  63654420   1784748      2.72         0    392276   2965696      4.45     60804    673304      6444
01:42:16     63827144  63657444   1781724      2.72         0    392276   2965696      4.45     60804    673304      6444
01:42:17     63826712  63657016   1782156      2.72         0    392280   2965696      4.45     60804    673284      6448
01:42:18     63826876  63657180   1781992      2.72         0    392284   2965696      4.45     60804    673252      6452
01:42:19     63822588  63652964   1786280      2.72         0    392296   2969608      4.46     60824    675940      6456
01:42:20     63815856  63646404   1793012      2.73         0    392516   2967488      4.46     60888    675640      6484
01:42:21     63821064  63651736   1787804      2.72         0    392592   2965148      4.45     60904    672992       564
01:42:22     63821132  63651804   1787736      2.72         0    392596   2965148      4.45     60904    672992       116
01:42:23     63821148  63651820   1787720      2.72         0    392600   2965148      4.45     60904    672992       120
01:42:24     63821196  63651868   1787672      2.72         0    392604   2965148      4.45     60904    672992       124
01:42:25     63821196  63651868   1787672      2.72         0    392608   2965148      4.45     60904    672992       128
01:42:26     63821196  63651868   1787672      2.72         0    392616   2965148      4.45     60904    672992       136
01:42:27     63821196  63651868   1787672      2.72         0    392616   2965148      4.45     60904    672992       136
01:42:28     63821196  63651868   1787672      2.72         0    392624   2965148      4.45     60904    672992       144
01:42:29     63821196  63651868   1787672      2.72         0    392628   2965148      4.45     60904    672992       148
01:42:30     63820956  63651628   1787912      2.73         0    392636   2965148      4.45     60904    672992       156
01:42:31     63821136  63651808   1787732      2.72         0    392640   2969548      4.46     60904    675608       160
01:42:32     63822452  63653216   1786416      2.72         0    392688   2965148      4.45     60932    673112       144
01:42:33     63822460  63653224   1786408      2.72         0    392692   2965148      4.45     60932    673112       148
01:42:34     63822208  63652972   1786660      2.72         0    392700   2965148      4.45     60932    673112       156
01:42:35     63822460  63653224   1786408      2.72         0    392708   2965148      4.45     60932    673112       164
01:42:36     63822460  63653224   1786408      2.72         0    392712   2965148      4.45     60932    673112       168
01:42:37     63822460  63653224   1786408      2.72         0    392716   2965148      4.45     60932    673112       172
01:42:38     63822468  63653232   1786400      2.72         0    392716   2965148      4.45     60932    673112        16
01:42:39     63822468  63653292   1786400      2.72         0    392724   2965148      4.45     60932    673172        24
01:42:40     63822468  63653292   1786400      2.72         0    392732   2965148      4.45     60932    673172        32
01:42:41     63822300  63653124   1786568      2.72         0    392740   2965696      4.45     60932    673676        40
01:42:42     63816468  63647308   1792400      2.73         0    392744   2967156      4.45     60944    676316      1608
01:42:43     63814432  63645440   1794436      2.74         0    392904   2968396      4.46     61020    676572      3048
