Linux 6.6.23 (eternity2) 	05/24/25 	_x86_64_	(40 CPU)

01:42:15        CPU     %user     %nice   %system   %iowait    %steal     %idle
01:42:16        all      2.00      0.00      0.75      0.70      0.00     96.55
01:42:16          0      4.04      0.00      0.00      0.00      0.00     95.96
01:42:16          1      2.94      0.00      0.00      0.98      0.00     96.08
01:42:16          2      0.00      0.00      0.00      0.00      0.00    100.00
01:42:16          3      1.00      0.00      0.00      0.00      0.00     99.00
01:42:16          4     43.88      0.00      5.10      0.00      0.00     51.02
01:42:16          5      0.00      0.00      1.01      0.00      0.00     98.99
01:42:16          6      0.00      0.00      0.00      0.00      0.00    100.00
01:42:16          7      6.06      0.00      1.01      0.00      0.00     92.93
01:42:16          8      0.00      0.00      0.00      0.00      0.00    100.00
01:42:16          9      0.00      0.00      1.98      0.00      0.00     98.02
01:42:16         10      0.00      0.00      0.00      0.00      0.00    100.00
01:42:16         11      5.05      0.00      6.06     18.18      0.00     70.71
01:42:16         12      0.00      0.00      0.00      0.00      0.00    100.00
01:42:16         13      1.00      0.00      1.00      1.00      0.00     97.00
01:42:16         14      0.00      0.00      0.00      0.00      0.00    100.00
01:42:16         15      0.00      0.00      0.00      0.00      0.00    100.00
01:42:16         16      1.98      0.00      0.00      0.00      0.00     98.02
01:42:16         17      0.00      0.00      1.00      5.00      0.00     94.00
01:42:16         18      0.00      0.00      1.01      0.00      0.00     98.99
01:42:16         19      0.00      0.00      1.98      0.00      0.00     98.02
01:42:16         20      3.00      0.00      0.00      0.00      0.00     97.00
01:42:16         21      0.00      0.00      0.00      0.00      0.00    100.00
01:42:16         22      0.00      0.00      0.00      0.00      0.00    100.00
01:42:16         23      0.00      0.00      1.00      0.00      0.00     99.00
01:42:16         24      6.93      0.00      1.98      0.00      0.00     91.09
01:42:16         25      0.00      0.00      0.00      0.00      0.00    100.00
01:42:16         26      0.00      0.00      0.00      0.00      0.00    100.00
01:42:16         27      2.00      0.00      1.00      0.00      0.00     97.00
01:42:16         28      0.00      0.00      0.00      0.00      0.00    100.00
01:42:16         29      0.00      0.00      0.00      0.00      0.00    100.00
01:42:16         30      0.00      0.00      0.00      0.00      0.00    100.00
01:42:16         31      0.00      0.00      0.00      0.00      0.00    100.00
01:42:16         32      0.00      0.00      1.01      0.00      0.00     98.99
01:42:16         33      0.99      0.00      0.99      0.00      0.00     98.02
01:42:16         34      1.01      0.00      0.00      3.03      0.00     95.96
01:42:16         35      1.98      0.00      1.98      0.00      0.00     96.04
01:42:16         36      0.00      0.00      0.00      0.00      0.00    100.00
01:42:16         37      0.00      0.00      0.00      0.00      0.00    100.00
01:42:16         38      0.00      0.00      0.00      0.00      0.00    100.00
01:42:16         39      0.00      0.00      0.00      0.00      0.00    100.00

01:42:16        CPU     %user     %nice   %system   %iowait    %steal     %idle
01:42:17        all      1.80      0.00      0.53      0.00      0.00     97.67
01:42:17          0      0.00      0.00      0.00      0.00      0.00    100.00
01:42:17          1      0.00      0.00      1.01      0.00      0.00     98.99
01:42:17          2     11.11      0.00      0.00      0.00      0.00     88.89
01:42:17          3      0.00      0.00      0.00      0.00      0.00    100.00
01:42:17          4      0.00      0.00      0.00      0.00      0.00    100.00
01:42:17          5      1.01      0.00      0.00      0.00      0.00     98.99
01:42:17          6      0.00      0.00      0.00      0.00      0.00    100.00
01:42:17          7     43.00      0.00      8.00      0.00      0.00     49.00
01:42:17          8      0.00      0.00      0.00      0.00      0.00    100.00
01:42:17          9      0.00      0.00      0.00      0.00      0.00    100.00
01:42:17         10      0.00      0.00      0.00      0.00      0.00    100.00
01:42:17         11      0.00      0.00      1.98      0.00      0.00     98.02
01:42:17         12      0.00      0.00      0.00      0.00      0.00    100.00
01:42:17         13      2.04      0.00      0.00      0.00      0.00     97.96
01:42:17         14      0.00      0.00      0.00      0.00      0.00    100.00
01:42:17         15      6.06      0.00      1.01      0.00      0.00     92.93
01:42:17         16      0.00      0.00      1.00      0.00      0.00     99.00
01:42:17         17      0.00      0.00      1.00      0.00      0.00     99.00
01:42:17         18      0.00      0.00      0.99      0.00      0.00     99.01
01:42:17         19      0.00      0.00      0.00      0.00      0.00    100.00
01:42:17         20      0.00      0.00      0.00      0.00      0.00    100.00
01:42:17         21      0.00      0.00      0.00      0.00      0.00    100.00
01:42:17         22      0.00      0.00      0.00      0.00      0.00    100.00
01:42:17         23      0.00      0.00      0.00      0.00      0.00    100.00
01:42:17         24      0.00      0.00      0.00      0.00      0.00    100.00
01:42:17         25      0.00      0.00      0.00      0.00      0.00    100.00
01:42:17         26      0.00      0.00      0.00      0.00      0.00    100.00
01:42:17         27      5.00      0.00      0.00      0.00      0.00     95.00
01:42:17         28      0.00      0.00      1.98      0.00      0.00     98.02
01:42:17         29      0.00      0.00      0.00      0.00      0.00    100.00
01:42:17         30      0.99      0.00      0.99      0.00      0.00     98.02
01:42:17         31      0.00      0.00      0.00      0.00      0.00    100.00
01:42:17         32      0.00      0.00      0.00      0.00      0.00    100.00
01:42:17         33      0.00      0.00      0.00      0.00      0.00    100.00
01:42:17         34      0.00      0.00      0.00      0.00      0.00    100.00
01:42:17         35      0.00      0.00      0.00      0.00      0.00    100.00
01:42:17         36      0.00      0.00      0.00      0.00      0.00    100.00
01:42:17         37      0.00      0.00      0.00      0.00      0.00    100.00
01:42:17         38      0.00      0.00      0.99      0.00      0.00     99.01
01:42:17         39      0.00      0.00      0.00      0.00      0.00    100.00

01:42:17        CPU     %user     %nice   %system   %iowait    %steal     %idle
01:42:18        all      1.23      0.00      0.28      0.10      0.00     98.40
01:42:18          0      1.00      0.00      0.00      0.00      0.00     99.00
01:42:18          1      0.00      0.00      1.00      0.00      0.00     99.00
01:42:18          2      0.99      0.00      0.99      0.00      0.00     98.02
01:42:18          3      0.00      0.00      0.00      0.00      0.00    100.00
01:42:18          4      0.00      0.00      0.00      0.00      0.00    100.00
01:42:18          5      0.00      0.00      0.00      0.00      0.00    100.00
01:42:18          6      0.00      0.00      1.00      4.00      0.00     95.00
01:42:18          7      0.00      0.00      0.00      0.00      0.00    100.00
01:42:18          8      4.00      0.00      2.00      0.00      0.00     94.00
01:42:18          9      1.00      0.00      1.00      0.00      0.00     98.00
01:42:18         10      0.00      0.00      0.00      0.00      0.00    100.00
01:42:18         11      0.99      0.00      0.00      0.00      0.00     99.01
01:42:18         12      0.00      0.00      0.00      0.00      0.00    100.00
01:42:18         13     35.00      0.00      5.00      0.00      0.00     60.00
01:42:18         14      0.00      0.00      0.00      0.00      0.00    100.00
01:42:18         15      0.00      0.00      0.00      0.00      0.00    100.00
01:42:18         16      0.00      0.00      0.00      0.00      0.00    100.00
01:42:18         17      0.00      0.00      0.00      0.00      0.00    100.00
01:42:18         18      1.00      0.00      0.00      0.00      0.00     99.00
01:42:18         19      0.00      0.00      0.00      0.00      0.00    100.00
01:42:18         20      0.00      0.00      0.00      0.00      0.00    100.00
01:42:18         21      0.00      0.00      0.00      0.00      0.00    100.00
01:42:18         22      0.00      0.00      0.00      0.00      0.00    100.00
01:42:18         23      0.00      0.00      0.00      0.00      0.00    100.00
01:42:18         24      0.99      0.00      0.99      0.00      0.00     98.02
01:42:18         25      0.00      0.00      0.00      0.00      0.00    100.00
01:42:18         26      0.00      0.00      0.00      0.00      0.00    100.00
01:42:18         27      0.00      0.00      0.00      0.00      0.00    100.00
01:42:18         28      3.00      0.00      0.00      0.00      0.00     97.00
01:42:18         29      0.00      0.00      0.00      0.00      0.00    100.00
01:42:18         30      0.00      0.00      0.00      0.00      0.00    100.00
01:42:18         31      0.99      0.00      0.00      0.00      0.00     99.01
01:42:18         32      0.00      0.00      0.00      0.00      0.00    100.00
01:42:18         33      2.00      0.00      0.00      0.00      0.00     98.00
01:42:18         34      0.00      0.00      1.00      0.00      0.00     99.00
01:42:18         35      0.00      0.00      0.00      0.00      0.00    100.00
01:42:18         36      0.99      0.00      0.00      0.00      0.00     99.01
01:42:18         37      1.00      0.00      0.00      0.00      0.00     99.00
01:42:18         38      0.00      0.00      0.00      0.00      0.00    100.00
01:42:18         39      0.00      0.00      0.00      0.00      0.00    100.00

01:42:18        CPU     %user     %nice   %system   %iowait    %steal     %idle
01:42:19        all      0.03      0.00      0.03      0.00      0.00     99.95
01:42:19          0      0.00      0.00      0.00      0.00      0.00    100.00
01:42:19          1      0.00      0.00      0.00      0.00      0.00    100.00
01:42:19          2      0.00      0.00      0.00      0.00      0.00    100.00
01:42:19          3      0.00      0.00      0.00      0.00      0.00    100.00
01:42:19          4      0.00      0.00      0.00      0.00      0.00    100.00
01:42:19          5      0.00      0.00      0.00      0.00      0.00    100.00
01:42:19          6      0.00      0.00      0.00      0.00      0.00    100.00
01:42:19          7      0.00      0.00      0.00      0.00      0.00    100.00
01:42:19          8      0.00      0.00      0.00      0.00      0.00    100.00
01:42:19          9      0.00      0.00      0.00      0.00      0.00    100.00
01:42:19         10      0.00      0.00      0.00      0.00      0.00    100.00
01:42:19         11      0.00      0.00      0.00      0.00      0.00    100.00
01:42:19         12      0.00      0.00      0.00      0.00      0.00    100.00
01:42:19         13      0.00      0.00      0.00      0.00      0.00    100.00
01:42:19         14      0.00      0.00      0.00      0.00      0.00    100.00
01:42:19         15      0.00      0.00      0.00      0.00      0.00    100.00
01:42:19         16      0.00      0.00      0.00      0.00      0.00    100.00
01:42:19         17      0.00      0.00      0.00      0.00      0.00    100.00
01:42:19         18      0.00      0.00      0.00      0.00      0.00    100.00
01:42:19         19      0.00      0.00      0.00      0.00      0.00    100.00
01:42:19         20      0.00      0.00      0.00      0.00      0.00    100.00
01:42:19         21      0.00      0.00      0.00      0.00      0.00    100.00
01:42:19         22      0.00      0.00      0.00      0.00      0.00    100.00
01:42:19         23      0.00      0.00      0.00      0.00      0.00    100.00
01:42:19         24      0.00      0.00      0.00      0.00      0.00    100.00
01:42:19         25      0.00      0.00      0.00      0.00      0.00    100.00
01:42:19         26      0.00      0.00      0.00      0.00      0.00    100.00
01:42:19         27      0.00      0.00      0.00      0.00      0.00    100.00
01:42:19         28      0.00      0.00      0.00      0.00      0.00    100.00
01:42:19         29      0.00      0.00      0.00      0.00      0.00    100.00
01:42:19         30      0.00      0.00      0.00      0.00      0.00    100.00
01:42:19         31      0.00      0.00      0.00      0.00      0.00    100.00
01:42:19         32      0.00      0.00      0.00      0.00      0.00    100.00
01:42:19         33      0.00      0.00      0.00      0.00      0.00    100.00
01:42:19         34      0.00      0.00      0.00      0.00      0.00    100.00
01:42:19         35      0.00      0.00      0.00      0.00      0.00    100.00
01:42:19         36      0.00      0.00      0.00      0.00      0.00    100.00
01:42:19         37      0.00      0.00      0.00      0.00      0.00    100.00
01:42:19         38      0.00      0.00      0.00      0.00      0.00    100.00
01:42:19         39      0.00      0.00      0.00      0.00      0.00    100.00

01:42:19        CPU     %user     %nice   %system   %iowait    %steal     %idle
01:42:20        all      0.00      0.00      0.00      0.00      0.00    100.00
01:42:20          0      0.00      0.00      0.00      0.00      0.00    100.00
01:42:20          1      0.00      0.00      0.00      0.00      0.00    100.00
01:42:20          2      0.00      0.00      0.00      0.00      0.00    100.00
01:42:20          3      0.00      0.00      0.99      0.00      0.00     99.01
01:42:20          4      0.00      0.00      0.00      0.00      0.00    100.00
01:42:20          5      0.00      0.00      0.00      0.00      0.00    100.00
01:42:20          6      0.00      0.00      0.00      0.00      0.00    100.00
01:42:20          7      0.00      0.00      0.00      0.00      0.00    100.00
01:42:20          8      0.00      0.00      0.00      0.00      0.00    100.00
01:42:20          9      0.00      0.00      0.00      0.00      0.00    100.00
01:42:20         10      0.00      0.00      0.00      0.00      0.00    100.00
01:42:20         11      0.00      0.00      0.99      0.00      0.00     99.01
01:42:20         12      0.00      0.00      0.00      0.00      0.00    100.00
01:42:20         13      0.00      0.00      0.00      0.00      0.00    100.00
01:42:20         14      0.00      0.00      0.00      0.00      0.00    100.00
01:42:20         15      0.00      0.00      0.00      0.00      0.00    100.00
01:42:20         16      0.00      0.00      0.00      0.00      0.00    100.00
01:42:20         17      0.00      0.00      0.00      0.00      0.00    100.00
01:42:20         18      0.00      0.00      0.00      0.00      0.00    100.00
01:42:20         19      0.00      0.00      0.00      0.00      0.00    100.00
01:42:20         20      0.00      0.00      0.00      0.00      0.00    100.00
01:42:20         21      0.00      0.00      0.00      0.00      0.00    100.00
01:42:20         22      0.00      0.00      0.00      0.00      0.00    100.00
01:42:20         23      0.00      0.00      0.00      0.00      0.00    100.00
01:42:20         24      0.00      0.00      0.00      0.00      0.00    100.00
01:42:20         25      0.00      0.00      0.00      0.00      0.00    100.00
01:42:20         26      0.00      0.00      0.00      0.00      0.00    100.00
01:42:20         27      0.00      0.00      0.00      0.00      0.00    100.00
01:42:20         28      0.00      0.00      0.00      0.00      0.00    100.00
01:42:20         29      0.00      0.00      0.00      0.00      0.00    100.00
01:42:20         30      0.00      0.00      0.00      0.00      0.00    100.00
01:42:20         31      0.99      0.00      0.00      0.00      0.00     99.01
01:42:20         32      0.00      0.00      0.00      0.00      0.00    100.00
01:42:20         33      0.00      0.00      0.00      0.00      0.00    100.00
01:42:20         34      0.00      0.00      0.00      0.00      0.00    100.00
01:42:20         35      0.00      0.00      0.00      0.00      0.00    100.00
01:42:20         36      0.00      0.00      0.00      0.00      0.00    100.00
01:42:20         37      0.00      0.00      0.00      0.00      0.00    100.00
01:42:20         38      0.00      0.00      0.00      0.00      0.00    100.00
01:42:20         39      0.00      0.00      0.00      0.00      0.00    100.00

01:42:20        CPU     %user     %nice   %system   %iowait    %steal     %idle
01:42:21        all      0.02      0.00      0.05      0.00      0.00     99.93
01:42:21          0      0.00      0.00      0.00      0.00      0.00    100.00
01:42:21          1      0.00      0.00      0.00      0.00      0.00    100.00
01:42:21          2      0.00      0.00      0.00      0.00      0.00    100.00
01:42:21          3      0.00      0.00      0.00      0.00      0.00    100.00
01:42:21          4      0.00      0.00      0.00      0.00      0.00    100.00
01:42:21          5      0.00      0.00      0.00      0.00      0.00    100.00
01:42:21          6      0.00      0.00      0.00      0.00      0.00    100.00
01:42:21          7      0.00      0.00      0.00      0.00      0.00    100.00
01:42:21          8      0.00      0.00      0.00      0.00      0.00    100.00
01:42:21          9      0.00      0.00      0.00      0.00      0.00    100.00
01:42:21         10      0.00      0.00      0.00      0.00      0.00    100.00
01:42:21         11      0.00      0.00      0.00      0.00      0.00    100.00
01:42:21         12      0.00      0.00      0.00      0.00      0.00    100.00
01:42:21         13      0.00      0.00      0.00      0.00      0.00    100.00
01:42:21         14      0.00      0.00      0.00      0.00      0.00    100.00
01:42:21         15      0.00      0.00      0.00      0.00      0.00    100.00
01:42:21         16      0.00      0.00      0.00      0.00      0.00    100.00
01:42:21         17      0.00      0.00      0.00      0.00      0.00    100.00
01:42:21         18      0.00      0.00      0.00      0.00      0.00    100.00
01:42:21         19      0.00      0.00      0.00      0.00      0.00    100.00
01:42:21         20      0.00      0.00      0.00      0.00      0.00    100.00
01:42:21         21      0.00      0.00      0.00      0.00      0.00    100.00
01:42:21         22      0.00      0.00      0.00      0.00      0.00    100.00
01:42:21         23      0.00      0.00      0.00      0.00      0.00    100.00
01:42:21         24      0.00      0.00      0.00      0.00      0.00    100.00
01:42:21         25      0.00      0.00      0.00      0.00      0.00    100.00
01:42:21         26      0.00      0.00      0.00      0.00      0.00    100.00
01:42:21         27      0.00      0.00      1.00      0.00      0.00     99.00
01:42:21         28      0.00      0.00      0.00      0.00      0.00    100.00
01:42:21         29      0.00      0.00      0.00      0.00      0.00    100.00
01:42:21         30      0.00      0.00      0.00      0.00      0.00    100.00
01:42:21         31      0.00      0.00      0.00      0.00      0.00    100.00
01:42:21         32      0.00      0.00      0.00      0.00      0.00    100.00
01:42:21         33      0.00      0.00      0.00      0.00      0.00    100.00
01:42:21         34      0.00      0.00      0.00      0.00      0.00    100.00
01:42:21         35      0.00      0.00      0.00      0.00      0.00    100.00
01:42:21         36      0.00      0.00      0.00      0.00      0.00    100.00
01:42:21         37      0.00      0.00      0.00      0.00      0.00    100.00
01:42:21         38      0.00      0.00      0.00      0.00      0.00    100.00
01:42:21         39      0.00      0.00      0.00      0.00      0.00    100.00

01:42:21        CPU     %user     %nice   %system   %iowait    %steal     %idle
01:42:22        all      0.00      0.00      0.03      0.00      0.00     99.98
01:42:22          0      0.00      0.00      0.00      0.00      0.00    100.00
01:42:22          1      0.00      0.00      0.00      0.00      0.00    100.00
01:42:22          2      0.00      0.00      0.00      0.00      0.00    100.00
01:42:22          3      0.00      0.00      0.00      0.00      0.00    100.00
01:42:22          4      0.00      0.00      0.00      0.00      0.00    100.00
01:42:22          5      0.00      0.00      0.00      0.00      0.00    100.00
01:42:22          6      0.00      0.00      0.00      0.00      0.00    100.00
01:42:22          7      0.00      0.00      0.00      0.00      0.00    100.00
01:42:22          8      0.00      0.00      0.00      0.00      0.00    100.00
01:42:22          9      0.00      0.00      0.00      0.00      0.00    100.00
01:42:22         10      0.00      0.00      0.00      0.00      0.00    100.00
01:42:22         11      0.00      0.00      0.00      0.00      0.00    100.00
01:42:22         12      0.00      0.00      0.00      0.00      0.00    100.00
01:42:22         13      0.00      0.00      0.00      0.00      0.00    100.00
01:42:22         14      0.00      0.00      0.00      0.00      0.00    100.00
01:42:22         15      0.00      0.00      0.00      0.00      0.00    100.00
01:42:22         16      0.00      0.00      0.00      0.00      0.00    100.00
01:42:22         17      0.00      0.00      0.00      0.00      0.00    100.00
01:42:22         18      0.00      0.00      0.00      0.00      0.00    100.00
01:42:22         19      0.00      0.00      0.00      0.00      0.00    100.00
01:42:22         20      0.00      0.00      0.00      0.00      0.00    100.00
01:42:22         21      0.00      0.00      0.00      0.00      0.00    100.00
01:42:22         22      0.00      0.00      0.00      0.00      0.00    100.00
01:42:22         23      0.00      0.00      0.00      0.00      0.00    100.00
01:42:22         24      0.00      0.00      0.00      0.00      0.00    100.00
01:42:22         25      0.00      0.00      0.00      0.00      0.00    100.00
01:42:22         26      0.00      0.00      0.00      0.00      0.00    100.00
01:42:22         27      0.00      0.00      0.00      0.00      0.00    100.00
01:42:22         28      0.00      0.00      0.00      0.00      0.00    100.00
01:42:22         29      0.00      0.00      0.00      0.00      0.00    100.00
01:42:22         30      0.00      0.00      0.00      0.00      0.00    100.00
01:42:22         31      0.00      0.00      0.00      0.00      0.00    100.00
01:42:22         32      0.00      0.00      0.00      0.00      0.00    100.00
01:42:22         33      0.00      0.00      0.00      0.00      0.00    100.00
01:42:22         34      0.00      0.00      0.00      0.00      0.00    100.00
01:42:22         35      0.00      0.00      0.00      0.00      0.00    100.00
01:42:22         36      0.00      0.00      0.00      0.00      0.00    100.00
01:42:22         37      0.00      0.00      0.00      0.00      0.00    100.00
01:42:22         38      0.00      0.00      0.00      0.00      0.00    100.00
01:42:22         39      0.00      0.00      0.00      0.00      0.00    100.00

01:42:22        CPU     %user     %nice   %system   %iowait    %steal     %idle
01:42:23        all      0.00      0.00      0.05      0.03      0.00     99.92
01:42:23          0      0.00      0.00      0.00      0.00      0.00    100.00
01:42:23          1      0.00      0.00      0.99      0.00      0.00     99.01
01:42:23          2      0.00      0.00      0.00      0.00      0.00    100.00
01:42:23          3      0.00      0.00      0.00      0.00      0.00    100.00
01:42:23          4      0.00      0.00      0.00      0.00      0.00    100.00
01:42:23          5      0.00      0.00      0.00      0.00      0.00    100.00
01:42:23          6      0.00      0.00      0.00      0.00      0.00    100.00
01:42:23          7      0.00      0.00      0.00      0.00      0.00    100.00
01:42:23          8      0.00      0.00      0.00      0.00      0.00    100.00
01:42:23          9      0.00      0.00      0.00      0.00      0.00    100.00
01:42:23         10      0.00      0.00      0.00      0.00      0.00    100.00
01:42:23         11      0.00      0.00      1.00      0.00      0.00     99.00
01:42:23         12      0.00      0.00      0.00      0.00      0.00    100.00
01:42:23         13      0.00      0.00      0.00      0.00      0.00    100.00
01:42:23         14      0.00      0.00      0.00      0.00      0.00    100.00
01:42:23         15      0.00      0.00      0.00      0.00      0.00    100.00
01:42:23         16      0.00      0.00      0.00      0.00      0.00    100.00
01:42:23         17      0.00      0.00      0.00      0.00      0.00    100.00
01:42:23         18      0.00      0.00      0.00      0.00      0.00    100.00
01:42:23         19      0.00      0.00      0.00      0.00      0.00    100.00
01:42:23         20      0.00      0.00      0.00      1.00      0.00     99.00
01:42:23         21      0.00      0.00      0.00      0.00      0.00    100.00
01:42:23         22      0.00      0.00      0.00      0.00      0.00    100.00
01:42:23         23      0.00      0.00      0.00      0.00      0.00    100.00
01:42:23         24      0.00      0.00      0.00      0.00      0.00    100.00
01:42:23         25      0.00      0.00      0.00      0.00      0.00    100.00
01:42:23         26      0.00      0.00      0.00      0.00      0.00    100.00
01:42:23         27      0.00      0.00      0.00      0.00      0.00    100.00
01:42:23         28      0.00      0.00      0.00      0.00      0.00    100.00
01:42:23         29      0.00      0.00      0.00      0.00      0.00    100.00
01:42:23         30      0.00      0.00      0.00      0.00      0.00    100.00
01:42:23         31      0.00      0.00      0.00      0.00      0.00    100.00
01:42:23         32      0.00      0.00      0.99      0.00      0.00     99.01
01:42:23         33      0.00      0.00      0.00      0.00      0.00    100.00
01:42:23         34      0.00      0.00      0.00      0.00      0.00    100.00
01:42:23         35      0.00      0.00      0.00      0.00      0.00    100.00
01:42:23         36      0.00      0.00      0.00      0.00      0.00    100.00
01:42:23         37      0.00      0.00      0.00      0.00      0.00    100.00
01:42:23         38      0.00      0.00      0.00      0.00      0.00    100.00
01:42:23         39      0.00      0.00      0.00      0.00      0.00    100.00

01:42:23        CPU     %user     %nice   %system   %iowait    %steal     %idle
01:42:24        all      0.02      0.00      0.02      0.00      0.00     99.95
01:42:24          0      0.00      0.00      0.00      0.00      0.00    100.00
01:42:24          1      0.00      0.00      0.00      0.00      0.00    100.00
01:42:24          2      0.00      0.00      0.00      0.00      0.00    100.00
01:42:24          3      0.00      0.00      0.99      0.00      0.00     99.01
01:42:24          4      0.00      0.00      0.00      0.00      0.00    100.00
01:42:24          5      0.00      0.00      0.00      0.00      0.00    100.00
01:42:24          6      0.00      0.00      0.00      0.00      0.00    100.00
01:42:24          7      0.00      0.00      0.00      0.00      0.00    100.00
01:42:24          8      0.00      0.00      0.00      0.00      0.00    100.00
01:42:24          9      0.00      0.00      0.00      0.00      0.00    100.00
01:42:24         10      0.00      0.00      0.00      0.00      0.00    100.00
01:42:24         11      0.00      0.00      0.00      0.00      0.00    100.00
01:42:24         12      0.00      0.00      0.00      0.00      0.00    100.00
01:42:24         13      0.00      0.00      0.00      0.00      0.00    100.00
01:42:24         14      0.00      0.00      0.00      0.00      0.00    100.00
01:42:24         15      0.00      0.00      0.00      0.00      0.00    100.00
01:42:24         16      0.00      0.00      0.00      0.00      0.00    100.00
01:42:24         17      0.00      0.00      0.00      0.00      0.00    100.00
01:42:24         18      0.00      0.00      0.00      0.00      0.00    100.00
01:42:24         19      0.00      0.00      0.00      0.00      0.00    100.00
01:42:24         20      0.00      0.00      0.00      0.00      0.00    100.00
01:42:24         21      0.00      0.00      0.00      0.00      0.00    100.00
01:42:24         22      0.00      0.00      0.00      0.00      0.00    100.00
01:42:24         23      0.00      0.00      0.00      0.00      0.00    100.00
01:42:24         24      0.00      0.00      0.00      0.00      0.00    100.00
01:42:24         25      0.00      0.00      0.00      0.00      0.00    100.00
01:42:24         26      0.00      0.00      0.00      0.00      0.00    100.00
01:42:24         27      0.00      0.00      0.00      0.00      0.00    100.00
01:42:24         28      0.00      0.00      0.99      0.00      0.00     99.01
01:42:24         29      0.00      0.00      0.00      0.00      0.00    100.00
01:42:24         30      0.00      0.00      0.00      0.00      0.00    100.00
01:42:24         31      0.00      0.00      0.00      0.00      0.00    100.00
01:42:24         32      0.00      0.00      0.00      0.00      0.00    100.00
01:42:24         33      0.00      0.00      0.00      0.00      0.00    100.00
01:42:24         34      0.00      0.00      0.00      0.00      0.00    100.00
01:42:24         35      0.00      0.00      0.00      0.00      0.00    100.00
01:42:24         36      0.00      0.00      0.00      0.00      0.00    100.00
01:42:24         37      0.00      0.00      0.00      0.00      0.00    100.00
01:42:24         38      0.00      0.00      0.00      0.00      0.00    100.00
01:42:24         39      0.00      0.00      0.00      0.00      0.00    100.00

01:42:24        CPU     %user     %nice   %system   %iowait    %steal     %idle
01:42:25        all      0.03      0.00      0.03      0.00      0.00     99.95
01:42:25          0      0.00      0.00      0.00      0.00      0.00    100.00
01:42:25          1      0.00      0.00      0.00      0.00      0.00    100.00
01:42:25          2      0.00      0.00      0.00      0.00      0.00    100.00
01:42:25          3      0.00      0.00      0.00      0.00      0.00    100.00
01:42:25          4      0.00      0.00      0.00      0.00      0.00    100.00
01:42:25          5      0.00      0.00      0.00      0.00      0.00    100.00
01:42:25          6      0.00      0.00      0.00      0.00      0.00    100.00
01:42:25          7      0.00      0.00      0.00      0.00      0.00    100.00
01:42:25          8      0.00      0.00      0.00      0.00      0.00    100.00
01:42:25          9      0.00      0.00      0.00      0.00      0.00    100.00
01:42:25         10      0.00      0.00      0.00      0.00      0.00    100.00
01:42:25         11      0.00      0.00      0.00      0.00      0.00    100.00
01:42:25         12      0.00      0.00      0.00      0.00      0.00    100.00
01:42:25         13      0.00      0.00      0.00      0.00      0.00    100.00
01:42:25         14      0.00      0.00      0.00      0.00      0.00    100.00
01:42:25         15      0.00      0.00      0.00      0.00      0.00    100.00
01:42:25         16      0.00      0.00      0.00      0.00      0.00    100.00
01:42:25         17      0.00      0.00      0.00      0.00      0.00    100.00
01:42:25         18      0.00      0.00      0.00      0.00      0.00    100.00
01:42:25         19      0.00      0.00      0.00      0.00      0.00    100.00
01:42:25         20      0.00      0.00      0.00      0.00      0.00    100.00
01:42:25         21      0.00      0.00      0.00      0.00      0.00    100.00
01:42:25         22      0.00      0.00      0.00      0.00      0.00    100.00
01:42:25         23      0.00      0.00      0.00      0.00      0.00    100.00
01:42:25         24      0.00      0.00      0.00      0.00      0.00    100.00
01:42:25         25      0.00      0.00      0.00      0.00      0.00    100.00
01:42:25         26      0.00      0.00      0.00      0.00      0.00    100.00
01:42:25         27      0.00      0.00      0.99      0.00      0.00     99.01
01:42:25         28      0.99      0.00      0.00      0.00      0.00     99.01
01:42:25         29      0.00      0.00      0.99      0.00      0.00     99.01
01:42:25         30      0.00      0.00      0.00      0.00      0.00    100.00
01:42:25         31      0.00      0.00      0.00      0.00      0.00    100.00
01:42:25         32      0.00      0.00      0.00      0.00      0.00    100.00
01:42:25         33      0.00      0.00      0.00      0.00      0.00    100.00
01:42:25         34      0.00      0.00      0.00      0.00      0.00    100.00
01:42:25         35      0.00      0.00      0.00      0.00      0.00    100.00
01:42:25         36      0.00      0.00      0.00      0.00      0.00    100.00
01:42:25         37      0.00      0.00      0.00      0.00      0.00    100.00
01:42:25         38      0.00      0.00      0.00      0.00      0.00    100.00
01:42:25         39      0.00      0.00      0.00      0.00      0.00    100.00

01:42:25        CPU     %user     %nice   %system   %iowait    %steal     %idle
01:42:26        all      0.00      0.00      0.03      0.00      0.00     99.98
01:42:26          0      0.00      0.00      0.00      0.00      0.00    100.00
01:42:26          1      0.00      0.00      0.00      0.00      0.00    100.00
01:42:26          2      0.00      0.00      0.00      0.00      0.00    100.00
01:42:26          3      0.00      0.00      0.00      0.00      0.00    100.00
01:42:26          4      0.00      0.00      0.00      0.00      0.00    100.00
01:42:26          5      0.00      0.00      0.00      0.00      0.00    100.00
01:42:26          6      0.00      0.00      0.00      0.00      0.00    100.00
01:42:26          7      0.00      0.00      0.00      0.00      0.00    100.00
01:42:26          8      0.00      0.00      0.00      0.00      0.00    100.00
01:42:26          9      0.00      0.00      0.00      0.00      0.00    100.00
01:42:26         10      0.00      0.00      0.00      0.00      0.00    100.00
01:42:26         11      0.00      0.00      0.00      0.00      0.00    100.00
01:42:26         12      0.00      0.00      0.00      0.00      0.00    100.00
01:42:26         13      0.00      0.00      0.00      0.00      0.00    100.00
01:42:26         14      0.00      0.00      0.00      0.00      0.00    100.00
01:42:26         15      0.00      0.00      0.00      0.00      0.00    100.00
01:42:26         16      0.00      0.00      0.00      0.00      0.00    100.00
01:42:26         17      0.00      0.00      0.00      0.00      0.00    100.00
01:42:26         18      0.00      0.00      0.00      0.00      0.00    100.00
01:42:26         19      0.00      0.00      0.00      0.00      0.00    100.00
01:42:26         20      0.00      0.00      0.00      0.00      0.00    100.00
01:42:26         21      0.00      0.00      0.00      0.00      0.00    100.00
01:42:26         22      0.00      0.00      0.00      0.00      0.00    100.00
01:42:26         23      0.00      0.00      0.00      0.00      0.00    100.00
01:42:26         24      0.00      0.00      0.00      0.00      0.00    100.00
01:42:26         25      0.00      0.00      0.00      0.00      0.00    100.00
01:42:26         26      0.00      0.00      0.00      0.00      0.00    100.00
01:42:26         27      0.00      0.00      0.00      0.00      0.00    100.00
01:42:26         28      0.00      0.00      0.00      0.00      0.00    100.00
01:42:26         29      0.00      0.00      0.00      0.00      0.00    100.00
01:42:26         30      0.00      0.00      0.00      0.00      0.00    100.00
01:42:26         31      0.00      0.00      0.00      0.00      0.00    100.00
01:42:26         32      0.00      0.00      0.00      0.00      0.00    100.00
01:42:26         33      0.00      0.00      0.00      0.00      0.00    100.00
01:42:26         34      0.00      0.00      0.00      0.00      0.00    100.00
01:42:26         35      0.00      0.00      0.00      0.00      0.00    100.00
01:42:26         36      0.00      0.00      0.00      0.00      0.00    100.00
01:42:26         37      0.00      0.00      0.00      0.00      0.00    100.00
01:42:26         38      0.00      0.00      0.00      0.00      0.00    100.00
01:42:26         39      0.00      0.00      0.00      0.00      0.00    100.00

01:42:26        CPU     %user     %nice   %system   %iowait    %steal     %idle
01:42:27        all      0.03      0.00      0.03      0.00      0.00     99.95
01:42:27          0      0.00      0.00      0.00      0.00      0.00    100.00
01:42:27          1      0.00      0.00      0.00      0.00      0.00    100.00
01:42:27          2      0.00      0.00      0.00      0.00      0.00    100.00
01:42:27          3      0.00      0.00      0.00      0.00      0.00    100.00
01:42:27          4      0.00      0.00      0.00      0.00      0.00    100.00
01:42:27          5      0.00      0.00      0.00      0.00      0.00    100.00
01:42:27          6      0.00      0.00      0.00      0.00      0.00    100.00
01:42:27          7      0.00      0.00      0.00      0.00      0.00    100.00
01:42:27          8      0.00      0.00      0.00      0.00      0.00    100.00
01:42:27          9      0.00      0.00      0.00      0.00      0.00    100.00
01:42:27         10      0.00      0.00      0.00      0.00      0.00    100.00
01:42:27         11      0.00      0.00      0.99      0.00      0.00     99.01
01:42:27         12      0.00      0.00      0.00      0.00      0.00    100.00
01:42:27         13      0.00      0.00      0.00      0.00      0.00    100.00
01:42:27         14      0.00      0.00      0.00      0.00      0.00    100.00
01:42:27         15      0.00      0.00      0.00      0.00      0.00    100.00
01:42:27         16      0.00      0.00      0.00      0.00      0.00    100.00
01:42:27         17      0.00      0.00      0.00      0.00      0.00    100.00
01:42:27         18      0.00      0.00      0.00      0.00      0.00    100.00
01:42:27         19      0.00      0.00      0.00      0.00      0.00    100.00
01:42:27         20      0.00      0.00      0.00      0.00      0.00    100.00
01:42:27         21      0.00      0.00      0.00      0.00      0.00    100.00
01:42:27         22      0.00      0.00      0.00      0.00      0.00    100.00
01:42:27         23      0.00      0.00      0.00      0.00      0.00    100.00
01:42:27         24      0.00      0.00      0.00      0.00      0.00    100.00
01:42:27         25      0.00      0.00      0.00      0.00      0.00    100.00
01:42:27         26      0.00      0.00      0.00      0.00      0.00    100.00
01:42:27         27      0.00      0.00      0.00      0.00      0.00    100.00
01:42:27         28      0.00      0.00      0.00      0.00      0.00    100.00
01:42:27         29      0.00      0.00      0.00      0.00      0.00    100.00
01:42:27         30      0.00      0.00      0.00      0.00      0.00    100.00
01:42:27         31      0.00      0.00      0.00      0.00      0.00    100.00
01:42:27         32      0.00      0.00      0.00      0.00      0.00    100.00
01:42:27         33      0.00      0.00      0.00      0.00      0.00    100.00
01:42:27         34      0.00      0.00      0.00      0.00      0.00    100.00
01:42:27         35      0.00      0.00      0.00      0.00      0.00    100.00
01:42:27         36      0.00      0.00      0.00      0.00      0.00    100.00
01:42:27         37      0.00      0.00      0.00      0.00      0.00    100.00
01:42:27         38      0.00      0.00      0.00      0.00      0.00    100.00
01:42:27         39      0.00      0.00      0.00      0.00      0.00    100.00

01:42:27        CPU     %user     %nice   %system   %iowait    %steal     %idle
01:42:28        all      0.02      0.00      0.02      0.00      0.00     99.95
01:42:28          0      0.00      0.00      0.00      0.00      0.00    100.00
01:42:28          1      0.00      0.00      0.00      0.00      0.00    100.00
01:42:28          2      0.00      0.00      0.00      0.00      0.00    100.00
01:42:28          3      0.00      0.00      0.00      0.00      0.00    100.00
01:42:28          4      0.00      0.00      0.00      0.00      0.00    100.00
01:42:28          5      0.00      0.00      0.00      0.00      0.00    100.00
01:42:28          6      0.00      0.00      0.00      0.00      0.00    100.00
01:42:28          7      0.00      0.00      0.00      0.00      0.00    100.00
01:42:28          8      0.00      0.00      0.00      0.00      0.00    100.00
01:42:28          9      0.00      0.00      0.00      0.00      0.00    100.00
01:42:28         10      0.00      0.00      0.00      0.00      0.00    100.00
01:42:28         11      0.00      0.00      0.00      0.00      0.00    100.00
01:42:28         12      0.00      0.00      0.00      0.00      0.00    100.00
01:42:28         13      0.00      0.00      0.00      0.00      0.00    100.00
01:42:28         14      0.00      0.00      0.00      0.00      0.00    100.00
01:42:28         15      0.00      0.00      0.00      0.00      0.00    100.00
01:42:28         16      0.00      0.00      0.00      0.00      0.00    100.00
01:42:28         17      0.00      0.00      0.00      0.00      0.00    100.00
01:42:28         18      0.00      0.00      0.00      0.00      0.00    100.00
01:42:28         19      0.00      0.00      0.00      0.00      0.00    100.00
01:42:28         20      0.00      0.00      0.00      0.00      0.00    100.00
01:42:28         21      0.00      0.00      0.00      0.00      0.00    100.00
01:42:28         22      0.00      0.00      0.00      0.00      0.00    100.00
01:42:28         23      0.00      0.00      0.00      0.00      0.00    100.00
01:42:28         24      0.00      0.00      0.00      0.00      0.00    100.00
01:42:28         25      0.00      0.00      0.00      0.00      0.00    100.00
01:42:28         26      0.00      0.00      0.00      0.00      0.00    100.00
01:42:28         27      0.99      0.00      0.00      0.00      0.00     99.01
01:42:28         28      0.00      0.00      0.00      0.00      0.00    100.00
01:42:28         29      0.00      0.00      0.00      0.00      0.00    100.00
01:42:28         30      0.00      0.00      0.00      0.00      0.00    100.00
01:42:28         31      0.00      0.00      0.00      0.00      0.00    100.00
01:42:28         32      0.00      0.00      0.00      0.00      0.00    100.00
01:42:28         33      0.00      0.00      0.00      0.00      0.00    100.00
01:42:28         34      0.00      0.00      0.00      0.00      0.00    100.00
01:42:28         35      0.00      0.00      0.00      0.00      0.00    100.00
01:42:28         36      0.00      0.00      0.00      0.00      0.00    100.00
01:42:28         37      0.00      0.00      0.00      0.00      0.00    100.00
01:42:28         38      0.00      0.00      0.00      0.00      0.00    100.00
01:42:28         39      0.00      0.00      0.00      0.00      0.00    100.00

01:42:28        CPU     %user     %nice   %system   %iowait    %steal     %idle
01:42:29        all      0.00      0.00      0.05      0.00      0.00     99.95
01:42:29          0      0.00      0.00      0.00      0.00      0.00    100.00
01:42:29          1      0.00      0.00      0.00      0.00      0.00    100.00
01:42:29          2      0.00      0.00      0.00      0.00      0.00    100.00
01:42:29          3      0.00      0.00      0.00      0.00      0.00    100.00
01:42:29          4      0.00      0.00      0.00      0.00      0.00    100.00
01:42:29          5      0.00      0.00      0.00      0.00      0.00    100.00
01:42:29          6      0.00      0.00      0.00      0.00      0.00    100.00
01:42:29          7      0.00      0.00      0.00      0.00      0.00    100.00
01:42:29          8      0.00      0.00      0.00      0.00      0.00    100.00
01:42:29          9      0.00      0.00      0.00      0.00      0.00    100.00
01:42:29         10      0.00      0.00      0.00      0.00      0.00    100.00
01:42:29         11      0.00      0.00      0.99      0.00      0.00     99.01
01:42:29         12      0.00      0.00      0.00      0.00      0.00    100.00
01:42:29         13      0.00      0.00      0.00      0.00      0.00    100.00
01:42:29         14      0.00      0.00      0.00      0.00      0.00    100.00
01:42:29         15      0.00      0.00      0.00      0.00      0.00    100.00
01:42:29         16      0.00      0.00      0.00      0.00      0.00    100.00
01:42:29         17      0.00      0.00      0.00      0.00      0.00    100.00
01:42:29         18      0.00      0.00      0.00      0.00      0.00    100.00
01:42:29         19      0.00      0.00      0.00      0.00      0.00    100.00
01:42:29         20      0.00      0.00      0.00      0.00      0.00    100.00
01:42:29         21      0.00      0.00      0.00      0.00      0.00    100.00
01:42:29         22      0.00      0.00      0.00      0.00      0.00    100.00
01:42:29         23      0.00      0.00      0.00      0.00      0.00    100.00
01:42:29         24      0.00      0.00      0.00      0.00      0.00    100.00
01:42:29         25      0.00      0.00      0.00      0.00      0.00    100.00
01:42:29         26      0.00      0.00      0.00      0.00      0.00    100.00
01:42:29         27      0.00      0.00      0.00      0.00      0.00    100.00
01:42:29         28      0.00      0.00      0.99      0.00      0.00     99.01
01:42:29         29      0.00      0.00      0.00      0.00      0.00    100.00
01:42:29         30      0.00      0.00      0.00      0.00      0.00    100.00
01:42:29         31      0.00      0.00      0.00      0.00      0.00    100.00
01:42:29         32      0.00      0.00      0.00      0.00      0.00    100.00
01:42:29         33      0.00      0.00      0.00      0.00      0.00    100.00
01:42:29         34      0.00      0.00      0.00      0.00      0.00    100.00
01:42:29         35      0.00      0.00      0.00      0.00      0.00    100.00
01:42:29         36      0.00      0.00      0.00      0.00      0.00    100.00
01:42:29         37      0.00      0.00      0.00      0.00      0.00    100.00
01:42:29         38      0.00      0.00      0.00      0.00      0.00    100.00
01:42:29         39      0.00      0.00      0.00      0.00      0.00    100.00

01:42:29        CPU     %user     %nice   %system   %iowait    %steal     %idle
01:42:30        all      2.45      0.00      0.45      0.00      0.00     97.10
01:42:30          0      0.00      0.00      0.00      0.00      0.00    100.00
01:42:30          1      4.00      0.00      0.00      0.00      0.00     96.00
01:42:30          2      6.00      0.00      0.00      0.00      0.00     94.00
01:42:30          3     13.13      0.00      2.02      0.00      0.00     84.85
01:42:30          4      0.00      0.00      0.00      0.00      0.00    100.00
01:42:30          5      0.00      0.00      1.01      0.00      0.00     98.99
01:42:30          6      0.99      0.00      0.00      0.00      0.00     99.01
01:42:30          7      0.00      0.00      0.00      0.00      0.00    100.00
01:42:30          8     16.00      0.00      1.00      0.00      0.00     83.00
01:42:30          9      1.00      0.00      0.00      0.00      0.00     99.00
01:42:30         10      0.00      0.00      0.00      0.00      0.00    100.00
01:42:30         11      0.00      0.00      0.00      0.00      0.00    100.00
01:42:30         12      0.00      0.00      0.00      0.00      0.00    100.00
01:42:30         13      0.00      0.00      0.99      0.00      0.00     99.01
01:42:30         14      1.00      0.00      0.00      0.00      0.00     99.00
01:42:30         15      0.00      0.00      0.00      0.00      0.00    100.00
01:42:30         16      0.00      0.00      0.00      0.00      0.00    100.00
01:42:30         17      0.00      0.00      0.00      0.00      0.00    100.00
01:42:30         18      0.00      0.00      0.00      0.00      0.00    100.00
01:42:30         19      0.00      0.00      0.00      0.00      0.00    100.00
01:42:30         20      0.00      0.00      0.00      0.00      0.00    100.00
01:42:30         21     12.00      0.00      3.00      0.00      0.00     85.00
01:42:30         22     11.00      0.00      2.00      0.00      0.00     87.00
01:42:30         23      5.00      0.00      0.00      0.00      0.00     95.00
01:42:30         24      1.00      0.00      1.00      0.00      0.00     98.00
01:42:30         25      0.00      0.00      0.00      0.00      0.00    100.00
01:42:30         26      0.98      0.00      0.98      0.00      0.00     98.04
01:42:30         27      1.00      0.00      1.00      0.00      0.00     98.00
01:42:30         28      1.00      0.00      0.00      0.00      0.00     99.00
01:42:30         29      0.00      0.00      0.00      0.00      0.00    100.00
01:42:30         30      0.00      0.00      1.01      0.00      0.00     98.99
01:42:30         31      1.01      0.00      0.00      0.00      0.00     98.99
01:42:30         32      3.00      0.00      1.00      0.00      0.00     96.00
01:42:30         33      0.00      0.00      0.00      0.00      0.00    100.00
01:42:30         34     18.00      0.00      1.00      0.00      0.00     81.00
01:42:30         35      0.00      0.00      0.00      0.00      0.00    100.00
01:42:30         36      0.00      0.00      0.00      0.00      0.00    100.00
01:42:30         37      0.99      0.00      0.99      0.00      0.00     98.02
01:42:30         38      1.00      0.00      0.00      0.00      0.00     99.00
01:42:30         39      1.00      0.00      0.00      0.00      0.00     99.00

01:42:30        CPU     %user     %nice   %system   %iowait    %steal     %idle
01:42:31        all      6.02      0.00      1.78      0.25      0.00     91.95
01:42:31          0      6.06      0.00      2.02      0.00      0.00     91.92
01:42:31          1     16.83      0.00      3.96      1.98      0.00     77.23
01:42:31          2     11.11      0.00      1.01      0.00      0.00     87.88
01:42:31          3      1.00      0.00      1.00      0.00      0.00     98.00
01:42:31          4     22.77      0.00      1.98      2.97      0.00     72.28
01:42:31          5     15.00      0.00      5.00      2.00      0.00     78.00
01:42:31          6      0.99      0.00      2.97      0.00      0.00     96.04
01:42:31          7      9.00      0.00      2.00      0.00      0.00     89.00
01:42:31          8      4.04      0.00      1.01      0.00      0.00     94.95
01:42:31          9      6.00      0.00      2.00      0.00      0.00     92.00
01:42:31         10      2.02      0.00      0.00      0.00      0.00     97.98
01:42:31         11      1.98      0.00      1.98      0.00      0.00     96.04
01:42:31         12     29.00      0.00      5.00      0.00      0.00     66.00
01:42:31         13      0.00      0.00      0.00      0.00      0.00    100.00
01:42:31         14      2.00      0.00      1.00      0.00      0.00     97.00
01:42:31         15      0.00      0.00      0.00      0.00      0.00    100.00
01:42:31         16      0.00      0.00      0.00      0.00      0.00    100.00
01:42:31         17      0.00      0.00      0.00      0.00      0.00    100.00
01:42:31         18      1.00      0.00      0.00      0.00      0.00     99.00
01:42:31         19      0.00      0.00      0.00      0.00      0.00    100.00
01:42:31         20      6.00      0.00      2.00      0.00      0.00     92.00
01:42:31         21      7.00      0.00      0.00      0.00      0.00     93.00
01:42:31         22      8.08      0.00      1.01      0.00      0.00     90.91
01:42:31         23      1.98      0.00      0.99      0.00      0.00     97.03
01:42:31         24     20.00      0.00      5.00      0.00      0.00     75.00
01:42:31         25      3.00      0.00      2.00      0.00      0.00     95.00
01:42:31         26      0.00      0.00      0.00      0.00      0.00    100.00
01:42:31         27      2.02      0.00      3.03      0.00      0.00     94.95
01:42:31         28      1.00      0.00      4.00      0.00      0.00     95.00
01:42:31         29      0.00      0.00      1.00      0.00      0.00     99.00
01:42:31         30      5.94      0.00      1.98      0.00      0.00     92.08
01:42:31         31      0.00      0.00      2.00      0.00      0.00     98.00
01:42:31         32      1.00      0.00      1.00      0.00      0.00     98.00
01:42:31         33      0.99      0.00      2.97      0.00      0.00     96.04
01:42:31         34     33.67      0.00      4.08      0.00      0.00     62.24
01:42:31         35      3.03      0.00      2.02      2.02      0.00     92.93
01:42:31         36      4.04      0.00      2.02      0.00      0.00     93.94
01:42:31         37      7.00      0.00      2.00      0.00      0.00     91.00
01:42:31         38      4.08      0.00      1.02      0.00      0.00     94.90
01:42:31         39      5.05      0.00      2.02      2.02      0.00     90.91

01:42:31        CPU     %user     %nice   %system   %iowait    %steal     %idle
01:42:32        all      0.00      0.00      0.03      0.00      0.00     99.98
01:42:32          0      0.00      0.00      0.00      0.00      0.00    100.00
01:42:32          1      0.00      0.00      0.00      0.00      0.00    100.00
01:42:32          2      0.00      0.00      0.00      0.00      0.00    100.00
01:42:32          3      0.00      0.00      0.00      0.00      0.00    100.00
01:42:32          4      0.00      0.00      0.00      0.00      0.00    100.00
01:42:32          5      0.00      0.00      0.00      0.00      0.00    100.00
01:42:32          6      0.00      0.00      0.00      0.00      0.00    100.00
01:42:32          7      0.00      0.00      0.00      0.00      0.00    100.00
01:42:32          8      0.00      0.00      0.00      0.00      0.00    100.00
01:42:32          9      0.00      0.00      0.00      0.00      0.00    100.00
01:42:32         10      0.00      0.00      0.00      0.00      0.00    100.00
01:42:32         11      0.00      0.00      0.00      0.00      0.00    100.00
01:42:32         12      0.00      0.00      0.00      0.00      0.00    100.00
01:42:32         13      0.00      0.00      0.00      0.00      0.00    100.00
01:42:32         14      0.00      0.00      0.00      0.00      0.00    100.00
01:42:32         15      0.00      0.00      0.00      0.00      0.00    100.00
01:42:32         16      0.00      0.00      0.00      0.00      0.00    100.00
01:42:32         17      0.00      0.00      0.00      0.00      0.00    100.00
01:42:32         18      0.00      0.00      0.00      0.00      0.00    100.00
01:42:32         19      0.00      0.00      0.00      0.00      0.00    100.00
01:42:32         20      0.00      0.00      0.00      0.00      0.00    100.00
01:42:32         21      0.00      0.00      0.00      0.00      0.00    100.00
01:42:32         22      0.00      0.00      0.00      0.00      0.00    100.00
01:42:32         23      0.00      0.00      0.00      0.00      0.00    100.00
01:42:32         24      0.00      0.00      0.00      0.00      0.00    100.00
01:42:32         25      0.00      0.00      0.00      0.00      0.00    100.00
01:42:32         26      0.00      0.00      0.00      0.00      0.00    100.00
01:42:32         27      0.99      0.00      0.00      0.00      0.00     99.01
01:42:32         28      0.00      0.00      0.99      0.00      0.00     99.01
01:42:32         29      0.00      0.00      0.00      0.00      0.00    100.00
01:42:32         30      0.00      0.00      0.00      0.00      0.00    100.00
01:42:32         31      0.00      0.00      0.00      0.00      0.00    100.00
01:42:32         32      0.00      0.00      0.00      0.00      0.00    100.00
01:42:32         33      0.00      0.00      0.00      0.00      0.00    100.00
01:42:32         34      0.00      0.00      0.00      0.00      0.00    100.00
01:42:32         35      0.00      0.00      0.00      0.00      0.00    100.00
01:42:32         36      0.00      0.00      0.00      0.00      0.00    100.00
01:42:32         37      0.00      0.00      0.00      0.00      0.00    100.00
01:42:32         38      0.00      0.00      0.00      0.00      0.00    100.00
01:42:32         39      0.00      0.00      0.00      0.00      0.00    100.00

01:42:32        CPU     %user     %nice   %system   %iowait    %steal     %idle
01:42:33        all      0.02      0.00      0.05      0.00      0.00     99.93
01:42:33          0      0.00      0.00      0.00      0.00      0.00    100.00
01:42:33          1      0.00      0.00      0.00      0.00      0.00    100.00
01:42:33          2      0.00      0.00      0.00      0.00      0.00    100.00
01:42:33          3      0.00      0.00      0.99      0.00      0.00     99.01
01:42:33          4      0.00      0.00      0.00      0.00      0.00    100.00
01:42:33          5      0.00      0.00      0.00      0.00      0.00    100.00
01:42:33          6      0.00      0.00      0.00      0.00      0.00    100.00
01:42:33          7      0.00      0.00      0.00      0.00      0.00    100.00
01:42:33          8      0.00      0.00      0.00      0.00      0.00    100.00
01:42:33          9      0.00      0.00      0.00      0.00      0.00    100.00
01:42:33         10      0.00      0.00      0.00      0.00      0.00    100.00
01:42:33         11      0.00      0.00      0.00      0.00      0.00    100.00
01:42:33         12      0.00      0.00      0.00      0.00      0.00    100.00
01:42:33         13      0.00      0.00      0.00      0.00      0.00    100.00
01:42:33         14      0.00      0.00      0.00      0.00      0.00    100.00
01:42:33         15      0.00      0.00      0.00      0.00      0.00    100.00
01:42:33         16      0.00      0.00      0.00      0.00      0.00    100.00
01:42:33         17      0.00      0.00      0.00      0.00      0.00    100.00
01:42:33         18      0.00      0.00      0.00      0.00      0.00    100.00
01:42:33         19      0.00      0.00      0.00      0.00      0.00    100.00
01:42:33         20      0.00      0.00      0.00      0.00      0.00    100.00
01:42:33         21      0.00      0.00      0.00      0.00      0.00    100.00
01:42:33         22      0.00      0.00      0.00      0.00      0.00    100.00
01:42:33         23      0.00      0.00      0.00      0.00      0.00    100.00
01:42:33         24      0.00      0.00      0.00      0.00      0.00    100.00
01:42:33         25      0.00      0.00      0.00      0.00      0.00    100.00
01:42:33         26      0.00      0.00      0.00      0.00      0.00    100.00
01:42:33         27      0.00      0.00      0.00      0.00      0.00    100.00
01:42:33         28      0.00      0.00      0.00      0.00      0.00    100.00
01:42:33         29      0.00      0.00      0.00      0.00      0.00    100.00
01:42:33         30      0.00      0.00      0.00      0.00      0.00    100.00
01:42:33         31      0.00      0.00      0.00      0.00      0.00    100.00
01:42:33         32      0.00      0.00      0.00      0.00      0.00    100.00
01:42:33         33      0.00      0.00      0.00      0.00      0.00    100.00
01:42:33         34      0.00      0.00      0.00      0.00      0.00    100.00
01:42:33         35      0.00      0.00      0.00      0.00      0.00    100.00
01:42:33         36      0.00      0.00      0.00      0.00      0.00    100.00
01:42:33         37      0.00      0.00      0.00      0.00      0.00    100.00
01:42:33         38      0.00      0.00      0.00      0.00      0.00    100.00
01:42:33         39      0.00      0.00      0.00      0.00      0.00    100.00

01:42:33        CPU     %user     %nice   %system   %iowait    %steal     %idle
01:42:34        all      0.00      0.00      0.05      0.07      0.00     99.88
01:42:34          0      0.00      0.00      0.00      0.00      0.00    100.00
01:42:34          1      0.00      0.00      0.00      0.00      0.00    100.00
01:42:34          2      0.00      0.00      0.00      0.00      0.00    100.00
01:42:34          3      0.00      0.00      0.00      0.00      0.00    100.00
01:42:34          4      0.00      0.00      0.00      0.00      0.00    100.00
01:42:34          5      0.00      0.00      0.00      0.00      0.00    100.00
01:42:34          6      0.00      0.00      0.00      0.00      0.00    100.00
01:42:34          7      0.00      0.00      0.00      0.00      0.00    100.00
01:42:34          8      0.00      0.00      0.00      0.00      0.00    100.00
01:42:34          9      0.00      0.00      0.00      0.00      0.00    100.00
01:42:34         10      0.00      0.00      0.00      0.00      0.00    100.00
01:42:34         11      0.00      0.00      0.00      0.00      0.00    100.00
01:42:34         12      0.00      0.00      0.00      0.00      0.00    100.00
01:42:34         13      0.00      0.00      0.00      0.00      0.00    100.00
01:42:34         14      0.00      0.00      0.00      0.00      0.00    100.00
01:42:34         15      0.00      0.00      0.00      0.00      0.00    100.00
01:42:34         16      0.00      0.00      0.00      0.00      0.00    100.00
01:42:34         17      0.00      0.00      0.00      0.00      0.00    100.00
01:42:34         18      0.00      0.00      0.00      0.00      0.00    100.00
01:42:34         19      0.00      0.00      0.00      0.00      0.00    100.00
01:42:34         20      0.00      0.00      0.00      0.00      0.00    100.00
01:42:34         21      0.00      0.00      0.00      0.00      0.00    100.00
01:42:34         22      0.00      0.00      0.00      0.00      0.00    100.00
01:42:34         23      0.00      0.00      0.00      0.00      0.00    100.00
01:42:34         24      0.00      0.00      0.00      0.00      0.00    100.00
01:42:34         25      0.00      0.00      0.00      0.00      0.00    100.00
01:42:34         26      0.00      0.00      0.00      0.00      0.00    100.00
01:42:34         27      0.00      0.00      1.00      0.00      0.00     99.00
01:42:34         28      0.00      0.00      1.00      2.00      0.00     97.00
01:42:34         29      0.00      0.00      0.00      0.00      0.00    100.00
01:42:34         30      0.00      0.00      0.00      0.00      0.00    100.00
01:42:34         31      0.00      0.00      0.00      0.00      0.00    100.00
01:42:34         32      0.00      0.00      0.00      0.00      0.00    100.00
01:42:34         33      0.00      0.00      0.00      0.00      0.00    100.00
01:42:34         34      0.00      0.00      0.00      0.00      0.00    100.00
01:42:34         35      0.00      0.00      0.00      0.00      0.00    100.00
01:42:34         36      0.00      0.00      0.00      0.00      0.00    100.00
01:42:34         37      0.00      0.00      0.00      0.00      0.00    100.00
01:42:34         38      0.00      0.00      0.00      0.00      0.00    100.00
01:42:34         39      0.00      0.00      0.00      0.00      0.00    100.00

01:42:34        CPU     %user     %nice   %system   %iowait    %steal     %idle
01:42:35        all      0.00      0.00      0.00      0.00      0.00    100.00
01:42:35          0      0.00      0.00      0.00      0.00      0.00    100.00
01:42:35          1      0.00      0.00      0.00      0.00      0.00    100.00
01:42:35          2      0.00      0.00      0.00      0.00      0.00    100.00
01:42:35          3      0.00      0.00      0.00      0.00      0.00    100.00
01:42:35          4      0.00      0.00      0.00      0.00      0.00    100.00
01:42:35          5      0.00      0.00      0.00      0.00      0.00    100.00
01:42:35          6      0.00      0.00      0.00      0.00      0.00    100.00
01:42:35          7      0.00      0.00      0.00      0.00      0.00    100.00
01:42:35          8      0.00      0.00      0.00      0.00      0.00    100.00
01:42:35          9      0.00      0.00      0.00      0.00      0.00    100.00
01:42:35         10      0.00      0.00      0.00      0.00      0.00    100.00
01:42:35         11      0.00      0.00      0.00      0.00      0.00    100.00
01:42:35         12      0.00      0.00      0.00      0.00      0.00    100.00
01:42:35         13      0.99      0.00      0.00      0.00      0.00     99.01
01:42:35         14      0.00      0.00      0.00      0.00      0.00    100.00
01:42:35         15      0.00      0.00      0.00      0.00      0.00    100.00
01:42:35         16      0.00      0.00      0.00      0.00      0.00    100.00
01:42:35         17      0.00      0.00      0.00      0.00      0.00    100.00
01:42:35         18      0.00      0.00      0.00      0.00      0.00    100.00
01:42:35         19      0.00      0.00      0.00      0.00      0.00    100.00
01:42:35         20      0.00      0.00      0.00      0.00      0.00    100.00
01:42:35         21      0.00      0.00      0.00      0.00      0.00    100.00
01:42:35         22      0.00      0.00      0.00      0.00      0.00    100.00
01:42:35         23      0.00      0.00      0.00      0.00      0.00    100.00
01:42:35         24      0.00      0.00      0.00      0.00      0.00    100.00
01:42:35         25      0.00      0.00      0.00      0.00      0.00    100.00
01:42:35         26      0.00      0.00      0.00      0.00      0.00    100.00
01:42:35         27      0.00      0.00      0.00      0.00      0.00    100.00
01:42:35         28      0.00      0.00      0.00      0.00      0.00    100.00
01:42:35         29      0.00      0.00      0.00      0.00      0.00    100.00
01:42:35         30      0.00      0.00      0.00      0.00      0.00    100.00
01:42:35         31      0.00      0.00      0.00      0.00      0.00    100.00
01:42:35         32      0.00      0.00      0.00      0.00      0.00    100.00
01:42:35         33      0.00      0.00      0.00      0.00      0.00    100.00
01:42:35         34      0.00      0.00      0.00      0.00      0.00    100.00
01:42:35         35      0.00      0.00      0.00      0.00      0.00    100.00
01:42:35         36      0.00      0.00      0.00      0.00      0.00    100.00
01:42:35         37      0.00      0.00      0.00      0.00      0.00    100.00
01:42:35         38      0.00      0.00      0.00      0.00      0.00    100.00
01:42:35         39      0.00      0.00      0.00      0.00      0.00    100.00

01:42:35        CPU     %user     %nice   %system   %iowait    %steal     %idle
01:42:36        all      0.02      0.00      0.02      0.00      0.00     99.95
01:42:36          0      0.00      0.00      0.00      0.00      0.00    100.00
01:42:36          1      0.00      0.00      0.00      0.00      0.00    100.00
01:42:36          2      0.00      0.00      0.00      0.00      0.00    100.00
01:42:36          3      0.00      0.00      0.00      0.00      0.00    100.00
01:42:36          4      0.00      0.00      0.00      0.00      0.00    100.00
01:42:36          5      0.00      0.00      0.00      0.00      0.00    100.00
01:42:36          6      0.00      0.00      0.00      0.00      0.00    100.00
01:42:36          7      0.00      0.00      0.00      0.00      0.00    100.00
01:42:36          8      0.00      0.00      0.00      0.00      0.00    100.00
01:42:36          9      0.00      0.00      0.00      0.00      0.00    100.00
01:42:36         10      0.00      0.00      0.00      0.00      0.00    100.00
01:42:36         11      0.00      0.00      0.00      0.00      0.00    100.00
01:42:36         12      0.00      0.00      0.00      0.00      0.00    100.00
01:42:36         13      0.00      0.00      0.00      0.00      0.00    100.00
01:42:36         14      0.00      0.00      0.00      0.00      0.00    100.00
01:42:36         15      0.00      0.00      0.00      0.00      0.00    100.00
01:42:36         16      0.00      0.00      0.00      0.00      0.00    100.00
01:42:36         17      0.00      0.00      0.00      0.00      0.00    100.00
01:42:36         18      0.00      0.00      0.00      0.00      0.00    100.00
01:42:36         19      0.00      0.00      0.00      0.00      0.00    100.00
01:42:36         20      0.00      0.00      0.00      0.00      0.00    100.00
01:42:36         21      0.00      0.00      0.00      0.00      0.00    100.00
01:42:36         22      0.00      0.00      0.00      0.00      0.00    100.00
01:42:36         23      0.00      0.00      0.00      0.00      0.00    100.00
01:42:36         24      0.00      0.00      0.00      0.00      0.00    100.00
01:42:36         25      0.00      0.00      0.00      0.00      0.00    100.00
01:42:36         26      0.00      0.00      0.00      0.00      0.00    100.00
01:42:36         27      0.00      0.00      0.00      0.00      0.00    100.00
01:42:36         28      0.00      0.00      0.99      0.00      0.00     99.01
01:42:36         29      0.00      0.00      0.00      0.00      0.00    100.00
01:42:36         30      0.00      0.00      0.00      0.00      0.00    100.00
01:42:36         31      0.00      0.00      0.00      0.00      0.00    100.00
01:42:36         32      0.00      0.00      0.99      0.00      0.00     99.01
01:42:36         33      0.00      0.00      0.00      0.00      0.00    100.00
01:42:36         34      0.00      0.00      0.00      0.00      0.00    100.00
01:42:36         35      0.00      0.00      0.00      0.00      0.00    100.00
01:42:36         36      0.00      0.00      0.00      0.00      0.00    100.00
01:42:36         37      0.00      0.00      0.00      0.00      0.00    100.00
01:42:36         38      0.00      0.00      0.00      0.00      0.00    100.00
01:42:36         39      0.00      0.00      0.00      0.00      0.00    100.00

01:42:36        CPU     %user     %nice   %system   %iowait    %steal     %idle
01:42:37        all      0.03      0.00      0.03      0.00      0.00     99.95
01:42:37          0      0.00      0.00      0.00      0.00      0.00    100.00
01:42:37          1      0.00      0.00      0.00      0.00      0.00    100.00
01:42:37          2      0.00      0.00      0.00      0.00      0.00    100.00
01:42:37          3      0.00      0.00      0.00      0.00      0.00    100.00
01:42:37          4      0.00      0.00      0.00      0.00      0.00    100.00
01:42:37          5      0.00      0.00      0.00      0.00      0.00    100.00
01:42:37          6      0.00      0.00      0.00      0.00      0.00    100.00
01:42:37          7      0.00      0.00      0.00      0.00      0.00    100.00
01:42:37          8      0.00      0.00      0.00      0.00      0.00    100.00
01:42:37          9      0.00      0.00      0.00      0.00      0.00    100.00
01:42:37         10      0.00      0.00      0.00      0.00      0.00    100.00
01:42:37         11      0.00      0.00      0.00      0.00      0.00    100.00
01:42:37         12      0.00      0.00      0.00      0.00      0.00    100.00
01:42:37         13      0.00      0.00      0.00      0.00      0.00    100.00
01:42:37         14      0.00      0.00      0.00      0.00      0.00    100.00
01:42:37         15      0.00      0.00      0.00      0.00      0.00    100.00
01:42:37         16      0.00      0.00      0.00      0.00      0.00    100.00
01:42:37         17      0.00      0.00      0.00      0.00      0.00    100.00
01:42:37         18      0.00      0.00      0.00      0.00      0.00    100.00
01:42:37         19      0.00      0.00      0.00      0.00      0.00    100.00
01:42:37         20      0.00      0.00      0.00      0.00      0.00    100.00
01:42:37         21      0.00      0.00      0.00      0.00      0.00    100.00
01:42:37         22      0.00      0.00      0.00      0.00      0.00    100.00
01:42:37         23      0.00      0.00      0.00      0.00      0.00    100.00
01:42:37         24      0.00      0.00      0.00      0.00      0.00    100.00
01:42:37         25      0.00      0.00      0.00      0.00      0.00    100.00
01:42:37         26      0.00      0.00      0.00      0.00      0.00    100.00
01:42:37         27      0.99      0.00      0.00      0.00      0.00     99.01
01:42:37         28      0.00      0.00      0.00      0.00      0.00    100.00
01:42:37         29      0.00      0.00      0.00      0.00      0.00    100.00
01:42:37         30      0.00      0.00      0.00      0.00      0.00    100.00
01:42:37         31      0.00      0.00      0.00      0.00      0.00    100.00
01:42:37         32      0.00      0.00      0.00      0.00      0.00    100.00
01:42:37         33      0.00      0.00      0.00      0.00      0.00    100.00
01:42:37         34      0.00      0.00      0.00      0.00      0.00    100.00
01:42:37         35      0.00      0.00      0.00      0.00      0.00    100.00
01:42:37         36      0.00      0.00      0.00      0.00      0.00    100.00
01:42:37         37      0.00      0.00      0.00      0.00      0.00    100.00
01:42:37         38      0.00      0.00      0.00      0.00      0.00    100.00
01:42:37         39      0.00      0.00      0.00      0.00      0.00    100.00

01:42:37        CPU     %user     %nice   %system   %iowait    %steal     %idle
01:42:38        all      0.00      0.00      0.03      0.00      0.00     99.98
01:42:38          0      0.00      0.00      0.00      0.00      0.00    100.00
01:42:38          1      0.00      0.00      0.00      0.00      0.00    100.00
01:42:38          2      0.00      0.00      0.00      0.00      0.00    100.00
01:42:38          3      0.00      0.00      0.00      0.00      0.00    100.00
01:42:38          4      0.00      0.00      0.00      0.00      0.00    100.00
01:42:38          5      0.00      0.00      0.00      0.00      0.00    100.00
01:42:38          6      0.00      0.00      0.00      0.00      0.00    100.00
01:42:38          7      0.00      0.00      0.00      0.00      0.00    100.00
01:42:38          8      0.00      0.00      0.00      0.00      0.00    100.00
01:42:38          9      0.00      0.00      0.00      0.00      0.00    100.00
01:42:38         10      0.00      0.00      0.00      0.00      0.00    100.00
01:42:38         11      0.00      0.00      0.00      0.00      0.00    100.00
01:42:38         12      0.00      0.00      0.00      0.00      0.00    100.00
01:42:38         13      0.00      0.00      0.00      0.00      0.00    100.00
01:42:38         14      0.00      0.00      0.00      0.00      0.00    100.00
01:42:38         15      0.00      0.00      0.00      0.00      0.00    100.00
01:42:38         16      0.00      0.00      0.00      0.00      0.00    100.00
01:42:38         17      0.00      0.00      0.00      0.00      0.00    100.00
01:42:38         18      0.00      0.00      0.00      0.00      0.00    100.00
01:42:38         19      0.00      0.00      0.00      0.00      0.00    100.00
01:42:38         20      0.00      0.00      0.00      0.00      0.00    100.00
01:42:38         21      0.00      0.00      0.00      0.00      0.00    100.00
01:42:38         22      0.00      0.00      0.00      0.00      0.00    100.00
01:42:38         23      0.00      0.00      0.00      0.00      0.00    100.00
01:42:38         24      0.00      0.00      0.00      0.00      0.00    100.00
01:42:38         25      0.00      0.00      0.00      0.00      0.00    100.00
01:42:38         26      0.00      0.00      0.00      0.00      0.00    100.00
01:42:38         27      0.00      0.00      0.00      0.00      0.00    100.00
01:42:38         28      0.00      0.00      0.00      0.00      0.00    100.00
01:42:38         29      0.00      0.00      0.00      0.00      0.00    100.00
01:42:38         30      0.00      0.00      0.00      0.00      0.00    100.00
01:42:38         31      0.00      0.00      0.00      0.00      0.00    100.00
01:42:38         32      0.00      0.00      0.00      0.00      0.00    100.00
01:42:38         33      0.00      0.00      0.00      0.00      0.00    100.00
01:42:38         34      0.00      0.00      0.00      0.00      0.00    100.00
01:42:38         35      0.00      0.00      0.00      0.00      0.00    100.00
01:42:38         36      0.00      0.00      0.00      0.00      0.00    100.00
01:42:38         37      0.00      0.00      0.00      0.00      0.00    100.00
01:42:38         38      0.00      0.00      0.00      0.00      0.00    100.00
01:42:38         39      0.00      0.00      0.00      0.00      0.00    100.00

01:42:38        CPU     %user     %nice   %system   %iowait    %steal     %idle
01:42:39        all      0.00      0.00      0.03      0.00      0.00     99.97
01:42:39          0      0.00      0.00      0.00      0.00      0.00    100.00
01:42:39          1      0.00      0.00      0.00      0.00      0.00    100.00
01:42:39          2      0.00      0.00      0.00      0.00      0.00    100.00
01:42:39          3      0.99      0.00      0.00      0.00      0.00     99.01
01:42:39          4      0.00      0.00      0.00      0.00      0.00    100.00
01:42:39          5      0.00      0.00      0.00      0.00      0.00    100.00
01:42:39          6      0.00      0.00      0.00      0.00      0.00    100.00
01:42:39          7      0.00      0.00      0.00      0.00      0.00    100.00
01:42:39          8      0.00      0.00      0.00      0.00      0.00    100.00
01:42:39          9      0.00      0.00      0.00      0.00      0.00    100.00
01:42:39         10      0.00      0.00      0.00      0.00      0.00    100.00
01:42:39         11      0.00      0.00      0.00      0.00      0.00    100.00
01:42:39         12      0.00      0.00      0.00      0.00      0.00    100.00
01:42:39         13      0.00      0.00      1.00      0.00      0.00     99.00
01:42:39         14      0.00      0.00      0.00      0.00      0.00    100.00
01:42:39         15      0.00      0.00      0.00      0.00      0.00    100.00
01:42:39         16      0.00      0.00      0.00      0.00      0.00    100.00
01:42:39         17      0.00      0.00      0.00      0.00      0.00    100.00
01:42:39         18      0.00      0.00      0.00      0.00      0.00    100.00
01:42:39         19      0.00      0.00      0.00      0.00      0.00    100.00
01:42:39         20      0.00      0.00      0.00      0.00      0.00    100.00
01:42:39         21      0.00      0.00      0.00      0.00      0.00    100.00
01:42:39         22      0.00      0.00      0.00      0.00      0.00    100.00
01:42:39         23      0.00      0.00      0.00      0.00      0.00    100.00
01:42:39         24      0.00      0.00      0.00      0.00      0.00    100.00
01:42:39         25      0.00      0.00      0.00      0.00      0.00    100.00
01:42:39         26      0.00      0.00      0.00      0.00      0.00    100.00
01:42:39         27      0.00      0.00      0.00      0.00      0.00    100.00
01:42:39         28      0.00      0.00      0.99      0.00      0.00     99.01
01:42:39         29      0.00      0.00      0.00      0.00      0.00    100.00
01:42:39         30      0.00      0.00      0.00      0.00      0.00    100.00
01:42:39         31      0.00      0.00      0.00      0.00      0.00    100.00
01:42:39         32      0.00      0.00      0.00      0.00      0.00    100.00
01:42:39         33      0.00      0.00      0.00      0.00      0.00    100.00
01:42:39         34      0.00      0.00      0.00      0.00      0.00    100.00
01:42:39         35      0.00      0.00      0.00      0.00      0.00    100.00
01:42:39         36      0.00      0.00      0.00      0.00      0.00    100.00
01:42:39         37      0.00      0.00      0.00      0.00      0.00    100.00
01:42:39         38      0.00      0.00      0.00      0.00      0.00    100.00
01:42:39         39      0.00      0.00      0.00      0.00      0.00    100.00

01:42:39        CPU     %user     %nice   %system   %iowait    %steal     %idle
01:42:40        all      0.62      0.00      0.10      0.00      0.00     99.28
01:42:40          0      0.00      0.00      0.00      0.00      0.00    100.00
01:42:40          1      0.00      0.00      0.00      0.00      0.00    100.00
01:42:40          2      0.00      0.00      1.00      0.00      0.00     99.00
01:42:40          3      0.00      0.00      0.00      0.00      0.00    100.00
01:42:40          4      0.00      0.00      0.00      0.00      0.00    100.00
01:42:40          5      0.00      0.00      0.00      0.00      0.00    100.00
01:42:40          6      0.00      0.00      0.00      0.00      0.00    100.00
01:42:40          7      0.00      0.00      0.00      0.00      0.00    100.00
01:42:40          8      0.00      0.00      0.00      0.00      0.00    100.00
01:42:40          9      0.00      0.00      0.00      0.00      0.00    100.00
01:42:40         10      0.00      0.00      0.00      0.00      0.00    100.00
01:42:40         11     21.00      0.00      1.00      0.00      0.00     78.00
01:42:40         12      0.00      0.00      0.99      0.00      0.00     99.01
01:42:40         13      0.00      0.00      0.00      0.00      0.00    100.00
01:42:40         14      0.00      0.00      0.00      0.00      0.00    100.00
01:42:40         15      0.00      0.00      0.00      0.00      0.00    100.00
01:42:40         16      0.00      0.00      0.00      0.00      0.00    100.00
01:42:40         17      0.00      0.00      0.00      0.00      0.00    100.00
01:42:40         18      0.00      0.00      0.00      0.00      0.00    100.00
01:42:40         19      0.00      0.00      0.00      0.00      0.00    100.00
01:42:40         20      0.00      0.00      0.00      0.00      0.00    100.00
01:42:40         21      0.00      0.00      0.00      0.00      0.00    100.00
01:42:40         22      0.00      0.00      1.00      0.00      0.00     99.00
01:42:40         23      0.00      0.00      0.00      0.00      0.00    100.00
01:42:40         24      0.00      0.00      0.00      0.00      0.00    100.00
01:42:40         25      0.00      0.00      0.00      0.00      0.00    100.00
01:42:40         26      0.00      0.00      0.00      0.00      0.00    100.00
01:42:40         27      0.99      0.00      0.00      0.00      0.00     99.01
01:42:40         28      0.99      0.00      0.99      0.00      0.00     98.02
01:42:40         29      0.00      0.00      0.00      0.00      0.00    100.00
01:42:40         30      0.00      0.00      0.00      0.00      0.00    100.00
01:42:40         31      0.00      0.00      0.00      0.00      0.00    100.00
01:42:40         32      0.00      0.00      0.00      0.00      0.00    100.00
01:42:40         33      0.00      0.00      0.00      0.00      0.00    100.00
01:42:40         34      0.00      0.00      0.00      0.00      0.00    100.00
01:42:40         35      0.00      0.00      0.00      0.00      0.00    100.00
01:42:40         36      0.00      0.00      0.00      0.00      0.00    100.00
01:42:40         37      0.00      0.00      0.00      0.00      0.00    100.00
01:42:40         38      1.00      0.00      0.00      0.00      0.00     99.00
01:42:40         39      0.00      0.00      0.00      0.00      0.00    100.00

01:42:40        CPU     %user     %nice   %system   %iowait    %steal     %idle
01:42:41        all      1.18      0.00      0.35      0.03      0.00     98.45
01:42:41          0      0.00      0.00      0.00      0.00      0.00    100.00
01:42:41          1      0.00      0.00      0.99      0.00      0.00     99.01
01:42:41          2      5.00      0.00      2.00      0.00      0.00     93.00
01:42:41          3      0.00      0.00      2.02      0.00      0.00     97.98
01:42:41          4      0.00      0.00      0.00      0.00      0.00    100.00
01:42:41          5      0.00      0.00      0.00      0.00      0.00    100.00
01:42:41          6      0.00      0.00      0.99      0.00      0.00     99.01
01:42:41          7      1.00      0.00      0.00      0.00      0.00     99.00
01:42:41          8      0.00      0.00      0.00      0.00      0.00    100.00
01:42:41          9      0.00      0.00      0.00      0.00      0.00    100.00
01:42:41         10      0.00      0.00      0.00      0.00      0.00    100.00
01:42:41         11     35.00      0.00      4.00      0.00      0.00     61.00
01:42:41         12      0.00      0.00      0.00      0.00      0.00    100.00
01:42:41         13      1.00      0.00      0.00      0.00      0.00     99.00
01:42:41         14      0.00      0.00      0.00      0.00      0.00    100.00
01:42:41         15      0.00      0.00      0.00      0.00      0.00    100.00
01:42:41         16      0.00      0.00      0.99      0.00      0.00     99.01
01:42:41         17      0.00      0.00      0.00      0.00      0.00    100.00
01:42:41         18      0.00      0.00      0.00      0.00      0.00    100.00
01:42:41         19      0.00      0.00      0.00      0.00      0.00    100.00
01:42:41         20      0.00      0.00      0.00      0.00      0.00    100.00
01:42:41         21      0.00      0.00      0.00      0.00      0.00    100.00
01:42:41         22      0.00      0.00      0.00      0.00      0.00    100.00
01:42:41         23      0.99      0.00      0.99      0.99      0.00     97.03
01:42:41         24      0.00      0.00      0.00      0.00      0.00    100.00
01:42:41         25      0.00      0.00      0.00      0.00      0.00    100.00
01:42:41         26      0.00      0.00      1.00      0.00      0.00     99.00
01:42:41         27      0.00      0.00      1.00      0.00      0.00     99.00
01:42:41         28      0.00      0.00      0.00      0.00      0.00    100.00
01:42:41         29      0.00      0.00      1.00      0.00      0.00     99.00
01:42:41         30      0.00      0.00      0.00      0.00      0.00    100.00
01:42:41         31      0.00      0.00      0.00      0.00      0.00    100.00
01:42:41         32      1.00      0.00      0.00      0.00      0.00     99.00
01:42:41         33      0.00      0.00      0.00      0.00      0.00    100.00
01:42:41         34      1.00      0.00      0.00      0.00      0.00     99.00
01:42:41         35      0.00      0.00      0.00      0.00      0.00    100.00
01:42:41         36      0.00      0.00      0.00      0.00      0.00    100.00
01:42:41         37      0.99      0.00      0.00      0.00      0.00     99.01
01:42:41         38      0.00      0.00      0.00      0.00      0.00    100.00
01:42:41         39      0.99      0.00      0.99      0.00      0.00     98.02

01:42:41        CPU     %user     %nice   %system   %iowait    %steal     %idle
01:42:42        all      0.05      0.00      0.02      0.00      0.00     99.93
01:42:42          0      0.00      0.00      0.00      0.00      0.00    100.00
01:42:42          1      0.00      0.00      0.00      0.00      0.00    100.00
01:42:42          2      0.00      0.00      0.00      0.00      0.00    100.00
01:42:42          3      0.00      0.00      0.00      0.00      0.00    100.00
01:42:42          4      0.00      0.00      0.00      0.00      0.00    100.00
01:42:42          5      0.00      0.00      0.00      0.00      0.00    100.00
01:42:42          6      0.00      0.00      0.00      0.00      0.00    100.00
01:42:42          7      0.00      0.00      0.00      0.00      0.00    100.00
01:42:42          8      0.00      0.00      0.00      0.00      0.00    100.00
01:42:42          9      0.00      0.00      0.00      0.00      0.00    100.00
01:42:42         10      0.00      0.00      0.00      0.00      0.00    100.00
01:42:42         11      0.00      0.00      0.00      0.00      0.00    100.00
01:42:42         12      0.00      0.00      0.00      0.00      0.00    100.00
01:42:42         13      0.00      0.00      0.00      0.00      0.00    100.00
01:42:42         14      0.00      0.00      0.00      0.00      0.00    100.00
01:42:42         15      0.00      0.00      0.00      0.00      0.00    100.00
01:42:42         16      0.00      0.00      0.00      0.00      0.00    100.00
01:42:42         17      0.00      0.00      0.00      0.00      0.00    100.00
01:42:42         18      0.00      0.00      0.00      0.00      0.00    100.00
01:42:42         19      0.00      0.00      0.00      0.00      0.00    100.00
01:42:42         20      0.00      0.00      0.00      0.00      0.00    100.00
01:42:42         21      0.00      0.00      0.00      0.00      0.00    100.00
01:42:42         22      0.00      0.00      0.00      0.00      0.00    100.00
01:42:42         23      0.00      0.00      0.00      0.00      0.00    100.00
01:42:42         24      0.00      0.00      0.00      0.00      0.00    100.00
01:42:42         25      0.00      0.00      0.00      0.00      0.00    100.00
01:42:42         26      0.00      0.00      0.00      0.00      0.00    100.00
01:42:42         27      0.99      0.00      0.00      0.00      0.00     99.01
01:42:42         28      0.98      0.00      0.98      0.00      0.00     98.04
01:42:42         29      0.00      0.00      0.00      0.00      0.00    100.00
01:42:42         30      0.00      0.00      0.00      0.00      0.00    100.00
01:42:42         31      0.00      0.00      0.00      0.00      0.00    100.00
01:42:42         32      0.00      0.00      0.00      0.00      0.00    100.00
01:42:42         33      0.00      0.00      0.00      0.00      0.00    100.00
01:42:42         34      0.00      0.00      0.00      0.00      0.00    100.00
01:42:42         35      0.00      0.00      0.00      0.00      0.00    100.00
01:42:42         36      0.00      0.00      0.00      0.00      0.00    100.00
01:42:42         37      0.00      0.00      0.00      0.00      0.00    100.00
01:42:42         38      0.00      0.00      0.00      0.00      0.00    100.00
01:42:42         39      0.00      0.00      0.00      0.00      0.00    100.00

01:42:42        CPU     %user     %nice   %system   %iowait    %steal     %idle
01:42:43        all      0.75      0.00      0.17      0.00      0.00     99.08
01:42:43          0      0.00      0.00      0.00      0.00      0.00    100.00
01:42:43          1      0.99      0.00      0.00      0.00      0.00     99.01
01:42:43          2      0.00      0.00      0.00      0.00      0.00    100.00
01:42:43          3      0.00      0.00      0.00      0.00      0.00    100.00
01:42:43          4      0.00      0.00      0.00      0.00      0.00    100.00
01:42:43          5      0.00      0.00      1.00      0.00      0.00     99.00
01:42:43          6      0.00      0.00      0.00      0.00      0.00    100.00
01:42:43          7      0.00      0.00      0.00      0.00      0.00    100.00
01:42:43          8      0.00      0.00      0.00      0.00      0.00    100.00
01:42:43          9      0.00      0.00      1.00      0.00      0.00     99.00
01:42:43         10      1.00      0.00      0.00      0.00      0.00     99.00
01:42:43         11      0.00      0.00      0.00      0.00      0.00    100.00
01:42:43         12      0.00      0.00      0.00      0.00      0.00    100.00
01:42:43         13      0.00      0.00      0.00      0.00      0.00    100.00
01:42:43         14      0.00      0.00      0.00      0.00      0.00    100.00
01:42:43         15      0.00      0.00      0.00      0.00      0.00    100.00
01:42:43         16      0.00      0.00      0.00      0.00      0.00    100.00
01:42:43         17      0.00      0.00      0.00      0.00      0.00    100.00
01:42:43         18      0.00      0.00      0.00      0.00      0.00    100.00
01:42:43         19      0.00      0.00      0.00      0.00      0.00    100.00
01:42:43         20      0.00      0.00      0.00      0.00      0.00    100.00
01:42:43         21      0.00      0.00      0.00      0.00      0.00    100.00
01:42:43         22      0.00      0.00      0.00      0.00      0.00    100.00
01:42:43         23      0.00      0.00      0.00      0.00      0.00    100.00
01:42:43         24      0.00      0.00      0.00      0.00      0.00    100.00
01:42:43         25      0.00      0.00      0.00      0.00      0.00    100.00
01:42:43         26      0.00      0.00      0.00      0.00      0.00    100.00
01:42:43         27      0.00      0.00      0.00      0.00      0.00    100.00
01:42:43         28     26.26      0.00      2.02      0.00      0.00     71.72
01:42:43         29      0.00      0.00      0.00      0.00      0.00    100.00
01:42:43         30      0.00      0.00      0.00      0.00      0.00    100.00
01:42:43         31      0.00      0.00      0.00      0.00      0.00    100.00
01:42:43         32      0.00      0.00      0.00      0.00      0.00    100.00
01:42:43         33      0.00      0.00      0.00      0.00      0.00    100.00
01:42:43         34      0.00      0.00      0.00      0.00      0.00    100.00
01:42:43         35      0.00      0.00      0.00      0.00      0.00    100.00
01:42:43         36      0.00      0.00      0.00      0.00      0.00    100.00
01:42:43         37      0.00      0.00      0.00      0.00      0.00    100.00
01:42:43         38      0.00      0.00      0.00      0.00      0.00    100.00
01:42:43         39      0.00      0.00      0.00      0.00      0.00    100.00
