Linux 6.6.23 (eternity1) 	05/24/25 	_x86_64_	(40 CPU)

03:59:01    kbmemfree   kbavail kbmemused  %memused kbbuffers  kbcached  kbcommit   %commit  kbactive   kbinact   kbdirty
03:59:02     63810540  63649792   1798328      2.74         0    400320   2962772      4.45     60784    681356      6100
03:59:03     63811512  63650384   1797356      2.74         0    400388   2962772      4.45     60796    679568      6108
03:59:04     63812084  63650956   1796784      2.74         0    400392   2962772      4.45     60796    679568      6112
03:59:05     63812096  63650968   1796772      2.74         0    400396   2962772      4.45     60796    679568      6116
03:59:06     63811860  63650732   1797008      2.74         0    400400   2962772      4.45     60796    679568      3076
03:59:07     63811860  63650732   1797008      2.74         0    400400   2962772      4.45     60796    679568      3080
03:59:08     63811868  63650740   1797000      2.74         0    400408   2962772      4.45     60796    679568      3088
03:59:09     63812120  63650992   1796748      2.74         0    400412   2962772      4.45     60796    679568      3092
03:59:10     63811664  63650540   1797204      2.74         0    400420   2962772      4.45     60796    679532      3100
03:59:11     63812052  63650928   1796816      2.74         0    400428   2962772      4.45     60792    679452       604
03:59:12     63812472  63651352   1796396      2.74         0    400428   2962772      4.45     60796    679548        16
03:59:13     63812220  63651100   1796648      2.74         0    400432   2962772      4.45     60796    679384        20
03:59:14     63812068  63650948   1796800      2.74         0    400436   2962772      4.45     60796    679640        24
03:59:15     63808448  63647368   1800420      2.74         0    400440   2965076      4.45     60796    681564      2076
03:59:16     63801304  63640488   1807564      2.76         0    400696   2972728      4.46     60884    687332      4000
03:59:17     63807556  63646832   1801312      2.75         0    400768   2962224      4.45     60904    679552         8
03:59:18     63807212  63646488   1801656      2.75         0    400768   2962224      4.45     60904    679428        16
03:59:19     63807236  63646512   1801632      2.75         0    400776   2962224      4.45     60904    679428        24
03:59:20     63807236  63646512   1801632      2.75         0    400780   2962224      4.45     60904    679428        28
03:59:21     63807236  63646512   1801632      2.75         0    400780   2962224      4.45     60904    679428        28
03:59:22     63807236  63646512   1801632      2.75         0    400796   2962224      4.45     60904    679428        44
03:59:23     63807236  63646512   1801632      2.75         0    400796   2962224      4.45     60904    679428        44
03:59:24     63807236  63646512   1801632      2.75         0    400796   2962224      4.45     60904    679428        44
03:59:25     63807236  63646512   1801632      2.75         0    400804   2962224      4.45     60904    679428        52
03:59:26     63807236  63646512   1801632      2.75         0    400812   2962224      4.45     60904    679428        60
03:59:27     63805640  63644916   1803228      2.75         0    400812   2966624      4.45     60916    682060        60
03:59:28     63805692  63645060   1803176      2.75         0    400864   2966624      4.45     60952    682584        16
03:59:29     63805944  63645312   1802924      2.75         0    400872   2962224      4.45     60948    680212        24
03:59:30     63805944  63645312   1802924      2.75         0    400872   2962224      4.45     60932    679488        24
03:59:31     63805944  63645312   1802924      2.75         0    400884   2962224      4.45     60932    679488        36
03:59:32     63805944  63645312   1802924      2.75         0    400888   2962224      4.45     60932    679488        40
03:59:33     63805944  63645312   1802924      2.75         0    400888   2962224      4.45     60932    679488        40
03:59:34     63805944  63645332   1802924      2.75         0    400892   2962224      4.45     60932    679508        20
03:59:35     63806176  63645564   1802692      2.75         0    400900   2962224      4.45     60932    679508        28
03:59:36     63806176  63645564   1802692      2.75         0    400904   2962224      4.45     60932    679508        32
03:59:37     63806108  63645496   1802760      2.75         0    400916   2962772      4.45     60932    679944        44
03:59:38     63809712  63649136   1799156      2.74         0    400924   2969384      4.46     60932    684352      1980
03:59:39     63799552  63639088   1809316      2.76         0    401040   2971580      4.46     61024    686096      3476
