Linux 6.6.23 (eternity2) 	05/24/25 	_x86_64_	(40 CPU)

03:59:13    kbmemfree   kbavail kbmemused  %memused kbbuffers  kbcached  kbcommit   %commit  kbactive   kbinact   kbdirty
03:59:14     64260944  64015248   1348008      2.05       244    242548   2080448      3.12     52720    286172      2928
03:59:15     64261988  64016292   1346964      2.05       244    242552   2080448      3.12     52708    285344      2932
03:59:16     64261880  64016184   1347072      2.05       244    242560   2080448      3.12     52716    285580      2940
03:59:17     64261904  64016208   1347048      2.05       244    242564   2080448      3.12     52716    285580      1848
03:59:18     64262180  64016484   1346772      2.05       244    242568   2080448      3.12     52716    285624      1544
03:59:19     64262180  64016484   1346772      2.05       244    242572   2080448      3.12     52716    285624      1548
03:59:20     64262180  64016484   1346772      2.05       244    242572   2080448      3.12     52716    285624      1548
03:59:21     64262180  64016484   1346772      2.05       244    242572   2080448      3.12     52716    285624      1548
03:59:22     64262180  64016484   1346772      2.05       244    242588   2080448      3.12     52716    285624       680
03:59:23     64261956  64016260   1346996      2.05       244    242596   2080448      3.12     52716    285624        28
03:59:24     64261712  64016016   1347240      2.05       244    242596   2080448      3.12     52716    285624        28
03:59:25     64261712  64016016   1347240      2.05       244    242600   2080448      3.12     52716    285624        32
03:59:26     64256988  64011292   1351964      2.06       244    242604   2092168      3.14     52716    288364        36
03:59:27     64246612  64001040   1362340      2.08       244    242824   2092328      3.14     52856    297364       576
03:59:28     64185796  63947840   1423156      2.17       244    257988  10647988     15.99     53864    356464       184
03:59:29     64229568  63993276   1379384      2.10       244    261288   2080448      3.12     67860    290152      1364
03:59:30     64230600  63994372   1378352      2.10       244    261340   2080448      3.12     68252    289012      1792
03:59:31     64230932  63994704   1378020      2.10       244    261344   2080448      3.12     68252    289012      1796
03:59:32     64231004  63994776   1377948      2.10       244    261348   2080448      3.12     68252    289012      1800
03:59:33     64231256  63995028   1377696      2.10       244    261356   2080448      3.12     68252    289012      1808
03:59:34     64231256  63995028   1377696      2.10       244    261360   2080448      3.12     68252    289012      1812
03:59:35     64231068  63994840   1377884      2.10       244    261360   2080448      3.12     68252    289012      1812
03:59:36     64231068  63994840   1377884      2.10       244    261364   2082792      3.13     68252    289516      1816
03:59:37     64234400  63998256   1374552      2.10       244    261512   2080448      3.12     68292    290788      2428
03:59:38     64234652  63998508   1374300      2.09       244    261520   2080448      3.12     68332    290032       200
03:59:39     64233852  63997712   1375100      2.10       244    261520   2081908      3.13     68316    290120       468
