Linux 6.6.23 (eternity2) 	05/24/25 	_x86_64_	(40 CPU)

03:59:12        CPU     %user     %nice   %system   %iowait    %steal     %idle
03:59:13        all      2.08      0.00      0.75      1.20      0.00     95.97
03:59:13          0      1.00      0.00      0.00      0.00      0.00     99.00
03:59:13          1     38.00      0.00      6.00      0.00      0.00     56.00
03:59:13          2      2.97      0.00      0.99      0.00      0.00     96.04
03:59:13          3      0.99      0.00      1.98      0.00      0.00     97.03
03:59:13          4      7.07      0.00      0.00      0.00      0.00     92.93
03:59:13          5      3.03      0.00      2.02      8.08      0.00     86.87
03:59:13          6      0.00      0.00      0.00      0.00      0.00    100.00
03:59:13          7      0.00      0.00      0.00      0.00      0.00    100.00
03:59:13          8      0.00      0.00      1.00      0.00      0.00     99.00
03:59:13          9      0.00      0.00      1.00      0.00      0.00     99.00
03:59:13         10     16.33      0.00      1.02     24.49      0.00     58.16
03:59:13         11      0.00      0.00      1.00      3.00      0.00     96.00
03:59:13         12      0.00      0.00      2.00      0.00      0.00     98.00
03:59:13         13      0.00      0.00      1.00      0.00      0.00     99.00
03:59:13         14      0.00      0.00      2.00      5.00      0.00     93.00
03:59:13         15      0.99      0.00      1.98      1.98      0.00     95.05
03:59:13         16      0.00      0.00      0.00      0.00      0.00    100.00
03:59:13         17      1.00      0.00      2.00      0.00      0.00     97.00
03:59:13         18      0.00      0.00      0.00      0.00      0.00    100.00
03:59:13         19      0.00      0.00      1.00      3.00      0.00     96.00
03:59:13         20      1.96      0.00      0.98      0.00      0.00     97.06
03:59:13         21      2.02      0.00      0.00      0.00      0.00     97.98
03:59:13         22      4.04      0.00      1.01      0.00      0.00     94.95
03:59:13         23      0.00      0.00      0.00      0.00      0.00    100.00
03:59:13         24      5.00      0.00      0.00      0.00      0.00     95.00
03:59:13         25      0.00      0.00      0.00      0.00      0.00    100.00
03:59:13         26      0.00      0.00      1.00      0.00      0.00     99.00
03:59:13         27      0.99      0.00      0.00      0.00      0.00     99.01
03:59:13         28      0.00      0.00      0.00      0.00      0.00    100.00
03:59:13         29      0.00      0.00      0.00      0.00      0.00    100.00
03:59:13         30      0.00      0.00      0.00      0.00      0.00    100.00
03:59:13         31      0.00      0.00      0.00      0.00      0.00    100.00
03:59:13         32      0.00      0.00      0.00      0.00      0.00    100.00
03:59:13         33      0.00      0.00      0.00      0.00      0.00    100.00
03:59:13         34      0.00      0.00      0.00      0.00      0.00    100.00
03:59:13         35      0.00      0.00      0.00      0.00      0.00    100.00
03:59:13         36      0.00      0.00      0.00      0.00      0.00    100.00
03:59:13         37      0.00      0.00      0.00      0.00      0.00    100.00
03:59:13         38      0.00      0.00      1.00      0.00      0.00     99.00
03:59:13         39      0.00      0.00      0.00      0.00      0.00    100.00

03:59:13        CPU     %user     %nice   %system   %iowait    %steal     %idle
03:59:14        all      1.80      0.00      0.50      0.00      0.00     97.70
03:59:14          0      0.00      0.00      0.00      0.00      0.00    100.00
03:59:14          1      0.00      0.00      0.99      0.00      0.00     99.01
03:59:14          2      0.00      0.00      1.00      0.00      0.00     99.00
03:59:14          3      0.00      0.00      0.00      0.00      0.00    100.00
03:59:14          4      0.00      0.00      1.96      0.00      0.00     98.04
03:59:14          5      0.00      0.00      0.00      0.00      0.00    100.00
03:59:14          6      0.00      0.00      0.00      0.00      0.00    100.00
03:59:14          7      0.00      0.00      0.00      0.00      0.00    100.00
03:59:14          8      0.00      0.00      0.00      0.00      0.00    100.00
03:59:14          9      0.00      0.00      0.00      0.00      0.00    100.00
03:59:14         10     41.58      0.00      6.93      0.00      0.00     51.49
03:59:14         11      1.00      0.00      1.00      0.00      0.00     98.00
03:59:14         12      0.00      0.00      1.00      0.00      0.00     99.00
03:59:14         13      1.00      0.00      0.00      0.00      0.00     99.00
03:59:14         14      0.00      0.00      0.00      0.00      0.00    100.00
03:59:14         15      0.00      0.00      0.00      0.00      0.00    100.00
03:59:14         16      0.98      0.00      0.98      0.00      0.00     98.04
03:59:14         17      0.00      0.00      0.99      0.00      0.00     99.01
03:59:14         18      0.00      0.00      0.00      0.00      0.00    100.00
03:59:14         19      0.00      0.00      0.00      0.00      0.00    100.00
03:59:14         20      0.00      0.00      0.00      0.00      0.00    100.00
03:59:14         21      0.00      0.00      0.99      0.00      0.00     99.01
03:59:14         22      0.00      0.00      0.00      0.00      0.00    100.00
03:59:14         23      0.00      0.00      0.00      0.00      0.00    100.00
03:59:14         24      0.00      0.00      0.00      0.00      0.00    100.00
03:59:14         25      0.00      0.00      0.00      0.00      0.00    100.00
03:59:14         26      1.01      0.00      0.00      0.00      0.00     98.99
03:59:14         27      0.00      0.00      1.01      0.00      0.00     98.99
03:59:14         28      0.00      0.00      1.00      0.00      0.00     99.00
03:59:14         29      0.00      0.00      0.99      0.00      0.00     99.01
03:59:14         30      0.00      0.00      0.00      0.00      0.00    100.00
03:59:14         31      0.00      0.00      0.00      0.00      0.00    100.00
03:59:14         32      5.05      0.00      1.01      0.00      0.00     93.94
03:59:14         33      0.00      0.00      0.00      0.00      0.00    100.00
03:59:14         34      0.00      0.00      0.00      0.00      0.00    100.00
03:59:14         35     18.18      0.00      1.01      0.00      0.00     80.81
03:59:14         36      2.02      0.00      0.00      0.00      0.00     97.98
03:59:14         37      0.00      0.00      0.00      0.00      0.00    100.00
03:59:14         38      1.00      0.00      0.00      0.00      0.00     99.00
03:59:14         39      0.00      0.00      1.00      0.00      0.00     99.00

03:59:14        CPU     %user     %nice   %system   %iowait    %steal     %idle
03:59:15        all      1.18      0.00      0.30      0.00      0.00     98.52
03:59:15          0      0.00      0.00      1.01      0.00      0.00     98.99
03:59:15          1      6.12      0.00      0.00      0.00      0.00     93.88
03:59:15          2      0.00      0.00      0.00      0.00      0.00    100.00
03:59:15          3      0.99      0.00      0.99      0.00      0.00     98.02
03:59:15          4      0.00      0.00      0.00      0.00      0.00    100.00
03:59:15          5      0.00      0.00      0.00      0.00      0.00    100.00
03:59:15          6      0.00      0.00      0.00      0.00      0.00    100.00
03:59:15          7      0.00      0.00      0.00      0.00      0.00    100.00
03:59:15          8      0.00      0.00      0.00      0.00      0.00    100.00
03:59:15          9      0.00      0.00      0.00      0.00      0.00    100.00
03:59:15         10      0.00      0.00      0.00      0.00      0.00    100.00
03:59:15         11      0.00      0.00      1.00      0.00      0.00     99.00
03:59:15         12      1.00      0.00      0.00      0.00      0.00     99.00
03:59:15         13      0.00      0.00      0.00      0.00      0.00    100.00
03:59:15         14      0.00      0.00      0.00      0.00      0.00    100.00
03:59:15         15     31.31      0.00      5.05      0.00      0.00     63.64
03:59:15         16      0.00      0.00      0.00      0.00      0.00    100.00
03:59:15         17      0.00      0.00      0.00      0.00      0.00    100.00
03:59:15         18      0.00      0.00      0.00      0.00      0.00    100.00
03:59:15         19      0.00      0.00      0.00      0.00      0.00    100.00
03:59:15         20      0.00      0.00      0.00      0.00      0.00    100.00
03:59:15         21      0.00      0.00      0.00      0.00      0.00    100.00
03:59:15         22      0.00      0.00      0.00      0.00      0.00    100.00
03:59:15         23      0.00      0.00      0.00      0.00      0.00    100.00
03:59:15         24      0.00      0.00      0.00      0.00      0.00    100.00
03:59:15         25      0.00      0.00      0.00      0.00      0.00    100.00
03:59:15         26      0.00      0.00      0.99      0.00      0.00     99.01
03:59:15         27      0.00      0.00      0.00      0.00      0.00    100.00
03:59:15         28      0.00      0.00      0.00      0.00      0.00    100.00
03:59:15         29      1.00      0.00      0.00      0.00      0.00     99.00
03:59:15         30      1.01      0.00      0.00      0.00      0.00     98.99
03:59:15         31      0.00      0.00      0.00      0.00      0.00    100.00
03:59:15         32      0.00      0.00      0.00      0.00      0.00    100.00
03:59:15         33      0.00      0.00      0.00      0.00      0.00    100.00
03:59:15         34      0.00      0.00      0.99      0.00      0.00     99.01
03:59:15         35      2.97      0.00      0.00      0.00      0.00     97.03
03:59:15         36      0.98      0.00      0.98      0.00      0.00     98.04
03:59:15         37      0.00      0.00      0.00      0.00      0.00    100.00
03:59:15         38      0.00      0.00      0.00      0.00      0.00    100.00
03:59:15         39      0.99      0.00      0.99      0.00      0.00     98.02

03:59:15        CPU     %user     %nice   %system   %iowait    %steal     %idle
03:59:16        all      0.02      0.00      0.05      0.00      0.00     99.93
03:59:16          0      0.00      0.00      0.00      0.00      0.00    100.00
03:59:16          1      0.00      0.00      0.00      0.00      0.00    100.00
03:59:16          2      0.00      0.00      0.00      0.00      0.00    100.00
03:59:16          3      0.00      0.00      0.00      0.00      0.00    100.00
03:59:16          4      0.00      0.00      0.00      0.00      0.00    100.00
03:59:16          5      0.00      0.00      0.00      0.00      0.00    100.00
03:59:16          6      0.00      0.00      0.00      0.00      0.00    100.00
03:59:16          7      0.00      0.00      0.00      0.00      0.00    100.00
03:59:16          8      0.00      0.00      0.00      0.00      0.00    100.00
03:59:16          9      0.00      0.00      0.00      0.00      0.00    100.00
03:59:16         10      0.00      0.00      0.00      0.00      0.00    100.00
03:59:16         11      0.99      0.00      0.00      0.00      0.00     99.01
03:59:16         12      0.00      0.00      0.00      0.00      0.00    100.00
03:59:16         13      1.00      0.00      0.00      0.00      0.00     99.00
03:59:16         14      0.00      0.00      0.00      0.00      0.00    100.00
03:59:16         15      0.00      0.00      0.00      0.00      0.00    100.00
03:59:16         16      0.00      0.00      0.00      0.00      0.00    100.00
03:59:16         17      0.00      0.00      0.00      0.00      0.00    100.00
03:59:16         18      0.00      0.00      0.00      0.00      0.00    100.00
03:59:16         19      0.00      0.00      0.00      0.00      0.00    100.00
03:59:16         20      0.00      0.00      0.00      0.00      0.00    100.00
03:59:16         21      0.00      0.00      0.00      0.00      0.00    100.00
03:59:16         22      0.00      0.00      0.00      0.00      0.00    100.00
03:59:16         23      0.00      0.00      0.00      0.00      0.00    100.00
03:59:16         24      0.00      0.00      0.00      0.00      0.00    100.00
03:59:16         25      0.00      0.00      0.00      0.00      0.00    100.00
03:59:16         26      0.00      0.00      0.00      0.00      0.00    100.00
03:59:16         27      0.00      0.00      0.00      0.00      0.00    100.00
03:59:16         28      0.00      0.00      0.00      0.00      0.00    100.00
03:59:16         29      0.00      0.00      0.00      0.00      0.00    100.00
03:59:16         30      0.00      0.00      0.00      0.00      0.00    100.00
03:59:16         31      0.00      0.00      0.00      0.00      0.00    100.00
03:59:16         32      0.00      0.00      0.00      0.00      0.00    100.00
03:59:16         33      0.00      0.00      0.00      0.00      0.00    100.00
03:59:16         34      0.00      0.00      0.00      0.00      0.00    100.00
03:59:16         35      0.00      0.00      0.00      0.00      0.00    100.00
03:59:16         36      0.00      0.00      0.00      0.00      0.00    100.00
03:59:16         37      0.00      0.00      0.00      0.00      0.00    100.00
03:59:16         38      0.00      0.00      0.00      0.00      0.00    100.00
03:59:16         39      0.00      0.00      0.00      0.00      0.00    100.00

03:59:16        CPU     %user     %nice   %system   %iowait    %steal     %idle
03:59:17        all      0.00      0.00      0.03      0.00      0.00     99.97
03:59:17          0      0.00      0.00      0.00      0.00      0.00    100.00
03:59:17          1      0.00      0.00      0.00      0.00      0.00    100.00
03:59:17          2      0.00      0.00      0.99      0.00      0.00     99.01
03:59:17          3      0.00      0.00      0.00      0.00      0.00    100.00
03:59:17          4      0.00      0.00      0.00      0.00      0.00    100.00
03:59:17          5      0.00      0.00      0.00      0.00      0.00    100.00
03:59:17          6      0.00      0.00      0.00      0.00      0.00    100.00
03:59:17          7      0.00      0.00      0.00      0.00      0.00    100.00
03:59:17          8      0.00      0.00      0.00      0.00      0.00    100.00
03:59:17          9      0.00      0.00      0.00      0.00      0.00    100.00
03:59:17         10      0.00      0.00      0.00      0.00      0.00    100.00
03:59:17         11      0.00      0.00      0.00      0.00      0.00    100.00
03:59:17         12      0.00      0.00      0.99      0.00      0.00     99.01
03:59:17         13      0.00      0.00      0.99      0.00      0.00     99.01
03:59:17         14      0.00      0.00      0.00      0.00      0.00    100.00
03:59:17         15      0.00      0.00      0.00      0.00      0.00    100.00
03:59:17         16      0.00      0.00      0.00      0.00      0.00    100.00
03:59:17         17      0.00      0.00      0.00      0.00      0.00    100.00
03:59:17         18      0.00      0.00      0.00      0.00      0.00    100.00
03:59:17         19      0.00      0.00      0.00      0.00      0.00    100.00
03:59:17         20      0.00      0.00      0.00      0.00      0.00    100.00
03:59:17         21      0.00      0.00      0.00      0.00      0.00    100.00
03:59:17         22      0.00      0.00      0.00      0.00      0.00    100.00
03:59:17         23      0.00      0.00      0.00      0.00      0.00    100.00
03:59:17         24      0.00      0.00      0.00      0.00      0.00    100.00
03:59:17         25      0.00      0.00      0.00      0.00      0.00    100.00
03:59:17         26      0.00      0.00      0.00      0.00      0.00    100.00
03:59:17         27      0.00      0.00      0.00      0.00      0.00    100.00
03:59:17         28      0.00      0.00      0.00      0.00      0.00    100.00
03:59:17         29      0.00      0.00      0.00      0.00      0.00    100.00
03:59:17         30      0.00      0.00      0.00      0.00      0.00    100.00
03:59:17         31      0.00      0.00      0.00      0.00      0.00    100.00
03:59:17         32      0.00      0.00      0.00      0.00      0.00    100.00
03:59:17         33      0.00      0.00      0.00      0.00      0.00    100.00
03:59:17         34      0.00      0.00      0.00      0.00      0.00    100.00
03:59:17         35      0.00      0.00      0.00      0.00      0.00    100.00
03:59:17         36      0.00      0.00      0.00      0.00      0.00    100.00
03:59:17         37      0.00      0.00      0.00      0.00      0.00    100.00
03:59:17         38      0.00      0.00      0.00      0.00      0.00    100.00
03:59:17         39      0.00      0.00      0.00      0.00      0.00    100.00

03:59:17        CPU     %user     %nice   %system   %iowait    %steal     %idle
03:59:18        all      0.03      0.00      0.03      0.00      0.00     99.95
03:59:18          0      0.00      0.00      0.00      0.00      0.00    100.00
03:59:18          1      0.00      0.00      0.00      0.00      0.00    100.00
03:59:18          2      0.00      0.00      0.00      0.00      0.00    100.00
03:59:18          3      0.00      0.00      0.00      0.00      0.00    100.00
03:59:18          4      0.00      0.00      0.00      0.00      0.00    100.00
03:59:18          5      0.00      0.00      0.00      0.00      0.00    100.00
03:59:18          6      0.00      0.00      0.00      0.00      0.00    100.00
03:59:18          7      0.00      0.00      0.00      0.00      0.00    100.00
03:59:18          8      0.00      0.00      0.00      0.00      0.00    100.00
03:59:18          9      0.00      0.00      0.00      0.00      0.00    100.00
03:59:18         10      0.00      0.00      0.00      0.00      0.00    100.00
03:59:18         11      0.00      0.00      0.00      0.00      0.00    100.00
03:59:18         12      0.00      0.00      0.00      0.00      0.00    100.00
03:59:18         13      0.00      0.00      0.00      0.00      0.00    100.00
03:59:18         14      0.00      0.00      0.00      0.00      0.00    100.00
03:59:18         15      0.00      0.00      0.00      0.00      0.00    100.00
03:59:18         16      0.00      0.00      0.00      0.00      0.00    100.00
03:59:18         17      0.00      0.00      0.00      0.00      0.00    100.00
03:59:18         18      0.00      0.00      0.00      0.00      0.00    100.00
03:59:18         19      0.00      0.00      0.00      0.99      0.00     99.01
03:59:18         20      0.00      0.00      0.00      0.00      0.00    100.00
03:59:18         21      0.00      0.00      0.00      0.00      0.00    100.00
03:59:18         22      0.00      0.00      0.00      0.00      0.00    100.00
03:59:18         23      0.00      0.00      0.00      0.00      0.00    100.00
03:59:18         24      0.00      0.00      0.00      0.00      0.00    100.00
03:59:18         25      0.00      0.00      0.00      0.00      0.00    100.00
03:59:18         26      0.00      0.00      0.00      0.00      0.00    100.00
03:59:18         27      0.00      0.00      0.00      0.00      0.00    100.00
03:59:18         28      0.00      0.00      0.00      0.00      0.00    100.00
03:59:18         29      0.00      0.00      0.00      0.00      0.00    100.00
03:59:18         30      0.00      0.00      0.99      0.00      0.00     99.01
03:59:18         31      0.00      0.00      0.00      0.00      0.00    100.00
03:59:18         32      0.00      0.00      0.00      0.99      0.00     99.01
03:59:18         33      0.00      0.00      0.00      0.00      0.00    100.00
03:59:18         34      0.00      0.00      0.00      0.00      0.00    100.00
03:59:18         35      0.00      0.00      0.00      0.00      0.00    100.00
03:59:18         36      0.00      0.00      0.00      0.00      0.00    100.00
03:59:18         37      0.00      0.00      0.00      0.00      0.00    100.00
03:59:18         38      0.00      0.00      0.00      0.00      0.00    100.00
03:59:18         39      0.00      0.00      0.00      0.00      0.00    100.00

03:59:18        CPU     %user     %nice   %system   %iowait    %steal     %idle
03:59:19        all      0.03      0.00      0.03      0.00      0.00     99.95
03:59:19          0      0.00      0.00      0.00      0.00      0.00    100.00
03:59:19          1      0.00      0.00      0.00      0.00      0.00    100.00
03:59:19          2      0.00      0.00      0.00      0.00      0.00    100.00
03:59:19          3      0.00      0.00      0.00      0.00      0.00    100.00
03:59:19          4      0.00      0.00      0.00      0.00      0.00    100.00
03:59:19          5      0.00      0.00      0.00      0.00      0.00    100.00
03:59:19          6      0.00      0.00      0.00      0.00      0.00    100.00
03:59:19          7      0.00      0.00      0.00      0.00      0.00    100.00
03:59:19          8      0.00      0.00      0.00      0.00      0.00    100.00
03:59:19          9      0.00      0.00      0.00      0.00      0.00    100.00
03:59:19         10      0.00      0.00      0.00      0.00      0.00    100.00
03:59:19         11      0.98      0.00      0.98      0.00      0.00     98.04
03:59:19         12      0.00      0.00      0.00      0.00      0.00    100.00
03:59:19         13      0.00      0.00      0.00      0.00      0.00    100.00
03:59:19         14      0.00      0.00      0.00      0.00      0.00    100.00
03:59:19         15      0.00      0.00      0.00      0.00      0.00    100.00
03:59:19         16      0.00      0.00      0.00      0.00      0.00    100.00
03:59:19         17      0.00      0.00      0.00      0.00      0.00    100.00
03:59:19         18      0.00      0.00      0.00      0.00      0.00    100.00
03:59:19         19      0.00      0.00      0.00      0.00      0.00    100.00
03:59:19         20      0.00      0.00      0.00      0.00      0.00    100.00
03:59:19         21      0.00      0.00      0.00      0.00      0.00    100.00
03:59:19         22      0.00      0.00      0.00      0.00      0.00    100.00
03:59:19         23      0.00      0.00      0.00      0.00      0.00    100.00
03:59:19         24      0.00      0.00      0.00      0.00      0.00    100.00
03:59:19         25      0.00      0.00      0.00      0.00      0.00    100.00
03:59:19         26      0.00      0.00      0.00      0.00      0.00    100.00
03:59:19         27      0.00      0.00      0.00      0.00      0.00    100.00
03:59:19         28      0.00      0.00      0.00      0.00      0.00    100.00
03:59:19         29      0.00      0.00      0.00      0.00      0.00    100.00
03:59:19         30      0.00      0.00      0.00      0.00      0.00    100.00
03:59:19         31      0.00      0.00      0.00      0.00      0.00    100.00
03:59:19         32      0.00      0.00      0.00      0.00      0.00    100.00
03:59:19         33      0.00      0.00      0.00      0.00      0.00    100.00
03:59:19         34      0.00      0.00      0.00      0.00      0.00    100.00
03:59:19         35      0.00      0.00      0.00      0.00      0.00    100.00
03:59:19         36      0.00      0.00      0.00      0.00      0.00    100.00
03:59:19         37      0.00      0.00      0.00      0.00      0.00    100.00
03:59:19         38      0.00      0.00      0.00      0.00      0.00    100.00
03:59:19         39      0.00      0.00      0.00      0.00      0.00    100.00

03:59:19        CPU     %user     %nice   %system   %iowait    %steal     %idle
03:59:20        all      0.00      0.00      0.05      0.00      0.00     99.95
03:59:20          0      0.00      0.00      0.00      0.00      0.00    100.00
03:59:20          1      0.00      0.00      0.00      0.00      0.00    100.00
03:59:20          2      0.00      0.00      0.00      0.00      0.00    100.00
03:59:20          3      0.00      0.00      0.00      0.00      0.00    100.00
03:59:20          4      0.00      0.00      0.00      0.00      0.00    100.00
03:59:20          5      0.00      0.00      0.00      0.00      0.00    100.00
03:59:20          6      0.00      0.00      0.00      0.00      0.00    100.00
03:59:20          7      0.00      0.00      0.00      0.00      0.00    100.00
03:59:20          8      0.00      0.00      0.00      0.00      0.00    100.00
03:59:20          9      0.00      0.00      0.00      0.00      0.00    100.00
03:59:20         10      0.00      0.00      0.99      0.00      0.00     99.01
03:59:20         11      0.00      0.00      0.00      0.00      0.00    100.00
03:59:20         12      0.00      0.00      0.00      0.00      0.00    100.00
03:59:20         13      1.00      0.00      0.00      0.00      0.00     99.00
03:59:20         14      0.00      0.00      0.00      0.00      0.00    100.00
03:59:20         15      0.00      0.00      0.00      0.00      0.00    100.00
03:59:20         16      0.00      0.00      0.00      0.00      0.00    100.00
03:59:20         17      0.00      0.00      0.00      0.00      0.00    100.00
03:59:20         18      0.00      0.00      0.00      0.00      0.00    100.00
03:59:20         19      0.00      0.00      0.00      0.00      0.00    100.00
03:59:20         20      0.00      0.00      0.00      0.00      0.00    100.00
03:59:20         21      0.00      0.00      0.00      0.00      0.00    100.00
03:59:20         22      0.00      0.00      0.00      0.00      0.00    100.00
03:59:20         23      0.00      0.00      0.00      0.00      0.00    100.00
03:59:20         24      0.00      0.00      0.00      0.00      0.00    100.00
03:59:20         25      0.00      0.00      0.00      0.00      0.00    100.00
03:59:20         26      0.00      0.00      0.00      0.00      0.00    100.00
03:59:20         27      0.00      0.00      0.00      0.00      0.00    100.00
03:59:20         28      0.00      0.00      0.00      0.00      0.00    100.00
03:59:20         29      0.00      0.00      0.00      0.00      0.00    100.00
03:59:20         30      0.00      0.00      0.00      0.00      0.00    100.00
03:59:20         31      0.00      0.00      0.00      0.00      0.00    100.00
03:59:20         32      0.00      0.00      0.00      0.00      0.00    100.00
03:59:20         33      0.00      0.00      0.00      0.00      0.00    100.00
03:59:20         34      0.00      0.00      0.00      0.00      0.00    100.00
03:59:20         35      0.00      0.00      0.00      0.00      0.00    100.00
03:59:20         36      0.00      0.00      0.00      0.00      0.00    100.00
03:59:20         37      0.00      0.00      0.00      0.00      0.00    100.00
03:59:20         38      0.00      0.00      0.00      0.00      0.00    100.00
03:59:20         39      0.00      0.00      0.00      0.00      0.00    100.00

03:59:20        CPU     %user     %nice   %system   %iowait    %steal     %idle
03:59:21        all      0.03      0.00      0.03      0.00      0.00     99.95
03:59:21          0      0.00      0.00      0.00      0.00      0.00    100.00
03:59:21          1      0.00      0.00      0.00      0.00      0.00    100.00
03:59:21          2      0.00      0.00      0.00      0.00      0.00    100.00
03:59:21          3      0.00      0.00      0.00      0.00      0.00    100.00
03:59:21          4      0.00      0.00      0.00      0.00      0.00    100.00
03:59:21          5      0.00      0.00      0.00      0.00      0.00    100.00
03:59:21          6      0.00      0.00      0.00      0.00      0.00    100.00
03:59:21          7      0.00      0.00      0.00      0.00      0.00    100.00
03:59:21          8      0.00      0.00      0.00      0.00      0.00    100.00
03:59:21          9      0.00      0.00      0.00      0.00      0.00    100.00
03:59:21         10      1.00      0.00      0.00      0.00      0.00     99.00
03:59:21         11      0.00      0.00      0.99      0.00      0.00     99.01
03:59:21         12      0.00      0.00      1.00      0.00      0.00     99.00
03:59:21         13      0.00      0.00      0.00      0.00      0.00    100.00
03:59:21         14      0.00      0.00      0.00      0.00      0.00    100.00
03:59:21         15      0.00      0.00      0.00      0.00      0.00    100.00
03:59:21         16      0.00      0.00      0.00      0.00      0.00    100.00
03:59:21         17      0.00      0.00      0.00      0.00      0.00    100.00
03:59:21         18      0.00      0.00      0.00      0.00      0.00    100.00
03:59:21         19      0.00      0.00      0.00      0.00      0.00    100.00
03:59:21         20      0.00      0.00      0.00      0.00      0.00    100.00
03:59:21         21      0.00      0.00      0.00      0.00      0.00    100.00
03:59:21         22      0.00      0.00      0.00      0.00      0.00    100.00
03:59:21         23      0.00      0.00      0.00      0.00      0.00    100.00
03:59:21         24      0.00      0.00      0.00      0.00      0.00    100.00
03:59:21         25      0.00      0.00      0.00      0.00      0.00    100.00
03:59:21         26      0.00      0.00      0.00      0.00      0.00    100.00
03:59:21         27      0.00      0.00      0.00      0.00      0.00    100.00
03:59:21         28      0.00      0.00      0.00      0.00      0.00    100.00
03:59:21         29      0.00      0.00      0.00      0.00      0.00    100.00
03:59:21         30      0.00      0.00      0.00      0.00      0.00    100.00
03:59:21         31      0.00      0.00      0.00      0.00      0.00    100.00
03:59:21         32      0.00      0.00      0.00      0.00      0.00    100.00
03:59:21         33      0.00      0.00      0.00      0.00      0.00    100.00
03:59:21         34      0.00      0.00      0.00      0.00      0.00    100.00
03:59:21         35      0.00      0.00      0.00      0.00      0.00    100.00
03:59:21         36      0.00      0.00      0.00      0.00      0.00    100.00
03:59:21         37      0.00      0.00      0.00      0.00      0.00    100.00
03:59:21         38      0.00      0.00      0.00      0.00      0.00    100.00
03:59:21         39      0.00      0.00      0.00      0.00      0.00    100.00

03:59:21        CPU     %user     %nice   %system   %iowait    %steal     %idle
03:59:22        all      0.02      0.00      0.02      0.00      0.00     99.95
03:59:22          0      0.00      0.00      0.00      0.00      0.00    100.00
03:59:22          1      0.00      0.00      0.00      0.00      0.00    100.00
03:59:22          2      0.00      0.00      0.00      0.00      0.00    100.00
03:59:22          3      0.00      0.00      0.00      0.00      0.00    100.00
03:59:22          4      0.00      0.00      0.00      0.00      0.00    100.00
03:59:22          5      0.00      0.00      0.00      0.00      0.00    100.00
03:59:22          6      0.00      0.00      0.00      0.00      0.00    100.00
03:59:22          7      0.00      0.00      0.00      0.00      0.00    100.00
03:59:22          8      0.00      0.00      0.00      0.00      0.00    100.00
03:59:22          9      0.00      0.00      0.00      0.00      0.00    100.00
03:59:22         10      0.00      0.00      0.99      0.00      0.00     99.01
03:59:22         11      0.00      0.00      0.00      0.00      0.00    100.00
03:59:22         12      0.00      0.00      0.00      0.00      0.00    100.00
03:59:22         13      0.00      0.00      0.00      0.00      0.00    100.00
03:59:22         14      0.00      0.00      0.00      0.00      0.00    100.00
03:59:22         15      0.00      0.00      0.00      0.00      0.00    100.00
03:59:22         16      0.00      0.00      0.00      0.00      0.00    100.00
03:59:22         17      0.00      0.00      0.00      0.00      0.00    100.00
03:59:22         18      0.00      0.00      0.00      0.00      0.00    100.00
03:59:22         19      0.00      0.00      0.00      0.00      0.00    100.00
03:59:22         20      0.00      0.00      0.00      0.00      0.00    100.00
03:59:22         21      0.00      0.00      0.00      0.00      0.00    100.00
03:59:22         22      0.00      0.00      0.00      0.00      0.00    100.00
03:59:22         23      0.00      0.00      0.00      0.00      0.00    100.00
03:59:22         24      0.00      0.00      0.00      0.00      0.00    100.00
03:59:22         25      0.00      0.00      0.00      0.00      0.00    100.00
03:59:22         26      0.00      0.00      0.00      0.00      0.00    100.00
03:59:22         27      0.00      0.00      0.00      0.00      0.00    100.00
03:59:22         28      0.00      0.00      0.00      0.00      0.00    100.00
03:59:22         29      0.00      0.00      0.00      0.00      0.00    100.00
03:59:22         30      1.00      0.00      0.00      0.00      0.00     99.00
03:59:22         31      0.00      0.00      0.00      0.00      0.00    100.00
03:59:22         32      0.00      0.00      0.00      0.00      0.00    100.00
03:59:22         33      0.00      0.00      0.00      0.00      0.00    100.00
03:59:22         34      0.00      0.00      0.00      0.00      0.00    100.00
03:59:22         35      0.00      0.00      0.00      0.00      0.00    100.00
03:59:22         36      0.00      0.00      0.00      0.00      0.00    100.00
03:59:22         37      0.00      0.00      0.00      0.00      0.00    100.00
03:59:22         38      0.00      0.00      0.00      0.00      0.00    100.00
03:59:22         39      0.00      0.00      0.00      0.00      0.00    100.00

03:59:22        CPU     %user     %nice   %system   %iowait    %steal     %idle
03:59:23        all      0.00      0.00      0.03      0.05      0.00     99.92
03:59:23          0      0.00      0.00      0.00      0.00      0.00    100.00
03:59:23          1      0.00      0.00      0.00      0.00      0.00    100.00
03:59:23          2      0.00      0.00      0.00      0.00      0.00    100.00
03:59:23          3      0.00      0.00      0.00      0.00      0.00    100.00
03:59:23          4      0.00      0.00      0.00      0.00      0.00    100.00
03:59:23          5      0.00      0.00      0.00      0.00      0.00    100.00
03:59:23          6      0.00      0.00      0.00      0.00      0.00    100.00
03:59:23          7      0.00      0.00      0.00      0.00      0.00    100.00
03:59:23          8      0.00      0.00      0.00      0.00      0.00    100.00
03:59:23          9      0.00      0.00      0.00      0.00      0.00    100.00
03:59:23         10      0.00      0.00      0.00      0.00      0.00    100.00
03:59:23         11      0.00      0.00      0.00      0.00      0.00    100.00
03:59:23         12      0.00      0.00      0.99      0.00      0.00     99.01
03:59:23         13      0.99      0.00      0.00      0.00      0.00     99.01
03:59:23         14      0.00      0.00      0.00      0.00      0.00    100.00
03:59:23         15      0.00      0.00      0.00      0.00      0.00    100.00
03:59:23         16      0.00      0.00      0.00      0.00      0.00    100.00
03:59:23         17      0.00      0.00      0.00      0.00      0.00    100.00
03:59:23         18      0.00      0.00      0.00      0.00      0.00    100.00
03:59:23         19      0.00      0.00      0.00      2.00      0.00     98.00
03:59:23         20      0.00      0.00      0.00      0.00      0.00    100.00
03:59:23         21      0.00      0.00      0.00      0.00      0.00    100.00
03:59:23         22      0.00      0.00      0.00      0.00      0.00    100.00
03:59:23         23      0.00      0.00      0.00      0.00      0.00    100.00
03:59:23         24      0.00      0.00      0.00      0.00      0.00    100.00
03:59:23         25      0.00      0.00      0.00      0.00      0.00    100.00
03:59:23         26      0.00      0.00      0.00      0.00      0.00    100.00
03:59:23         27      0.00      0.00      0.00      0.00      0.00    100.00
03:59:23         28      0.00      0.00      0.00      0.00      0.00    100.00
03:59:23         29      0.00      0.00      0.00      0.00      0.00    100.00
03:59:23         30      0.00      0.00      0.00      0.00      0.00    100.00
03:59:23         31      0.00      0.00      0.00      0.00      0.00    100.00
03:59:23         32      0.00      0.00      0.00      0.00      0.00    100.00
03:59:23         33      0.00      0.00      0.00      0.00      0.00    100.00
03:59:23         34      0.00      0.00      0.00      0.00      0.00    100.00
03:59:23         35      0.00      0.00      0.00      0.00      0.00    100.00
03:59:23         36      0.00      0.00      0.00      0.00      0.00    100.00
03:59:23         37      0.00      0.00      0.00      0.00      0.00    100.00
03:59:23         38      0.00      0.00      0.00      0.00      0.00    100.00
03:59:23         39      0.00      0.00      0.00      0.00      0.00    100.00

03:59:23        CPU     %user     %nice   %system   %iowait    %steal     %idle
03:59:24        all      0.02      0.00      0.05      0.00      0.00     99.93
03:59:24          0      0.00      0.00      0.00      0.00      0.00    100.00
03:59:24          1      0.00      0.00      0.99      0.00      0.00     99.01
03:59:24          2      0.00      0.00      0.00      0.00      0.00    100.00
03:59:24          3      0.00      0.00      0.00      0.00      0.00    100.00
03:59:24          4      0.00      0.00      0.00      0.00      0.00    100.00
03:59:24          5      0.00      0.00      0.00      0.00      0.00    100.00
03:59:24          6      0.00      0.00      0.00      0.00      0.00    100.00
03:59:24          7      0.00      0.00      0.00      0.00      0.00    100.00
03:59:24          8      0.00      0.00      0.00      0.00      0.00    100.00
03:59:24          9      0.00      0.00      0.00      0.00      0.00    100.00
03:59:24         10      0.99      0.00      0.00      0.00      0.00     99.01
03:59:24         11      0.00      0.00      0.00      0.00      0.00    100.00
03:59:24         12      0.00      0.00      0.00      0.00      0.00    100.00
03:59:24         13      0.00      0.00      0.00      0.00      0.00    100.00
03:59:24         14      0.00      0.00      0.00      0.00      0.00    100.00
03:59:24         15      0.00      0.00      0.00      0.00      0.00    100.00
03:59:24         16      0.00      0.00      0.00      0.00      0.00    100.00
03:59:24         17      0.00      0.00      0.00      0.00      0.00    100.00
03:59:24         18      0.00      0.00      0.00      0.00      0.00    100.00
03:59:24         19      0.00      0.00      0.00      0.00      0.00    100.00
03:59:24         20      0.00      0.00      0.00      0.00      0.00    100.00
03:59:24         21      0.00      0.00      0.00      0.00      0.00    100.00
03:59:24         22      0.00      0.00      0.00      0.00      0.00    100.00
03:59:24         23      0.00      0.00      0.00      0.00      0.00    100.00
03:59:24         24      0.00      0.00      0.00      0.00      0.00    100.00
03:59:24         25      0.00      0.00      0.00      0.00      0.00    100.00
03:59:24         26      0.00      0.00      0.00      0.00      0.00    100.00
03:59:24         27      0.00      0.00      0.00      0.00      0.00    100.00
03:59:24         28      0.00      0.00      0.00      0.00      0.00    100.00
03:59:24         29      0.00      0.00      0.00      0.00      0.00    100.00
03:59:24         30      0.00      0.00      0.99      0.00      0.00     99.01
03:59:24         31      0.00      0.00      0.00      0.00      0.00    100.00
03:59:24         32      0.00      0.00      0.00      0.00      0.00    100.00
03:59:24         33      0.00      0.00      0.00      0.00      0.00    100.00
03:59:24         34      0.00      0.00      0.00      0.00      0.00    100.00
03:59:24         35      0.00      0.00      0.00      0.00      0.00    100.00
03:59:24         36      0.00      0.00      0.00      0.00      0.00    100.00
03:59:24         37      0.00      0.00      0.00      0.00      0.00    100.00
03:59:24         38      0.00      0.00      0.00      0.00      0.00    100.00
03:59:24         39      0.00      0.00      0.00      0.00      0.00    100.00

03:59:24        CPU     %user     %nice   %system   %iowait    %steal     %idle
03:59:25        all      0.02      0.00      0.05      0.00      0.00     99.93
03:59:25          0      0.00      0.00      0.00      0.00      0.00    100.00
03:59:25          1      0.00      0.00      0.00      0.00      0.00    100.00
03:59:25          2      0.00      0.00      0.00      0.00      0.00    100.00
03:59:25          3      0.00      0.00      0.00      0.00      0.00    100.00
03:59:25          4      0.00      0.00      0.00      0.00      0.00    100.00
03:59:25          5      0.00      0.00      0.00      0.00      0.00    100.00
03:59:25          6      0.00      0.00      0.00      0.00      0.00    100.00
03:59:25          7      0.00      0.00      0.00      0.00      0.00    100.00
03:59:25          8      0.00      0.00      0.00      0.00      0.00    100.00
03:59:25          9      0.00      0.00      0.00      0.00      0.00    100.00
03:59:25         10      0.00      0.00      1.00      0.00      0.00     99.00
03:59:25         11      0.00      0.00      1.00      0.00      0.00     99.00
03:59:25         12      0.00      0.00      0.00      0.00      0.00    100.00
03:59:25         13      0.00      0.00      0.00      0.00      0.00    100.00
03:59:25         14      0.00      0.00      0.00      0.00      0.00    100.00
03:59:25         15      0.00      0.00      0.00      0.00      0.00    100.00
03:59:25         16      0.00      0.00      0.00      0.00      0.00    100.00
03:59:25         17      0.00      0.00      0.00      0.00      0.00    100.00
03:59:25         18      0.00      0.00      0.00      0.00      0.00    100.00
03:59:25         19      0.00      0.00      0.00      0.00      0.00    100.00
03:59:25         20      0.00      0.00      0.00      0.00      0.00    100.00
03:59:25         21      0.00      0.00      0.00      0.00      0.00    100.00
03:59:25         22      0.00      0.00      0.00      0.00      0.00    100.00
03:59:25         23      0.00      0.00      0.00      0.00      0.00    100.00
03:59:25         24      0.00      0.00      0.00      0.00      0.00    100.00
03:59:25         25      0.00      0.00      0.00      0.00      0.00    100.00
03:59:25         26      0.00      0.00      0.00      0.00      0.00    100.00
03:59:25         27      0.00      0.00      0.00      0.00      0.00    100.00
03:59:25         28      0.00      0.00      0.00      0.00      0.00    100.00
03:59:25         29      0.00      0.00      0.00      0.00      0.00    100.00
03:59:25         30      0.00      0.00      0.00      0.00      0.00    100.00
03:59:25         31      0.00      0.00      0.00      0.00      0.00    100.00
03:59:25         32      0.00      0.00      0.00      0.00      0.00    100.00
03:59:25         33      0.00      0.00      0.00      0.00      0.00    100.00
03:59:25         34      0.00      0.00      0.00      0.00      0.00    100.00
03:59:25         35      0.00      0.00      0.00      0.00      0.00    100.00
03:59:25         36      0.00      0.00      0.00      0.00      0.00    100.00
03:59:25         37      0.00      0.00      0.00      0.00      0.00    100.00
03:59:25         38      0.00      0.00      0.00      0.00      0.00    100.00
03:59:25         39      0.00      0.00      0.00      0.00      0.00    100.00

03:59:25        CPU     %user     %nice   %system   %iowait    %steal     %idle
03:59:26        all      0.00      0.00      0.00      0.00      0.00    100.00
03:59:26          0      0.00      0.00      0.00      0.00      0.00    100.00
03:59:26          1      0.00      0.00      0.00      0.00      0.00    100.00
03:59:26          2      0.00      0.00      0.00      0.00      0.00    100.00
03:59:26          3      0.00      0.00      0.00      0.00      0.00    100.00
03:59:26          4      0.00      0.00      0.00      0.00      0.00    100.00
03:59:26          5      0.00      0.00      0.00      0.00      0.00    100.00
03:59:26          6      0.00      0.00      0.00      0.00      0.00    100.00
03:59:26          7      0.00      0.00      0.00      0.00      0.00    100.00
03:59:26          8      0.00      0.00      0.00      0.00      0.00    100.00
03:59:26          9      0.00      0.00      0.00      0.00      0.00    100.00
03:59:26         10      0.00      0.00      0.00      0.00      0.00    100.00
03:59:26         11      0.00      0.00      0.00      0.00      0.00    100.00
03:59:26         12      0.00      0.00      0.99      0.00      0.00     99.01
03:59:26         13      0.00      0.00      0.00      0.00      0.00    100.00
03:59:26         14      0.00      0.00      0.00      0.00      0.00    100.00
03:59:26         15      0.00      0.00      0.00      0.00      0.00    100.00
03:59:26         16      0.00      0.00      0.00      0.00      0.00    100.00
03:59:26         17      0.00      0.00      0.00      0.00      0.00    100.00
03:59:26         18      0.00      0.00      0.00      0.00      0.00    100.00
03:59:26         19      0.00      0.00      0.00      0.00      0.00    100.00
03:59:26         20      0.00      0.00      0.00      0.00      0.00    100.00
03:59:26         21      0.00      0.00      0.00      0.00      0.00    100.00
03:59:26         22      0.00      0.00      0.00      0.00      0.00    100.00
03:59:26         23      0.00      0.00      0.00      0.00      0.00    100.00
03:59:26         24      0.00      0.00      0.00      0.00      0.00    100.00
03:59:26         25      0.00      0.00      0.00      0.00      0.00    100.00
03:59:26         26      0.00      0.00      0.00      0.00      0.00    100.00
03:59:26         27      0.00      0.00      0.00      0.00      0.00    100.00
03:59:26         28      0.00      0.00      0.00      0.00      0.00    100.00
03:59:26         29      0.00      0.00      0.00      0.00      0.00    100.00
03:59:26         30      0.00      0.00      0.00      0.00      0.00    100.00
03:59:26         31      0.00      0.00      0.00      0.00      0.00    100.00
03:59:26         32      0.00      0.00      0.00      0.00      0.00    100.00
03:59:26         33      0.00      0.00      0.00      0.00      0.00    100.00
03:59:26         34      0.00      0.00      0.00      0.00      0.00    100.00
03:59:26         35      0.00      0.00      0.00      0.00      0.00    100.00
03:59:26         36      0.00      0.00      0.00      0.00      0.00    100.00
03:59:26         37      0.00      0.00      0.00      0.00      0.00    100.00
03:59:26         38      0.00      0.00      0.00      0.00      0.00    100.00
03:59:26         39      0.00      0.00      0.00      0.00      0.00    100.00

03:59:26        CPU     %user     %nice   %system   %iowait    %steal     %idle
03:59:27        all      2.48      0.00      0.40      0.00      0.00     97.12
03:59:27          0     18.00      0.00      2.00      0.00      0.00     80.00
03:59:27          1      0.00      0.00      0.00      0.00      0.00    100.00
03:59:27          2      3.00      0.00      0.00      0.00      0.00     97.00
03:59:27          3      0.00      0.00      0.00      0.00      0.00    100.00
03:59:27          4      0.00      0.00      0.00      0.00      0.00    100.00
03:59:27          5      8.16      0.00      0.00      0.00      0.00     91.84
03:59:27          6      0.00      0.00      0.00      0.00      0.00    100.00
03:59:27          7      0.00      0.00      1.00      0.00      0.00     99.00
03:59:27          8      0.00      0.00      0.00      0.00      0.00    100.00
03:59:27          9      0.00      0.00      0.00      0.00      0.00    100.00
03:59:27         10      2.00      0.00      1.00      0.00      0.00     97.00
03:59:27         11     17.00      0.00      2.00      0.00      0.00     81.00
03:59:27         12      1.01      0.00      0.00      0.00      0.00     98.99
03:59:27         13      0.00      0.00      1.00      0.00      0.00     99.00
03:59:27         14      2.00      0.00      0.00      0.00      0.00     98.00
03:59:27         15      0.00      0.00      0.00      0.00      0.00    100.00
03:59:27         16      0.00      0.00      0.00      0.00      0.00    100.00
03:59:27         17      0.00      0.00      0.00      0.00      0.00    100.00
03:59:27         18      0.00      0.00      0.00      0.00      0.00    100.00
03:59:27         19      0.00      0.00      0.00      0.00      0.00    100.00
03:59:27         20      0.00      0.00      1.00      0.00      0.00     99.00
03:59:27         21      0.00      0.00      0.00      0.00      0.00    100.00
03:59:27         22     16.00      0.00      2.00      0.00      0.00     82.00
03:59:27         23     17.00      0.00      0.00      0.00      0.00     83.00
03:59:27         24      0.00      0.00      0.00      0.00      0.00    100.00
03:59:27         25     10.78      0.00      1.96      0.00      0.00     87.25
03:59:27         26      0.00      0.00      0.00      0.00      0.00    100.00
03:59:27         27      0.00      0.00      0.00      0.00      0.00    100.00
03:59:27         28      0.00      0.00      0.00      0.00      0.00    100.00
03:59:27         29      0.00      0.00      1.01      0.00      0.00     98.99
03:59:27         30      1.00      0.00      0.00      0.00      0.00     99.00
03:59:27         31      0.00      0.00      0.00      0.00      0.00    100.00
03:59:27         32      0.99      0.00      0.00      0.00      0.00     99.01
03:59:27         33      0.00      0.00      0.00      0.00      0.00    100.00
03:59:27         34      0.00      0.00      0.00      0.00      0.00    100.00
03:59:27         35      0.00      0.00      0.00      0.00      0.00    100.00
03:59:27         36      0.00      0.00      0.00      0.00      0.00    100.00
03:59:27         37      0.00      0.00      1.00      0.00      0.00     99.00
03:59:27         38      0.00      0.00      0.00      0.00      0.00    100.00
03:59:27         39      0.00      0.00      0.00      0.00      0.00    100.00

03:59:27        CPU     %user     %nice   %system   %iowait    %steal     %idle
03:59:28        all      5.83      0.00      1.83      1.75      0.00     90.59
03:59:28          0      5.05      0.00      2.02      1.01      0.00     91.92
03:59:28          1      6.00      0.00      1.00      7.00      0.00     86.00
03:59:28          2      5.00      0.00      1.00      6.00      0.00     88.00
03:59:28          3      7.00      0.00      4.00     13.00      0.00     76.00
03:59:28          4      7.07      0.00      1.01      0.00      0.00     91.92
03:59:28          5      8.00      0.00      2.00      0.00      0.00     90.00
03:59:28          6      4.04      0.00      1.01      0.00      0.00     94.95
03:59:28          7     14.00      0.00      4.00      0.00      0.00     82.00
03:59:28          8      6.93      0.00      1.98      0.00      0.00     91.09
03:59:28          9     24.24      0.00      8.08      0.00      0.00     67.68
03:59:28         10      0.00      0.00      0.99      0.00      0.00     99.01
03:59:28         11      4.04      0.00      2.02      1.01      0.00     92.93
03:59:28         12      0.98      0.00      2.94      0.00      0.00     96.08
03:59:28         13      2.02      0.00      1.01      0.00      0.00     96.97
03:59:28         14     26.00      0.00      4.00      0.00      0.00     70.00
03:59:28         15      5.00      0.00      2.00      0.00      0.00     93.00
03:59:28         16      1.98      0.00      1.98      9.90      0.00     86.14
03:59:28         17      0.00      0.00      0.00      0.00      0.00    100.00
03:59:28         18      1.00      0.00      1.00      7.00      0.00     91.00
03:59:28         19      3.03      0.00      2.02      6.06      0.00     88.89
03:59:28         20      0.99      0.00      0.99      0.00      0.00     98.02
03:59:28         21      6.00      0.00      1.00      0.00      0.00     93.00
03:59:28         22     14.00      0.00      2.00      0.00      0.00     84.00
03:59:28         23     21.78      0.00      2.97      0.00      0.00     75.25
03:59:28         24      0.00      0.00      1.02      0.00      0.00     98.98
03:59:28         25      0.00      0.00      1.00      0.00      0.00     99.00
03:59:28         26      2.97      0.00      0.99      0.00      0.00     96.04
03:59:28         27      4.00      0.00      3.00      0.00      0.00     93.00
03:59:28         28      0.00      0.00      0.00      0.00      0.00    100.00
03:59:28         29      2.00      0.00      0.00      0.00      0.00     98.00
03:59:28         30      7.07      0.00      1.01      0.00      0.00     91.92
03:59:28         31      0.00      0.00      0.00      0.00      0.00    100.00
03:59:28         32      0.00      0.00      0.00      0.00      0.00    100.00
03:59:28         33      0.00      0.00      0.00      0.00      0.00    100.00
03:59:28         34     10.00      0.00      4.00      6.00      0.00     80.00
03:59:28         35      0.00      0.00      1.00      0.00      0.00     99.00
03:59:28         36      0.00      0.00      1.00      0.00      0.00     99.00
03:59:28         37      2.02      0.00      2.02     13.13      0.00     82.83
03:59:28         38      2.00      0.00      2.00      0.00      0.00     96.00
03:59:28         39     29.00      0.00      3.00      0.00      0.00     68.00

03:59:28        CPU     %user     %nice   %system   %iowait    %steal     %idle
03:59:29        all      0.98      0.00      0.30     10.29      0.00     88.43
03:59:29          0      1.01      0.00      0.00     19.19      0.00     79.80
03:59:29          1      4.00      0.00      1.00     29.00      0.00     66.00
03:59:29          2      2.94      0.00      1.96     32.35      0.00     62.75
03:59:29          3      0.00      0.00      0.00     11.00      0.00     89.00
03:59:29          4      1.01      0.00      0.00      9.09      0.00     89.90
03:59:29          5      0.00      0.00      0.99      7.92      0.00     91.09
03:59:29          6      0.00      0.00      0.00      1.98      0.00     98.02
03:59:29          7      0.00      0.00      0.00      2.00      0.00     98.00
03:59:29          8      0.00      0.00      0.00      0.00      0.00    100.00
03:59:29          9      0.00      0.00      0.00      2.00      0.00     98.00
03:59:29         10      5.10      0.00      1.02     39.80      0.00     54.08
03:59:29         11      0.00      0.00      1.01     19.19      0.00     79.80
03:59:29         12      0.00      0.00      0.00     11.11      0.00     88.89
03:59:29         13      2.02      0.00      0.00     21.21      0.00     76.77
03:59:29         14      1.98      0.00      0.00      8.91      0.00     89.11
03:59:29         15      0.00      0.00      0.00      2.00      0.00     98.00
03:59:29         16      0.00      0.00      0.00      3.03      0.00     96.97
03:59:29         17      0.00      0.00      0.00      4.00      0.00     96.00
03:59:29         18      1.00      0.00      1.00     28.00      0.00     70.00
03:59:29         19      0.00      0.00      0.00     13.13      0.00     86.87
03:59:29         20      0.00      0.00      0.00      2.02      0.00     97.98
03:59:29         21      0.00      0.00      0.00      0.00      0.00    100.00
03:59:29         22      0.00      0.00      0.00      0.00      0.00    100.00
03:59:29         23      5.10      0.00      2.04     36.73      0.00     56.12
03:59:29         24      6.00      0.00      1.00     28.00      0.00     65.00
03:59:29         25      2.04      0.00      1.02     21.43      0.00     75.51
03:59:29         26      5.00      0.00      0.00     24.00      0.00     71.00
03:59:29         27      0.00      0.00      0.00      4.04      0.00     95.96
03:59:29         28      1.00      0.00      0.00      0.00      0.00     99.00
03:59:29         29      2.00      0.00      0.00     10.00      0.00     88.00
03:59:29         30      0.00      0.00      0.00      0.00      0.00    100.00
03:59:29         31      0.00      0.00      0.00      0.00      0.00    100.00
03:59:29         32      0.00      0.00      0.00      0.00      0.00    100.00
03:59:29         33      0.00      0.00      0.00      0.00      0.00    100.00
03:59:29         34      0.00      0.00      0.99      0.00      0.00     99.01
03:59:29         35      0.00      0.00      0.00      0.00      0.00    100.00
03:59:29         36      0.00      0.00      0.00      1.00      0.00     99.00
03:59:29         37      0.00      0.00      1.00     21.00      0.00     78.00
03:59:29         38      0.00      0.00      0.00      0.00      0.00    100.00
03:59:29         39      0.00      0.00      0.00      0.00      0.00    100.00

03:59:29        CPU     %user     %nice   %system   %iowait    %steal     %idle
03:59:30        all      0.33      0.00      0.18      3.17      0.00     96.33
03:59:30          0      0.00      0.00      0.00      0.00      0.00    100.00
03:59:30          1      1.00      0.00      0.00      0.00      0.00     99.00
03:59:30          2      1.02      0.00      0.00     25.51      0.00     73.47
03:59:30          3      1.00      0.00      0.00      0.00      0.00     99.00
03:59:30          4      0.00      0.00      0.00      6.00      0.00     94.00
03:59:30          5      0.00      0.00      0.00      0.00      0.00    100.00
03:59:30          6      0.00      0.00      0.00      0.00      0.00    100.00
03:59:30          7      1.00      0.00      0.00      0.00      0.00     99.00
03:59:30          8      0.00      0.00      0.00      0.00      0.00    100.00
03:59:30          9      0.00      0.00      0.00      0.00      0.00    100.00
03:59:30         10      0.00      0.00      0.00      0.00      0.00    100.00
03:59:30         11      1.00      0.00      0.00      0.00      0.00     99.00
03:59:30         12      0.00      0.00      0.00      0.00      0.00    100.00
03:59:30         13      2.02      0.00      1.01     19.19      0.00     77.78
03:59:30         14      0.00      0.00      1.00      5.00      0.00     94.00
03:59:30         15      0.00      0.00      0.00      0.00      0.00    100.00
03:59:30         16      0.00      0.00      0.00      0.00      0.00    100.00
03:59:30         17      0.00      0.00      0.00      0.00      0.00    100.00
03:59:30         18      0.00      0.00      1.00      0.00      0.00     99.00
03:59:30         19      0.00      0.00      0.00      0.00      0.00    100.00
03:59:30         20      0.00      0.00      0.00      0.00      0.00    100.00
03:59:30         21      0.00      0.00      1.00      0.00      0.00     99.00
03:59:30         22      0.00      0.00      0.00      0.00      0.00    100.00
03:59:30         23      0.00      0.00      0.00      0.00      0.00    100.00
03:59:30         24      0.00      0.00      0.00      0.00      0.00    100.00
03:59:30         25      0.00      0.00      0.00      0.00      0.00    100.00
03:59:30         26      1.02      0.00      1.02     25.51      0.00     72.45
03:59:30         27      1.02      0.00      0.00     20.41      0.00     78.57
03:59:30         28      0.00      0.00      0.00      0.00      0.00    100.00
03:59:30         29      1.02      0.00      0.00     25.51      0.00     73.47
03:59:30         30      0.00      0.00      0.00      0.00      0.00    100.00
03:59:30         31      0.00      0.00      0.00      0.00      0.00    100.00
03:59:30         32      0.00      0.00      0.00      0.00      0.00    100.00
03:59:30         33      0.00      0.00      0.00      0.00      0.00    100.00
03:59:30         34      0.00      0.00      0.00      0.00      0.00    100.00
03:59:30         35      0.00      0.00      0.00      0.00      0.00    100.00
03:59:30         36      0.00      0.00      0.00      0.00      0.00    100.00
03:59:30         37      0.00      0.00      0.00      0.00      0.00    100.00
03:59:30         38      0.00      0.00      0.00      0.00      0.00    100.00
03:59:30         39      0.00      0.00      0.00      0.00      0.00    100.00

03:59:30        CPU     %user     %nice   %system   %iowait    %steal     %idle
03:59:31        all      0.03      0.00      0.03      0.00      0.00     99.95
03:59:31          0      0.00      0.00      0.00      0.00      0.00    100.00
03:59:31          1      0.00      0.00      0.00      0.00      0.00    100.00
03:59:31          2      0.00      0.00      0.00      0.00      0.00    100.00
03:59:31          3      0.00      0.00      0.00      0.00      0.00    100.00
03:59:31          4      0.00      0.00      0.00      0.00      0.00    100.00
03:59:31          5      0.00      0.00      0.00      0.00      0.00    100.00
03:59:31          6      0.00      0.00      0.00      0.00      0.00    100.00
03:59:31          7      0.00      0.00      0.00      0.00      0.00    100.00
03:59:31          8      0.00      0.00      0.00      0.00      0.00    100.00
03:59:31          9      0.00      0.00      0.00      0.00      0.00    100.00
03:59:31         10      0.00      0.00      0.00      0.00      0.00    100.00
03:59:31         11      0.00      0.00      1.00      0.00      0.00     99.00
03:59:31         12      0.00      0.00      0.00      0.00      0.00    100.00
03:59:31         13      0.00      0.00      0.00      0.00      0.00    100.00
03:59:31         14      0.00      0.00      0.00      0.00      0.00    100.00
03:59:31         15      0.00      0.00      0.00      0.00      0.00    100.00
03:59:31         16      0.00      0.00      0.00      0.00      0.00    100.00
03:59:31         17      0.00      0.00      0.00      0.00      0.00    100.00
03:59:31         18      0.00      0.00      0.00      0.00      0.00    100.00
03:59:31         19      0.00      0.00      0.00      0.00      0.00    100.00
03:59:31         20      0.00      0.00      0.00      0.00      0.00    100.00
03:59:31         21      0.00      0.00      0.00      0.00      0.00    100.00
03:59:31         22      0.00      0.00      0.00      0.00      0.00    100.00
03:59:31         23      0.00      0.00      0.00      0.00      0.00    100.00
03:59:31         24      0.00      0.00      0.00      0.00      0.00    100.00
03:59:31         25      0.00      0.00      0.00      0.00      0.00    100.00
03:59:31         26      0.00      0.00      0.00      0.00      0.00    100.00
03:59:31         27      0.00      0.00      0.00      0.00      0.00    100.00
03:59:31         28      0.00      0.00      0.00      0.00      0.00    100.00
03:59:31         29      0.00      0.00      0.00      0.00      0.00    100.00
03:59:31         30      0.00      0.00      0.00      0.00      0.00    100.00
03:59:31         31      0.00      0.00      0.00      0.00      0.00    100.00
03:59:31         32      0.00      0.00      0.00      0.00      0.00    100.00
03:59:31         33      0.00      0.00      0.00      0.00      0.00    100.00
03:59:31         34      0.00      0.00      0.00      0.00      0.00    100.00
03:59:31         35      0.00      0.00      0.99      0.00      0.00     99.01
03:59:31         36      0.00      0.00      0.00      0.00      0.00    100.00
03:59:31         37      0.00      0.00      0.00      0.00      0.00    100.00
03:59:31         38      0.00      0.00      0.00      0.00      0.00    100.00
03:59:31         39      0.00      0.00      0.00      0.00      0.00    100.00

03:59:31        CPU     %user     %nice   %system   %iowait    %steal     %idle
03:59:32        all      0.02      0.00      0.02      0.00      0.00     99.95
03:59:32          0      0.00      0.00      0.00      0.00      0.00    100.00
03:59:32          1      0.00      0.00      0.00      0.00      0.00    100.00
03:59:32          2      0.00      0.00      0.00      0.00      0.00    100.00
03:59:32          3      0.00      0.00      0.00      0.00      0.00    100.00
03:59:32          4      0.00      0.00      0.00      0.00      0.00    100.00
03:59:32          5      0.00      0.00      0.00      0.00      0.00    100.00
03:59:32          6      0.00      0.00      0.00      0.00      0.00    100.00
03:59:32          7      0.00      0.00      0.00      0.00      0.00    100.00
03:59:32          8      0.00      0.00      0.00      0.00      0.00    100.00
03:59:32          9      0.00      0.00      0.00      0.00      0.00    100.00
03:59:32         10      0.00      0.00      0.99      0.00      0.00     99.01
03:59:32         11      0.00      0.00      0.99      0.00      0.00     99.01
03:59:32         12      0.99      0.00      0.00      0.00      0.00     99.01
03:59:32         13      0.00      0.00      0.00      0.00      0.00    100.00
03:59:32         14      0.00      0.00      0.00      0.00      0.00    100.00
03:59:32         15      0.00      0.00      0.00      0.00      0.00    100.00
03:59:32         16      0.00      0.00      0.00      0.00      0.00    100.00
03:59:32         17      0.00      0.00      0.00      0.00      0.00    100.00
03:59:32         18      0.00      0.00      0.00      0.00      0.00    100.00
03:59:32         19      0.00      0.00      0.00      0.00      0.00    100.00
03:59:32         20      0.00      0.00      0.00      0.00      0.00    100.00
03:59:32         21      0.00      0.00      0.00      0.00      0.00    100.00
03:59:32         22      0.00      0.00      0.00      0.00      0.00    100.00
03:59:32         23      0.00      0.00      0.00      0.00      0.00    100.00
03:59:32         24      0.00      0.00      0.00      0.00      0.00    100.00
03:59:32         25      0.00      0.00      0.00      0.00      0.00    100.00
03:59:32         26      0.00      0.00      0.00      0.00      0.00    100.00
03:59:32         27      0.00      0.00      0.00      0.00      0.00    100.00
03:59:32         28      0.00      0.00      0.00      0.00      0.00    100.00
03:59:32         29      0.00      0.00      0.00      0.00      0.00    100.00
03:59:32         30      0.99      0.00      0.00      0.00      0.00     99.01
03:59:32         31      0.00      0.00      0.00      0.00      0.00    100.00
03:59:32         32      0.00      0.00      0.00      0.00      0.00    100.00
03:59:32         33      0.00      0.00      0.00      0.00      0.00    100.00
03:59:32         34      0.00      0.00      0.00      0.00      0.00    100.00
03:59:32         35      0.00      0.00      0.00      0.00      0.00    100.00
03:59:32         36      0.00      0.00      0.00      0.00      0.00    100.00
03:59:32         37      0.00      0.00      0.00      0.00      0.00    100.00
03:59:32         38      0.00      0.00      0.00      0.00      0.00    100.00
03:59:32         39      0.00      0.00      0.00      0.00      0.00    100.00

03:59:32        CPU     %user     %nice   %system   %iowait    %steal     %idle
03:59:33        all      0.03      0.00      0.03      0.00      0.00     99.95
03:59:33          0      0.00      0.00      0.00      0.00      0.00    100.00
03:59:33          1      0.00      0.00      0.00      0.00      0.00    100.00
03:59:33          2      0.00      0.00      0.00      0.00      0.00    100.00
03:59:33          3      0.00      0.00      0.00      0.00      0.00    100.00
03:59:33          4      0.00      0.00      0.00      0.00      0.00    100.00
03:59:33          5      0.00      0.00      0.00      0.00      0.00    100.00
03:59:33          6      0.00      0.00      0.00      0.00      0.00    100.00
03:59:33          7      0.00      0.00      0.00      0.00      0.00    100.00
03:59:33          8      0.00      0.00      0.00      0.00      0.00    100.00
03:59:33          9      0.00      0.00      0.00      0.00      0.00    100.00
03:59:33         10      0.00      0.00      0.00      0.00      0.00    100.00
03:59:33         11      0.99      0.00      0.00      0.00      0.00     99.01
03:59:33         12      0.00      0.00      0.99      0.00      0.00     99.01
03:59:33         13      0.00      0.00      0.99      0.00      0.00     99.01
03:59:33         14      0.00      0.00      0.00      0.00      0.00    100.00
03:59:33         15      0.00      0.00      0.00      0.00      0.00    100.00
03:59:33         16      0.00      0.00      0.00      0.00      0.00    100.00
03:59:33         17      0.00      0.00      0.00      0.00      0.00    100.00
03:59:33         18      0.00      0.00      0.00      0.00      0.00    100.00
03:59:33         19      0.00      0.00      0.00      0.00      0.00    100.00
03:59:33         20      0.00      0.00      0.00      0.00      0.00    100.00
03:59:33         21      0.00      0.00      0.00      0.00      0.00    100.00
03:59:33         22      0.00      0.00      0.00      0.00      0.00    100.00
03:59:33         23      0.00      0.00      0.00      0.00      0.00    100.00
03:59:33         24      0.00      0.00      0.00      0.00      0.00    100.00
03:59:33         25      0.00      0.00      0.00      0.00      0.00    100.00
03:59:33         26      0.00      0.00      0.00      0.00      0.00    100.00
03:59:33         27      0.00      0.00      0.00      0.00      0.00    100.00
03:59:33         28      0.00      0.00      0.00      0.00      0.00    100.00
03:59:33         29      0.00      0.00      0.00      0.00      0.00    100.00
03:59:33         30      0.00      0.00      0.00      0.00      0.00    100.00
03:59:33         31      0.00      0.00      0.00      0.00      0.00    100.00
03:59:33         32      0.00      0.00      0.00      0.00      0.00    100.00
03:59:33         33      0.00      0.00      0.00      0.00      0.00    100.00
03:59:33         34      0.00      0.00      0.00      0.00      0.00    100.00
03:59:33         35      0.00      0.00      0.00      0.00      0.00    100.00
03:59:33         36      0.00      0.00      0.00      0.00      0.00    100.00
03:59:33         37      0.00      0.00      0.00      0.00      0.00    100.00
03:59:33         38      0.00      0.00      0.00      0.00      0.00    100.00
03:59:33         39      0.00      0.00      0.00      0.00      0.00    100.00

03:59:33        CPU     %user     %nice   %system   %iowait    %steal     %idle
03:59:34        all      0.03      0.00      0.00      0.00      0.00     99.97
03:59:34          0      0.00      0.00      0.00      0.00      0.00    100.00
03:59:34          1      0.00      0.00      0.00      0.00      0.00    100.00
03:59:34          2      0.00      0.00      0.00      0.00      0.00    100.00
03:59:34          3      0.00      0.00      0.00      0.00      0.00    100.00
03:59:34          4      0.00      0.00      0.00      0.00      0.00    100.00
03:59:34          5      0.00      0.00      0.00      0.00      0.00    100.00
03:59:34          6      0.00      0.00      0.00      0.00      0.00    100.00
03:59:34          7      0.00      0.00      0.00      0.00      0.00    100.00
03:59:34          8      0.00      0.00      0.00      0.00      0.00    100.00
03:59:34          9      0.00      0.00      0.00      0.00      0.00    100.00
03:59:34         10      0.00      0.00      0.00      0.00      0.00    100.00
03:59:34         11      0.00      0.00      0.00      0.00      0.00    100.00
03:59:34         12      0.00      0.00      0.00      0.00      0.00    100.00
03:59:34         13      0.00      0.00      0.00      0.00      0.00    100.00
03:59:34         14      0.00      0.00      0.00      0.00      0.00    100.00
03:59:34         15      0.00      0.00      0.00      0.00      0.00    100.00
03:59:34         16      0.00      0.00      0.00      0.00      0.00    100.00
03:59:34         17      0.00      0.00      0.00      0.00      0.00    100.00
03:59:34         18      0.00      0.00      0.00      0.00      0.00    100.00
03:59:34         19      0.00      0.00      0.00      0.00      0.00    100.00
03:59:34         20      0.00      0.00      0.00      0.00      0.00    100.00
03:59:34         21      0.00      0.00      0.00      0.00      0.00    100.00
03:59:34         22      0.00      0.00      0.00      0.00      0.00    100.00
03:59:34         23      0.00      0.00      0.00      0.00      0.00    100.00
03:59:34         24      0.00      0.00      0.00      0.00      0.00    100.00
03:59:34         25      0.00      0.00      0.00      0.00      0.00    100.00
03:59:34         26      0.00      0.00      0.00      0.00      0.00    100.00
03:59:34         27      0.00      0.00      0.00      0.00      0.00    100.00
03:59:34         28      0.00      0.00      0.00      0.00      0.00    100.00
03:59:34         29      0.00      0.00      0.00      0.00      0.00    100.00
03:59:34         30      0.00      0.00      0.00      0.00      0.00    100.00
03:59:34         31      0.00      0.00      0.00      0.00      0.00    100.00
03:59:34         32      0.00      0.00      0.00      0.00      0.00    100.00
03:59:34         33      0.00      0.00      0.00      0.00      0.00    100.00
03:59:34         34      0.00      0.00      0.00      0.00      0.00    100.00
03:59:34         35      0.00      0.00      0.00      0.00      0.00    100.00
03:59:34         36      0.00      0.00      0.00      0.00      0.00    100.00
03:59:34         37      0.00      0.00      0.00      0.00      0.00    100.00
03:59:34         38      0.00      0.00      0.00      0.00      0.00    100.00
03:59:34         39      0.00      0.00      0.00      0.00      0.00    100.00

03:59:34        CPU     %user     %nice   %system   %iowait    %steal     %idle
03:59:35        all      0.00      0.00      0.05      0.00      0.00     99.95
03:59:35          0      0.00      0.00      0.00      0.00      0.00    100.00
03:59:35          1      0.00      0.00      0.00      0.00      0.00    100.00
03:59:35          2      0.00      0.00      0.00      0.00      0.00    100.00
03:59:35          3      0.00      0.00      0.00      0.00      0.00    100.00
03:59:35          4      0.00      0.00      0.00      0.00      0.00    100.00
03:59:35          5      0.00      0.00      0.00      0.00      0.00    100.00
03:59:35          6      0.00      0.00      0.00      0.00      0.00    100.00
03:59:35          7      0.00      0.00      0.00      0.00      0.00    100.00
03:59:35          8      0.00      0.00      0.00      0.00      0.00    100.00
03:59:35          9      0.00      0.00      0.00      0.00      0.00    100.00
03:59:35         10      0.00      0.00      0.00      0.00      0.00    100.00
03:59:35         11      0.00      0.00      0.00      0.00      0.00    100.00
03:59:35         12      0.00      0.00      0.00      0.00      0.00    100.00
03:59:35         13      0.00      0.00      0.00      0.00      0.00    100.00
03:59:35         14      0.00      0.00      0.00      0.00      0.00    100.00
03:59:35         15      0.00      0.00      0.00      0.00      0.00    100.00
03:59:35         16      0.00      0.00      0.00      0.00      0.00    100.00
03:59:35         17      0.00      0.00      0.00      0.00      0.00    100.00
03:59:35         18      0.00      0.00      0.00      0.00      0.00    100.00
03:59:35         19      0.00      0.00      0.00      0.00      0.00    100.00
03:59:35         20      0.00      0.00      0.00      0.00      0.00    100.00
03:59:35         21      0.00      0.00      0.00      0.00      0.00    100.00
03:59:35         22      0.00      0.00      0.00      0.00      0.00    100.00
03:59:35         23      0.00      0.00      0.00      0.00      0.00    100.00
03:59:35         24      0.00      0.00      0.00      0.00      0.00    100.00
03:59:35         25      0.00      0.00      0.00      0.00      0.00    100.00
03:59:35         26      0.00      0.00      0.00      0.00      0.00    100.00
03:59:35         27      0.00      0.00      0.00      0.00      0.00    100.00
03:59:35         28      0.00      0.00      0.00      0.00      0.00    100.00
03:59:35         29      0.00      0.00      0.00      0.00      0.00    100.00
03:59:35         30      0.00      0.00      0.00      0.00      0.00    100.00
03:59:35         31      0.00      0.00      0.00      0.00      0.00    100.00
03:59:35         32      0.00      0.00      0.00      0.00      0.00    100.00
03:59:35         33      0.00      0.00      0.00      0.00      0.00    100.00
03:59:35         34      0.00      0.00      0.00      0.00      0.00    100.00
03:59:35         35      0.00      0.00      0.00      0.00      0.00    100.00
03:59:35         36      0.00      0.00      0.00      0.00      0.00    100.00
03:59:35         37      0.00      0.00      0.00      0.00      0.00    100.00
03:59:35         38      0.00      0.00      0.00      0.00      0.00    100.00
03:59:35         39      0.00      0.00      0.00      0.00      0.00    100.00

03:59:35        CPU     %user     %nice   %system   %iowait    %steal     %idle
03:59:36        all      0.02      0.00      0.02      0.00      0.00     99.95
03:59:36          0      0.00      0.00      0.00      0.00      0.00    100.00
03:59:36          1      0.00      0.00      0.00      0.00      0.00    100.00
03:59:36          2      0.00      0.00      0.00      0.00      0.00    100.00
03:59:36          3      0.00      0.00      0.00      0.00      0.00    100.00
03:59:36          4      0.00      0.00      0.00      0.00      0.00    100.00
03:59:36          5      0.00      0.00      0.00      0.00      0.00    100.00
03:59:36          6      0.00      0.00      0.00      0.00      0.00    100.00
03:59:36          7      0.00      0.00      0.00      0.00      0.00    100.00
03:59:36          8      0.00      0.00      0.00      0.00      0.00    100.00
03:59:36          9      0.00      0.00      0.00      0.00      0.00    100.00
03:59:36         10      0.00      0.00      0.00      0.00      0.00    100.00
03:59:36         11      0.00      0.00      0.00      0.00      0.00    100.00
03:59:36         12      0.00      0.00      0.99      0.00      0.00     99.01
03:59:36         13      0.00      0.00      0.00      0.00      0.00    100.00
03:59:36         14      0.00      0.00      0.00      0.00      0.00    100.00
03:59:36         15      0.00      0.00      0.00      0.00      0.00    100.00
03:59:36         16      0.00      0.00      0.00      0.00      0.00    100.00
03:59:36         17      0.00      0.00      0.00      0.00      0.00    100.00
03:59:36         18      0.00      0.00      0.00      0.00      0.00    100.00
03:59:36         19      0.00      0.00      0.00      0.00      0.00    100.00
03:59:36         20      0.00      0.00      0.00      0.00      0.00    100.00
03:59:36         21      0.00      0.00      0.00      0.00      0.00    100.00
03:59:36         22      0.00      0.00      0.00      0.00      0.00    100.00
03:59:36         23      0.00      0.00      0.00      0.00      0.00    100.00
03:59:36         24      0.00      0.00      0.00      0.00      0.00    100.00
03:59:36         25      0.00      0.00      0.00      0.00      0.00    100.00
03:59:36         26      0.00      0.00      0.00      0.00      0.00    100.00
03:59:36         27      0.00      0.00      0.00      0.00      0.00    100.00
03:59:36         28      0.00      0.00      0.00      0.00      0.00    100.00
03:59:36         29      0.00      0.00      0.00      0.00      0.00    100.00
03:59:36         30      0.00      0.00      1.00      0.00      0.00     99.00
03:59:36         31      0.00      0.00      0.00      0.00      0.00    100.00
03:59:36         32      0.00      0.00      0.00      0.00      0.00    100.00
03:59:36         33      0.00      0.00      0.00      0.00      0.00    100.00
03:59:36         34      0.00      0.00      0.00      0.00      0.00    100.00
03:59:36         35      0.00      0.00      0.00      0.00      0.00    100.00
03:59:36         36      0.00      0.00      0.00      0.00      0.00    100.00
03:59:36         37      0.00      0.00      0.00      0.00      0.00    100.00
03:59:36         38      0.00      0.00      0.00      0.00      0.00    100.00
03:59:36         39      0.00      0.00      0.00      0.00      0.00    100.00

03:59:36        CPU     %user     %nice   %system   %iowait    %steal     %idle
03:59:37        all      0.60      0.00      0.10      0.00      0.00     99.30
03:59:37          0      0.00      0.00      0.00      0.00      0.00    100.00
03:59:37          1      0.00      0.00      0.00      0.00      0.00    100.00
03:59:37          2      0.00      0.00      0.00      0.00      0.00    100.00
03:59:37          3     15.15      0.00      1.01      0.00      0.00     83.84
03:59:37          4      0.00      0.00      0.00      0.00      0.00    100.00
03:59:37          5      0.00      0.00      0.00      0.00      0.00    100.00
03:59:37          6      0.00      0.00      0.99      0.00      0.00     99.01
03:59:37          7      0.00      0.00      1.00      0.00      0.00     99.00
03:59:37          8      0.99      0.00      0.00      0.00      0.00     99.01
03:59:37          9      0.00      0.00      0.00      0.00      0.00    100.00
03:59:37         10      0.99      0.00      0.00      0.00      0.00     99.01
03:59:37         11      0.00      0.00      0.00      0.00      0.00    100.00
03:59:37         12      0.00      0.00      0.00      0.00      0.00    100.00
03:59:37         13      1.00      0.00      0.00      0.00      0.00     99.00
03:59:37         14      0.00      0.00      0.00      0.00      0.00    100.00
03:59:37         15      0.00      0.00      0.00      0.00      0.00    100.00
03:59:37         16      0.00      0.00      0.00      0.00      0.00    100.00
03:59:37         17      0.00      0.00      0.00      0.00      0.00    100.00
03:59:37         18      0.00      0.00      0.00      0.00      0.00    100.00
03:59:37         19      0.00      0.00      0.00      0.00      0.00    100.00
03:59:37         20      0.00      0.00      0.00      0.00      0.00    100.00
03:59:37         21      0.00      0.00      0.00      0.00      0.00    100.00
03:59:37         22      0.00      0.00      0.00      0.00      0.00    100.00
03:59:37         23      5.00      0.00      1.00      0.00      0.00     94.00
03:59:37         24      0.00      0.00      0.00      0.00      0.00    100.00
03:59:37         25      0.00      0.00      0.00      0.00      0.00    100.00
03:59:37         26      0.00      0.00      0.00      0.00      0.00    100.00
03:59:37         27      0.00      0.00      0.00      0.00      0.00    100.00
03:59:37         28      0.00      0.00      0.00      0.00      0.00    100.00
03:59:37         29      0.00      0.00      0.00      0.00      0.00    100.00
03:59:37         30      0.00      0.00      0.00      0.00      0.00    100.00
03:59:37         31      0.00      0.00      0.00      0.00      0.00    100.00
03:59:37         32      0.00      0.00      0.00      0.00      0.00    100.00
03:59:37         33      0.00      0.00      0.00      0.00      0.00    100.00
03:59:37         34      0.00      0.00      0.00      0.00      0.00    100.00
03:59:37         35      0.00      0.00      0.00      0.00      0.00    100.00
03:59:37         36      0.99      0.00      0.00      0.00      0.00     99.01
03:59:37         37      0.00      0.00      0.00      0.00      0.00    100.00
03:59:37         38      0.00      0.00      0.00      0.00      0.00    100.00
03:59:37         39      0.00      0.00      0.00      0.00      0.00    100.00

03:59:37        CPU     %user     %nice   %system   %iowait    %steal     %idle
03:59:38        all      1.23      0.00      0.33      0.13      0.00     98.32
03:59:38          0      1.00      0.00      0.00      0.00      0.00     99.00
03:59:38          1      6.93      0.00      1.98      0.00      0.00     91.09
03:59:38          2      0.00      0.00      0.00      0.00      0.00    100.00
03:59:38          3     33.33      0.00      3.03      1.01      0.00     62.63
03:59:38          4      1.00      0.00      0.00      0.00      0.00     99.00
03:59:38          5      1.00      0.00      1.00      0.00      0.00     98.00
03:59:38          6      0.00      0.00      1.00      0.00      0.00     99.00
03:59:38          7      0.00      0.00      0.00      0.00      0.00    100.00
03:59:38          8      0.00      0.00      2.00      0.00      0.00     98.00
03:59:38          9      0.00      0.00      0.00      0.00      0.00    100.00
03:59:38         10      0.00      0.00      1.00      0.00      0.00     99.00
03:59:38         11      0.00      0.00      0.00      0.00      0.00    100.00
03:59:38         12      0.00      0.00      0.00      0.00      0.00    100.00
03:59:38         13      0.00      0.00      0.00      0.00      0.00    100.00
03:59:38         14      0.99      0.00      0.00      0.00      0.00     99.01
03:59:38         15      0.00      0.00      0.00      0.00      0.00    100.00
03:59:38         16      0.00      0.00      0.00      0.00      0.00    100.00
03:59:38         17      0.00      0.00      0.00      0.00      0.00    100.00
03:59:38         18      0.00      0.00      0.00      0.00      0.00    100.00
03:59:38         19      0.00      0.00      0.00      0.00      0.00    100.00
03:59:38         20      0.00      0.00      0.00      0.00      0.00    100.00
03:59:38         21      0.00      0.00      0.00      0.00      0.00    100.00
03:59:38         22      0.00      0.00      0.00      0.00      0.00    100.00
03:59:38         23      0.00      0.00      0.00      0.00      0.00    100.00
03:59:38         24      0.00      0.00      0.00      0.00      0.00    100.00
03:59:38         25      0.99      0.00      0.00      0.00      0.00     99.01
03:59:38         26      0.99      0.00      0.00      0.00      0.00     99.01
03:59:38         27      0.99      0.00      0.99      0.00      0.00     98.02
03:59:38         28      0.00      0.00      0.00      0.00      0.00    100.00
03:59:38         29      0.00      0.00      0.99      0.00      0.00     99.01
03:59:38         30      0.99      0.00      0.00      2.97      0.00     96.04
03:59:38         31      0.00      0.00      0.00      0.00      0.00    100.00
03:59:38         32      0.00      0.00      0.00      0.00      0.00    100.00
03:59:38         33      0.00      0.00      0.00      0.00      0.00    100.00
03:59:38         34      0.00      0.00      0.00      0.00      0.00    100.00
03:59:38         35      0.00      0.00      0.99      0.00      0.00     99.01
03:59:38         36      2.00      0.00      1.00      2.00      0.00     95.00
03:59:38         37      0.00      0.00      0.00      0.00      0.00    100.00
03:59:38         38      0.00      0.00      1.00      0.00      0.00     99.00
03:59:38         39      0.98      0.00      0.98      0.00      0.00     98.04

03:59:38        CPU     %user     %nice   %system   %iowait    %steal     %idle
03:59:39        all      0.00      0.00      0.03      0.00      0.00     99.98
03:59:39          0      0.00      0.00      0.00      0.00      0.00    100.00
03:59:39          1      0.00      0.00      0.00      0.00      0.00    100.00
03:59:39          2      0.00      0.00      0.00      0.00      0.00    100.00
03:59:39          3      0.00      0.00      0.00      0.00      0.00    100.00
03:59:39          4      0.00      0.00      0.00      0.00      0.00    100.00
03:59:39          5      0.00      0.00      0.00      0.00      0.00    100.00
03:59:39          6      0.00      0.00      0.00      0.00      0.00    100.00
03:59:39          7      0.00      0.00      0.00      0.00      0.00    100.00
03:59:39          8      0.00      0.00      0.00      0.00      0.00    100.00
03:59:39          9      0.00      0.00      0.00      0.00      0.00    100.00
03:59:39         10      0.00      0.00      0.00      0.00      0.00    100.00
03:59:39         11      0.00      0.00      0.00      0.00      0.00    100.00
03:59:39         12      0.00      0.00      1.00      0.00      0.00     99.00
03:59:39         13      0.00      0.00      0.00      0.00      0.00    100.00
03:59:39         14      0.00      0.00      0.00      0.00      0.00    100.00
03:59:39         15      0.00      0.00      0.00      0.00      0.00    100.00
03:59:39         16      0.00      0.00      0.00      0.00      0.00    100.00
03:59:39         17      0.00      0.00      0.00      0.00      0.00    100.00
03:59:39         18      0.00      0.00      0.00      0.00      0.00    100.00
03:59:39         19      0.00      0.00      0.00      0.00      0.00    100.00
03:59:39         20      0.00      0.00      0.00      0.00      0.00    100.00
03:59:39         21      0.00      0.00      0.00      0.00      0.00    100.00
03:59:39         22      0.00      0.00      0.00      0.00      0.00    100.00
03:59:39         23      0.00      0.00      0.00      0.00      0.00    100.00
03:59:39         24      0.00      0.00      0.00      0.00      0.00    100.00
03:59:39         25      0.00      0.00      0.00      0.00      0.00    100.00
03:59:39         26      0.00      0.00      0.00      0.00      0.00    100.00
03:59:39         27      0.00      0.00      0.00      0.00      0.00    100.00
03:59:39         28      0.00      0.00      0.00      0.00      0.00    100.00
03:59:39         29      0.00      0.00      0.00      0.00      0.00    100.00
03:59:39         30      0.00      0.00      0.00      0.00      0.00    100.00
03:59:39         31      0.00      0.00      0.00      0.00      0.00    100.00
03:59:39         32      0.00      0.00      0.00      0.00      0.00    100.00
03:59:39         33      0.00      0.00      0.00      0.00      0.00    100.00
03:59:39         34      0.00      0.00      0.00      0.00      0.00    100.00
03:59:39         35      0.00      0.00      0.00      0.00      0.00    100.00
03:59:39         36      0.00      0.00      0.00      0.00      0.00    100.00
03:59:39         37      0.00      0.00      0.00      0.00      0.00    100.00
03:59:39         38      0.00      0.00      0.00      0.00      0.00    100.00
03:59:39         39      0.00      0.00      0.00      0.00      0.00    100.00

03:59:39        CPU     %user     %nice   %system   %iowait    %steal     %idle
03:59:40        all      0.70      0.00      0.15      0.00      0.00     99.15
03:59:40          0      0.00      0.00      0.00      0.00      0.00    100.00
03:59:40          1      0.00      0.00      0.00      0.00      0.00    100.00
03:59:40          2      0.00      0.00      0.00      0.00      0.00    100.00
03:59:40          3      0.00      0.00      0.00      0.00      0.00    100.00
03:59:40          4     24.00      0.00      3.00      0.00      0.00     73.00
03:59:40          5      0.00      0.00      0.00      0.00      0.00    100.00
03:59:40          6      0.00      0.00      0.00      0.00      0.00    100.00
03:59:40          7      0.00      0.00      0.00      0.00      0.00    100.00
03:59:40          8      0.00      0.00      0.00      0.00      0.00    100.00
03:59:40          9      0.00      0.00      0.00      0.00      0.00    100.00
03:59:40         10      0.00      0.00      0.00      0.00      0.00    100.00
03:59:40         11      0.00      0.00      0.00      0.00      0.00    100.00
03:59:40         12      0.00      0.00      0.00      0.00      0.00    100.00
03:59:40         13      0.99      0.00      0.00      0.00      0.00     99.01
03:59:40         14      0.00      0.00      0.00      0.00      0.00    100.00
03:59:40         15      0.00      0.00      0.00      0.00      0.00    100.00
03:59:40         16      0.00      0.00      0.00      0.00      0.00    100.00
03:59:40         17      0.00      0.00      0.00      0.00      0.00    100.00
03:59:40         18      0.00      0.00      0.00      0.00      0.00    100.00
03:59:40         19      0.00      0.00      0.00      0.00      0.00    100.00
03:59:40         20      0.00      0.00      0.00      0.00      0.00    100.00
03:59:40         21      0.98      0.00      0.98      0.00      0.00     98.04
03:59:40         22      0.00      0.00      0.00      0.00      0.00    100.00
03:59:40         23      0.00      0.00      0.00      0.00      0.00    100.00
03:59:40         24      1.00      0.00      0.00      0.00      0.00     99.00
03:59:40         25      0.00      0.00      1.98      0.00      0.00     98.02
03:59:40         26      0.00      0.00      0.00      0.00      0.00    100.00
03:59:40         27      0.00      0.00      0.00      0.00      0.00    100.00
03:59:40         28      0.00      0.00      0.00      0.00      0.00    100.00
03:59:40         29      0.00      0.00      0.00      0.00      0.00    100.00
03:59:40         30      0.00      0.00      0.00      0.00      0.00    100.00
03:59:40         31      0.00      0.00      0.00      0.00      0.00    100.00
03:59:40         32      0.00      0.00      0.00      0.00      0.00    100.00
03:59:40         33      0.00      0.00      0.00      0.00      0.00    100.00
03:59:40         34      0.00      0.00      0.00      0.00      0.00    100.00
03:59:40         35      2.00      0.00      0.00      0.00      0.00     98.00
03:59:40         36      0.00      0.00      0.00      0.00      0.00    100.00
03:59:40         37      0.00      0.00      0.00      0.00      0.00    100.00
03:59:40         38      0.00      0.00      0.00      0.00      0.00    100.00
03:59:40         39      0.00      0.00      0.00      0.00      0.00    100.00
