Linux 6.6.23 (eternity2) 	05/24/25 	_x86_64_	(40 CPU)

01:50:26    kbmemfree   kbavail kbmemused  %memused kbbuffers  kbcached  kbcommit   %commit  kbactive   kbinact   kbdirty
01:50:27     64271540  64022244   1337412      2.04       244    235088   2079648      3.12     52260    278872      3404
01:50:28     64271568  64022272   1337384      2.04       244    235092   2079648      3.12     52248    277968      3460
01:50:29     64271636  64022340   1337316      2.04       244    235092   2079648      3.12     52248    277968      3460
01:50:30     64271768  64022472   1337184      2.04       244    235100   2079648      3.12     52248    277968      3468
01:50:31     64271568  64022272   1337384      2.04       244    235104   2079648      3.12     52248    277968         8
01:50:32     64271568  64022272   1337384      2.04       244    235108   2079648      3.12     52248    277968        20
01:50:33     64271568  64022272   1337384      2.04       244    235112   2079648      3.12     52248    277968        24
01:50:34     64271568  64022272   1337384      2.04       244    235116   2079648      3.12     52248    277968        28
01:50:35     64271820  64022492   1337132      2.04       244    235124   2079648      3.12     52248    277968        36
01:50:36     64272048  64022720   1336904      2.04       244    235128   2079648      3.12     52248    277968        44
01:50:37     64272068  64022740   1336884      2.04       244    235132   2079648      3.12     52248    277968        16
01:50:38     64272072  64022744   1336880      2.04       244    235136   2079648      3.12     52248    277968        20
01:50:39     64268572  64019244   1340380      2.04       244    235140   2091368      3.14     52248    280148        24
01:50:40     64268132  64018836   1340820      2.04       244    235192   2091528      3.14     52352    289372      1908
01:50:41     64274904  64025648   1334048      2.03       244    235232   2079648      3.12     52292    278236       480
01:50:42     64274668  64025412   1334284      2.03       244    235232   2079648      3.12     52292    278236        16
01:50:43     64274524  64025268   1334428      2.03       244    235240   2079648      3.12     52292    278236        24
01:50:44     64274472  64025216   1334480      2.03       244    235244   2079648      3.12     52292    278236        28
01:50:45     64274472  64025216   1334480      2.03       244    235248   2079648      3.12     52292    278236        32
01:50:46     64274472  64025216   1334480      2.03       244    235256   2079648      3.12     52292    278236        40
01:50:47     64274472  64025216   1334480      2.03       244    235260   2079648      3.12     52292    278236        16
01:50:48     64274472  64025216   1334480      2.03       244    235260   2079648      3.12     52292    278236        20
01:50:49     64273996  64024740   1334956      2.03       244    235264   2081992      3.13     52292    278672        24
01:50:50     64276836  64027608   1332116      2.03       244    235288   2079648      3.12     52316    279956      1464
01:50:51     64279928  64030760   1329024      2.03       244    235412   2079648      3.12     52356    278352      1604
01:50:52     64278788  64029620   1330164      2.03       244    235416   2081992      3.13     52356    278788        12
