Linux 6.6.23 (eternity2) 	05/24/25 	_x86_64_	(40 CPU)

01:50:24        CPU     %user     %nice   %system   %iowait    %steal     %idle
01:50:25        all      2.00      0.00      0.78      0.75      0.00     96.47
01:50:25          0      0.00      0.00      0.00      0.00      0.00    100.00
01:50:25          1      0.00      0.00      0.00      1.01      0.00     98.99
01:50:25          2      9.90      0.00      2.97      5.94      0.00     81.19
01:50:25          3      0.00      0.00      0.00      0.00      0.00    100.00
01:50:25          4      3.03      0.00      3.03      7.07      0.00     86.87
01:50:25          5      0.00      0.00      1.00      2.00      0.00     97.00
01:50:25          6      0.00      0.00      1.02      0.00      0.00     98.98
01:50:25          7      0.00      0.00      0.00      0.00      0.00    100.00
01:50:25          8      0.00      0.00      0.00      0.00      0.00    100.00
01:50:25          9      0.00      0.00      0.00      0.00      0.00    100.00
01:50:25         10      0.00      0.00      0.00      0.00      0.00    100.00
01:50:25         11      1.98      0.00      0.99      0.00      0.00     97.03
01:50:25         12      6.00      0.00      1.00     12.00      0.00     81.00
01:50:25         13     45.45      0.00      7.07      0.00      0.00     47.47
01:50:25         14      1.00      0.00      0.00      0.00      0.00     99.00
01:50:25         15      0.00      0.00      0.00      2.00      0.00     98.00
01:50:25         16      2.97      0.00      0.99      0.00      0.00     96.04
01:50:25         17      0.00      0.00      0.00      0.00      0.00    100.00
01:50:25         18      0.00      0.00      1.00      0.00      0.00     99.00
01:50:25         19      0.00      0.00      0.00      0.00      0.00    100.00
01:50:25         20      0.00      0.00      0.00      0.00      0.00    100.00
01:50:25         21      0.00      0.00      0.00      0.00      0.00    100.00
01:50:25         22      0.00      0.00      0.99      0.99      0.00     98.02
01:50:25         23      0.00      0.00      1.98      0.00      0.00     98.02
01:50:25         24      0.00      0.00      0.00      0.00      0.00    100.00
01:50:25         25      1.00      0.00      0.00      0.00      0.00     99.00
01:50:25         26      0.00      0.00      0.00      0.00      0.00    100.00
01:50:25         27      0.00      0.00      0.00      0.00      0.00    100.00
01:50:25         28      1.00      0.00      1.00      0.00      0.00     98.00
01:50:25         29      4.00      0.00      2.00      2.00      0.00     92.00
01:50:25         30      0.00      0.00      1.00      0.00      0.00     99.00
01:50:25         31      0.00      0.00      0.00      0.00      0.00    100.00
01:50:25         32      0.00      0.00      0.00      0.00      0.00    100.00
01:50:25         33      3.00      0.00      3.00      0.00      0.00     94.00
01:50:25         34      0.00      0.00      0.00      0.00      0.00    100.00
01:50:25         35      0.00      0.00      0.00      0.00      0.00    100.00
01:50:25         36      0.00      0.00      0.00      0.00      0.00    100.00
01:50:25         37      0.00      0.00      0.00      0.00      0.00    100.00
01:50:25         38      0.00      0.00      0.00      0.00      0.00    100.00
01:50:25         39      0.00      0.00      1.00      0.00      0.00     99.00

01:50:25        CPU     %user     %nice   %system   %iowait    %steal     %idle
01:50:26        all      1.85      0.00      0.45      0.00      0.00     97.70
01:50:26          0      1.00      0.00      1.00      0.00      0.00     98.00
01:50:26          1      0.00      0.00      0.00      0.00      0.00    100.00
01:50:26          2     42.42      0.00      7.07      0.00      0.00     50.51
01:50:26          3      0.00      0.00      0.00      0.00      0.00    100.00
01:50:26          4      0.00      0.00      0.00      0.00      0.00    100.00
01:50:26          5      0.00      0.00      0.00      0.00      0.00    100.00
01:50:26          6      0.00      0.00      0.00      0.00      0.00    100.00
01:50:26          7      0.00      0.00      1.00      0.00      0.00     99.00
01:50:26          8      0.00      0.00      0.00      0.00      0.00    100.00
01:50:26          9     14.14      0.00      0.00      0.00      0.00     85.86
01:50:26         10      0.00      0.00      0.00      0.00      0.00    100.00
01:50:26         11      0.00      0.00      0.00      0.00      0.00    100.00
01:50:26         12      0.00      0.00      0.00      0.00      0.00    100.00
01:50:26         13      1.98      0.00      0.99      0.00      0.00     97.03
01:50:26         14      1.00      0.00      1.00      0.00      0.00     98.00
01:50:26         15      1.00      0.00      0.00      0.00      0.00     99.00
01:50:26         16      0.00      0.00      0.00      0.00      0.00    100.00
01:50:26         17      0.00      0.00      1.98      0.00      0.00     98.02
01:50:26         18      7.92      0.00      1.98      0.00      0.00     90.10
01:50:26         19      0.00      0.00      0.00      0.00      0.00    100.00
01:50:26         20      0.00      0.00      0.00      0.00      0.00    100.00
01:50:26         21      0.00      0.00      0.00      0.00      0.00    100.00
01:50:26         22      0.00      0.00      0.00      0.00      0.00    100.00
01:50:26         23      0.00      0.00      0.00      0.00      0.00    100.00
01:50:26         24      0.00      0.00      0.00      0.00      0.00    100.00
01:50:26         25      0.00      0.00      0.00      0.00      0.00    100.00
01:50:26         26      0.00      0.00      0.00      0.00      0.00    100.00
01:50:26         27      0.00      0.00      0.00      0.00      0.00    100.00
01:50:26         28      0.00      0.00      0.00      0.00      0.00    100.00
01:50:26         29      2.02      0.00      1.01      0.00      0.00     96.97
01:50:26         30      0.99      0.00      0.99      0.00      0.00     98.02
01:50:26         31      0.00      0.00      1.00      0.00      0.00     99.00
01:50:26         32      0.00      0.00      0.00      0.00      0.00    100.00
01:50:26         33      0.00      0.00      0.00      0.00      0.00    100.00
01:50:26         34      0.00      0.00      0.00      0.00      0.00    100.00
01:50:26         35      0.00      0.00      0.00      0.00      0.00    100.00
01:50:26         36      0.00      0.00      0.00      0.00      0.00    100.00
01:50:26         37      0.00      0.00      0.00      0.00      0.00    100.00
01:50:26         38      0.00      0.00      0.00      0.00      0.00    100.00
01:50:26         39      1.01      0.00      0.00      0.00      0.00     98.99

01:50:26        CPU     %user     %nice   %system   %iowait    %steal     %idle
01:50:27        all      1.15      0.00      0.33      0.00      0.00     98.52
01:50:27          0      0.00      0.00      0.00      0.00      0.00    100.00
01:50:27          1      0.00      0.00      0.00      0.00      0.00    100.00
01:50:27          2      0.00      0.00      0.00      0.00      0.00    100.00
01:50:27          3      0.00      0.00      0.00      0.00      0.00    100.00
01:50:27          4      0.00      0.00      0.00      0.00      0.00    100.00
01:50:27          5      0.00      0.00      0.00      0.00      0.00    100.00
01:50:27          6      0.00      0.00      0.00      0.00      0.00    100.00
01:50:27          7      0.00      0.00      0.00      0.00      0.00    100.00
01:50:27          8      0.00      0.00      0.00      0.00      0.00    100.00
01:50:27          9     35.64      0.00      6.93      0.00      0.00     57.43
01:50:27         10      0.98      0.00      0.98      0.00      0.00     98.04
01:50:27         11      0.00      0.00      0.00      0.00      0.00    100.00
01:50:27         12      0.00      0.00      0.99      0.00      0.00     99.01
01:50:27         13      1.00      0.00      0.00      0.00      0.00     99.00
01:50:27         14      0.00      0.00      0.00      0.00      0.00    100.00
01:50:27         15      0.00      0.00      1.00      0.00      0.00     99.00
01:50:27         16      0.00      0.00      0.00      0.00      0.00    100.00
01:50:27         17      0.00      0.00      0.00      0.00      0.00    100.00
01:50:27         18      1.00      0.00      0.00      0.00      0.00     99.00
01:50:27         19      0.00      0.00      0.00      0.00      0.00    100.00
01:50:27         20      0.00      0.00      0.00      0.00      0.00    100.00
01:50:27         21      0.00      0.00      0.00      0.00      0.00    100.00
01:50:27         22      0.00      0.00      0.00      0.00      0.00    100.00
01:50:27         23      0.00      0.00      0.00      0.00      0.00    100.00
01:50:27         24      0.00      0.00      0.00      0.00      0.00    100.00
01:50:27         25      0.00      0.00      0.00      0.00      0.00    100.00
01:50:27         26      0.00      0.00      0.00      0.00      0.00    100.00
01:50:27         27      0.00      0.00      0.00      0.00      0.00    100.00
01:50:27         28      0.00      0.00      0.00      0.00      0.00    100.00
01:50:27         29      0.00      0.00      0.00      0.00      0.00    100.00
01:50:27         30      0.00      0.00      0.00      0.00      0.00    100.00
01:50:27         31      0.99      0.00      0.99      0.00      0.00     98.02
01:50:27         32      0.00      0.00      0.00      0.00      0.00    100.00
01:50:27         33      0.00      0.00      0.00      0.00      0.00    100.00
01:50:27         34      0.00      0.00      0.00      0.00      0.00    100.00
01:50:27         35      0.00      0.00      0.00      0.00      0.00    100.00
01:50:27         36      0.00      0.00      0.00      0.00      0.00    100.00
01:50:27         37      6.06      0.00      1.01      0.00      0.00     92.93
01:50:27         38      0.00      0.00      0.00      0.00      0.00    100.00
01:50:27         39      1.98      0.00      0.00      0.00      0.00     98.02

01:50:27        CPU     %user     %nice   %system   %iowait    %steal     %idle
01:50:28        all      0.00      0.00      0.00      0.00      0.00    100.00
01:50:28          0      0.00      0.00      0.00      0.00      0.00    100.00
01:50:28          1      0.00      0.00      0.00      0.00      0.00    100.00
01:50:28          2      0.00      0.00      0.00      0.00      0.00    100.00
01:50:28          3      0.00      0.00      0.00      0.00      0.00    100.00
01:50:28          4      0.00      0.00      0.00      0.00      0.00    100.00
01:50:28          5      0.00      0.00      0.00      0.00      0.00    100.00
01:50:28          6      0.00      0.00      0.00      0.00      0.00    100.00
01:50:28          7      0.00      0.00      0.00      0.00      0.00    100.00
01:50:28          8      0.00      0.00      0.00      0.00      0.00    100.00
01:50:28          9      0.00      0.00      0.00      0.00      0.00    100.00
01:50:28         10      0.00      0.00      0.00      0.00      0.00    100.00
01:50:28         11      0.00      0.00      0.00      0.00      0.00    100.00
01:50:28         12      0.00      0.00      0.00      0.00      0.00    100.00
01:50:28         13      0.00      0.00      0.00      0.00      0.00    100.00
01:50:28         14      0.00      0.00      0.00      0.00      0.00    100.00
01:50:28         15      0.00      0.00      0.00      0.00      0.00    100.00
01:50:28         16      0.00      0.00      0.00      0.00      0.00    100.00
01:50:28         17      0.00      0.00      0.00      0.00      0.00    100.00
01:50:28         18      0.00      0.00      0.00      0.00      0.00    100.00
01:50:28         19      0.00      0.00      0.00      0.00      0.00    100.00
01:50:28         20      0.00      0.00      0.00      0.00      0.00    100.00
01:50:28         21      0.00      0.00      0.00      0.00      0.00    100.00
01:50:28         22      0.00      0.00      0.00      0.00      0.00    100.00
01:50:28         23      0.00      0.00      0.00      0.00      0.00    100.00
01:50:28         24      0.00      0.00      0.00      0.00      0.00    100.00
01:50:28         25      0.00      0.00      0.00      0.00      0.00    100.00
01:50:28         26      0.00      0.00      0.00      0.00      0.00    100.00
01:50:28         27      0.00      0.00      0.00      0.00      0.00    100.00
01:50:28         28      0.00      0.00      0.00      0.00      0.00    100.00
01:50:28         29      0.00      0.00      0.00      0.00      0.00    100.00
01:50:28         30      0.00      0.00      0.00      0.00      0.00    100.00
01:50:28         31      0.00      0.00      0.00      0.00      0.00    100.00
01:50:28         32      0.00      0.00      0.00      0.00      0.00    100.00
01:50:28         33      0.00      0.00      0.00      0.00      0.00    100.00
01:50:28         34      0.00      0.00      0.00      0.00      0.00    100.00
01:50:28         35      0.00      0.00      0.00      0.00      0.00    100.00
01:50:28         36      0.00      0.00      0.00      0.00      0.00    100.00
01:50:28         37      0.00      0.00      0.00      0.00      0.00    100.00
01:50:28         38      0.00      0.00      0.00      0.00      0.00    100.00
01:50:28         39      0.00      0.00      0.00      0.00      0.00    100.00

01:50:28        CPU     %user     %nice   %system   %iowait    %steal     %idle
01:50:29        all      0.00      0.00      0.00      0.00      0.00    100.00
01:50:29          0      0.00      0.00      0.00      0.00      0.00    100.00
01:50:29          1      0.00      0.00      0.00      0.00      0.00    100.00
01:50:29          2      0.00      0.00      0.00      0.00      0.00    100.00
01:50:29          3      0.00      0.00      0.00      0.00      0.00    100.00
01:50:29          4      0.00      0.00      0.00      0.00      0.00    100.00
01:50:29          5      0.00      0.00      0.00      0.00      0.00    100.00
01:50:29          6      0.00      0.00      0.00      0.00      0.00    100.00
01:50:29          7      0.00      0.00      0.00      0.00      0.00    100.00
01:50:29          8      0.00      0.00      0.00      0.00      0.00    100.00
01:50:29          9      0.00      0.00      0.00      0.00      0.00    100.00
01:50:29         10      0.00      0.00      0.00      0.00      0.00    100.00
01:50:29         11      0.00      0.00      0.00      0.00      0.00    100.00
01:50:29         12      0.00      0.00      0.00      0.00      0.00    100.00
01:50:29         13      0.00      0.00      0.00      0.00      0.00    100.00
01:50:29         14      0.00      0.00      0.00      0.00      0.00    100.00
01:50:29         15      0.00      0.00      0.00      0.00      0.00    100.00
01:50:29         16      0.00      0.00      0.00      0.00      0.00    100.00
01:50:29         17      0.00      0.00      0.00      0.00      0.00    100.00
01:50:29         18      0.00      0.00      0.00      0.00      0.00    100.00
01:50:29         19      0.00      0.00      0.00      0.00      0.00    100.00
01:50:29         20      0.00      0.00      0.00      0.00      0.00    100.00
01:50:29         21      0.00      0.00      0.00      0.00      0.00    100.00
01:50:29         22      0.00      0.00      0.00      0.00      0.00    100.00
01:50:29         23      0.00      0.00      0.00      0.00      0.00    100.00
01:50:29         24      0.00      0.00      0.00      0.00      0.00    100.00
01:50:29         25      0.00      0.00      0.00      0.00      0.00    100.00
01:50:29         26      0.00      0.00      0.00      0.00      0.00    100.00
01:50:29         27      0.00      0.00      0.00      0.00      0.00    100.00
01:50:29         28      0.00      0.00      0.00      0.00      0.00    100.00
01:50:29         29      0.00      0.00      0.00      0.00      0.00    100.00
01:50:29         30      0.00      0.00      0.00      0.00      0.00    100.00
01:50:29         31      0.00      0.00      0.00      0.00      0.00    100.00
01:50:29         32      0.00      0.00      0.00      0.00      0.00    100.00
01:50:29         33      0.00      0.00      0.00      0.00      0.00    100.00
01:50:29         34      0.00      0.00      0.00      0.00      0.00    100.00
01:50:29         35      0.00      0.00      0.00      0.00      0.00    100.00
01:50:29         36      0.00      0.00      0.00      0.00      0.00    100.00
01:50:29         37      0.00      0.00      0.00      0.00      0.00    100.00
01:50:29         38      0.00      0.00      0.00      0.00      0.00    100.00
01:50:29         39      0.00      0.00      0.00      0.00      0.00    100.00

01:50:29        CPU     %user     %nice   %system   %iowait    %steal     %idle
01:50:30        all      0.00      0.00      0.00      0.08      0.00     99.92
01:50:30          0      0.00      0.00      0.00      3.03      0.00     96.97
01:50:30          1      0.00      0.00      0.00      0.00      0.00    100.00
01:50:30          2      0.00      0.00      0.00      0.00      0.00    100.00
01:50:30          3      0.00      0.00      0.00      0.00      0.00    100.00
01:50:30          4      0.00      0.00      0.00      0.00      0.00    100.00
01:50:30          5      0.00      0.00      0.00      0.00      0.00    100.00
01:50:30          6      0.00      0.00      0.00      0.00      0.00    100.00
01:50:30          7      0.00      0.00      0.00      0.00      0.00    100.00
01:50:30          8      0.00      0.00      0.00      0.00      0.00    100.00
01:50:30          9      0.00      0.00      0.00      0.00      0.00    100.00
01:50:30         10      0.00      0.00      0.00      0.00      0.00    100.00
01:50:30         11      0.00      0.00      0.00      0.00      0.00    100.00
01:50:30         12      0.00      0.00      0.00      0.00      0.00    100.00
01:50:30         13      0.00      0.00      0.00      0.00      0.00    100.00
01:50:30         14      0.00      0.00      0.00      0.00      0.00    100.00
01:50:30         15      0.00      0.00      0.00      0.00      0.00    100.00
01:50:30         16      0.00      0.00      0.00      0.00      0.00    100.00
01:50:30         17      0.00      0.00      0.00      0.00      0.00    100.00
01:50:30         18      0.00      0.00      0.00      0.00      0.00    100.00
01:50:30         19      0.00      0.00      0.00      0.00      0.00    100.00
01:50:30         20      0.00      0.00      0.00      0.00      0.00    100.00
01:50:30         21      0.00      0.00      0.00      0.00      0.00    100.00
01:50:30         22      0.00      0.00      0.00      0.00      0.00    100.00
01:50:30         23      0.00      0.00      0.00      0.00      0.00    100.00
01:50:30         24      0.00      0.00      0.00      0.00      0.00    100.00
01:50:30         25      0.00      0.00      0.00      0.00      0.00    100.00
01:50:30         26      0.00      0.00      0.00      0.00      0.00    100.00
01:50:30         27      0.00      0.00      0.00      0.00      0.00    100.00
01:50:30         28      0.00      0.00      0.00      0.00      0.00    100.00
01:50:30         29      0.00      0.00      0.00      0.00      0.00    100.00
01:50:30         30      0.00      0.00      0.00      0.00      0.00    100.00
01:50:30         31      0.00      0.00      0.00      0.00      0.00    100.00
01:50:30         32      0.00      0.00      0.00      0.00      0.00    100.00
01:50:30         33      0.00      0.00      0.00      0.00      0.00    100.00
01:50:30         34      0.00      0.00      0.00      0.00      0.00    100.00
01:50:30         35      0.00      0.00      0.00      0.00      0.00    100.00
01:50:30         36      0.00      0.00      0.00      0.00      0.00    100.00
01:50:30         37      0.00      0.00      0.00      0.00      0.00    100.00
01:50:30         38      0.00      0.00      0.00      0.00      0.00    100.00
01:50:30         39      0.00      0.00      0.00      0.00      0.00    100.00

01:50:30        CPU     %user     %nice   %system   %iowait    %steal     %idle
01:50:31        all      0.00      0.00      0.03      0.00      0.00     99.97
01:50:31          0      0.00      0.00      0.00      0.00      0.00    100.00
01:50:31          1      0.00      0.00      0.00      0.00      0.00    100.00
01:50:31          2      0.00      0.00      0.00      0.00      0.00    100.00
01:50:31          3      0.00      0.00      0.00      0.00      0.00    100.00
01:50:31          4      0.00      0.00      0.00      0.00      0.00    100.00
01:50:31          5      0.00      0.00      0.00      0.00      0.00    100.00
01:50:31          6      0.00      0.00      0.00      0.00      0.00    100.00
01:50:31          7      0.00      0.00      0.00      0.00      0.00    100.00
01:50:31          8      0.00      0.00      0.00      0.00      0.00    100.00
01:50:31          9      0.00      0.00      0.00      0.00      0.00    100.00
01:50:31         10      0.00      0.00      0.00      0.00      0.00    100.00
01:50:31         11      0.00      0.00      0.00      0.00      0.00    100.00
01:50:31         12      0.00      0.00      0.00      0.00      0.00    100.00
01:50:31         13      0.00      0.00      1.00      0.00      0.00     99.00
01:50:31         14      0.00      0.00      0.00      0.00      0.00    100.00
01:50:31         15      0.00      0.00      0.00      0.00      0.00    100.00
01:50:31         16      0.00      0.00      0.00      0.00      0.00    100.00
01:50:31         17      0.00      0.00      0.00      0.00      0.00    100.00
01:50:31         18      0.00      0.00      0.00      0.00      0.00    100.00
01:50:31         19      0.00      0.00      0.00      0.00      0.00    100.00
01:50:31         20      0.00      0.00      0.00      0.00      0.00    100.00
01:50:31         21      0.00      0.00      0.00      0.00      0.00    100.00
01:50:31         22      0.00      0.00      0.00      0.00      0.00    100.00
01:50:31         23      0.00      0.00      0.00      0.00      0.00    100.00
01:50:31         24      0.00      0.00      0.00      0.00      0.00    100.00
01:50:31         25      0.00      0.00      0.00      0.00      0.00    100.00
01:50:31         26      0.00      0.00      0.00      0.00      0.00    100.00
01:50:31         27      0.00      0.00      0.00      0.00      0.00    100.00
01:50:31         28      0.00      0.00      0.00      0.00      0.00    100.00
01:50:31         29      0.00      0.00      0.00      0.00      0.00    100.00
01:50:31         30      0.00      0.00      0.00      0.00      0.00    100.00
01:50:31         31      0.00      0.00      0.00      0.00      0.00    100.00
01:50:31         32      0.00      0.00      0.00      0.00      0.00    100.00
01:50:31         33      0.00      0.00      0.00      0.00      0.00    100.00
01:50:31         34      0.00      0.00      0.00      0.00      0.00    100.00
01:50:31         35      0.00      0.00      0.00      0.00      0.00    100.00
01:50:31         36      0.00      0.00      0.00      0.00      0.00    100.00
01:50:31         37      0.00      0.00      0.00      0.00      0.00    100.00
01:50:31         38      0.00      0.00      0.00      0.00      0.00    100.00
01:50:31         39      0.00      0.00      0.00      0.00      0.00    100.00

01:50:31        CPU     %user     %nice   %system   %iowait    %steal     %idle
01:50:32        all      0.00      0.00      0.00      0.00      0.00    100.00
01:50:32          0      0.00      0.00      0.00      0.00      0.00    100.00
01:50:32          1      0.00      0.00      0.00      0.00      0.00    100.00
01:50:32          2      0.00      0.00      0.00      0.00      0.00    100.00
01:50:32          3      0.00      0.00      0.00      0.00      0.00    100.00
01:50:32          4      0.99      0.00      0.00      0.00      0.00     99.01
01:50:32          5      0.00      0.00      0.00      0.00      0.00    100.00
01:50:32          6      0.00      0.00      0.00      0.00      0.00    100.00
01:50:32          7      0.00      0.00      0.00      0.00      0.00    100.00
01:50:32          8      0.00      0.00      0.00      0.00      0.00    100.00
01:50:32          9      0.00      0.00      0.00      0.00      0.00    100.00
01:50:32         10      0.00      0.00      0.00      0.00      0.00    100.00
01:50:32         11      0.00      0.00      0.00      0.00      0.00    100.00
01:50:32         12      0.00      0.00      0.00      0.00      0.00    100.00
01:50:32         13      0.00      0.00      0.00      0.00      0.00    100.00
01:50:32         14      0.00      0.00      0.00      0.00      0.00    100.00
01:50:32         15      0.00      0.00      0.00      0.00      0.00    100.00
01:50:32         16      0.00      0.00      0.00      0.00      0.00    100.00
01:50:32         17      0.00      0.00      0.00      0.00      0.00    100.00
01:50:32         18      0.00      0.00      0.00      0.00      0.00    100.00
01:50:32         19      0.00      0.00      0.00      0.00      0.00    100.00
01:50:32         20      0.00      0.00      0.00      0.00      0.00    100.00
01:50:32         21      0.00      0.00      0.00      0.00      0.00    100.00
01:50:32         22      0.00      0.00      0.00      0.00      0.00    100.00
01:50:32         23      0.00      0.00      0.00      0.00      0.00    100.00
01:50:32         24      0.00      0.00      0.00      0.00      0.00    100.00
01:50:32         25      0.00      0.00      0.00      0.00      0.00    100.00
01:50:32         26      0.00      0.00      0.00      0.00      0.00    100.00
01:50:32         27      0.00      0.00      0.00      0.00      0.00    100.00
01:50:32         28      0.00      0.00      0.00      0.00      0.00    100.00
01:50:32         29      0.00      0.00      0.00      0.00      0.00    100.00
01:50:32         30      0.00      0.00      0.00      0.00      0.00    100.00
01:50:32         31      0.00      0.00      0.00      0.00      0.00    100.00
01:50:32         32      0.00      0.00      0.00      0.00      0.00    100.00
01:50:32         33      0.00      0.00      0.00      0.00      0.00    100.00
01:50:32         34      0.00      0.00      0.00      0.00      0.00    100.00
01:50:32         35      0.00      0.00      0.00      0.00      0.00    100.00
01:50:32         36      0.00      0.00      0.00      0.00      0.00    100.00
01:50:32         37      0.00      0.00      0.00      0.00      0.00    100.00
01:50:32         38      0.00      0.00      0.00      0.00      0.00    100.00
01:50:32         39      0.00      0.00      0.00      0.00      0.00    100.00

01:50:32        CPU     %user     %nice   %system   %iowait    %steal     %idle
01:50:33        all      0.00      0.00      0.00      0.00      0.00    100.00
01:50:33          0      0.00      0.00      0.00      0.00      0.00    100.00
01:50:33          1      0.00      0.00      0.00      0.00      0.00    100.00
01:50:33          2      0.00      0.00      0.00      0.00      0.00    100.00
01:50:33          3      0.00      0.00      0.00      0.00      0.00    100.00
01:50:33          4      0.00      0.00      0.00      0.00      0.00    100.00
01:50:33          5      0.00      0.00      0.00      0.00      0.00    100.00
01:50:33          6      0.00      0.00      0.00      0.00      0.00    100.00
01:50:33          7      0.00      0.00      0.00      0.00      0.00    100.00
01:50:33          8      0.00      0.00      0.00      0.00      0.00    100.00
01:50:33          9      0.00      0.00      0.00      0.00      0.00    100.00
01:50:33         10      0.00      0.00      0.00      0.00      0.00    100.00
01:50:33         11      0.00      0.00      0.00      0.00      0.00    100.00
01:50:33         12      0.00      0.00      0.00      0.00      0.00    100.00
01:50:33         13      0.00      0.00      0.00      0.00      0.00    100.00
01:50:33         14      0.00      0.00      0.00      0.00      0.00    100.00
01:50:33         15      0.00      0.00      0.00      0.00      0.00    100.00
01:50:33         16      0.00      0.00      0.00      0.00      0.00    100.00
01:50:33         17      0.00      0.00      0.00      0.00      0.00    100.00
01:50:33         18      0.00      0.00      0.00      0.00      0.00    100.00
01:50:33         19      0.00      0.00      0.00      0.00      0.00    100.00
01:50:33         20      0.00      0.00      0.00      0.00      0.00    100.00
01:50:33         21      0.00      0.00      0.00      0.00      0.00    100.00
01:50:33         22      0.00      0.00      0.00      0.00      0.00    100.00
01:50:33         23      0.00      0.00      0.00      0.00      0.00    100.00
01:50:33         24      0.00      0.00      0.00      0.00      0.00    100.00
01:50:33         25      0.00      0.00      0.00      0.00      0.00    100.00
01:50:33         26      0.00      0.00      0.00      0.00      0.00    100.00
01:50:33         27      0.00      0.00      0.00      0.00      0.00    100.00
01:50:33         28      0.00      0.00      0.00      0.00      0.00    100.00
01:50:33         29      0.00      0.00      0.00      0.00      0.00    100.00
01:50:33         30      0.00      0.00      0.00      0.00      0.00    100.00
01:50:33         31      0.00      0.00      0.00      0.00      0.00    100.00
01:50:33         32      0.00      0.00      0.00      0.00      0.00    100.00
01:50:33         33      0.00      0.00      0.00      0.00      0.00    100.00
01:50:33         34      0.00      0.00      0.00      0.00      0.00    100.00
01:50:33         35      0.00      0.00      0.00      0.00      0.00    100.00
01:50:33         36      0.00      0.00      0.00      0.00      0.00    100.00
01:50:33         37      0.00      0.00      0.00      0.00      0.00    100.00
01:50:33         38      0.00      0.00      0.00      0.00      0.00    100.00
01:50:33         39      0.00      0.00      0.00      0.00      0.00    100.00

01:50:33        CPU     %user     %nice   %system   %iowait    %steal     %idle
01:50:34        all      0.00      0.00      0.03      0.00      0.00     99.97
01:50:34          0      0.00      0.00      0.00      0.00      0.00    100.00
01:50:34          1      0.00      0.00      0.00      0.00      0.00    100.00
01:50:34          2      0.00      0.00      0.00      0.00      0.00    100.00
01:50:34          3      0.00      0.00      0.00      0.00      0.00    100.00
01:50:34          4      0.00      0.00      0.00      0.00      0.00    100.00
01:50:34          5      0.00      0.00      0.00      0.00      0.00    100.00
01:50:34          6      0.00      0.00      0.00      0.00      0.00    100.00
01:50:34          7      0.00      0.00      0.00      0.00      0.00    100.00
01:50:34          8      0.00      0.00      0.00      0.00      0.00    100.00
01:50:34          9      0.00      0.00      0.00      0.00      0.00    100.00
01:50:34         10      0.00      0.00      0.00      0.00      0.00    100.00
01:50:34         11      0.00      0.00      0.00      0.00      0.00    100.00
01:50:34         12      0.00      0.00      0.00      0.00      0.00    100.00
01:50:34         13      0.00      0.00      0.00      0.00      0.00    100.00
01:50:34         14      0.00      0.00      0.00      0.00      0.00    100.00
01:50:34         15      0.00      0.00      0.00      0.00      0.00    100.00
01:50:34         16      0.00      0.00      0.00      0.00      0.00    100.00
01:50:34         17      0.00      0.00      0.00      0.00      0.00    100.00
01:50:34         18      0.00      0.00      0.00      0.00      0.00    100.00
01:50:34         19      0.00      0.00      0.00      0.00      0.00    100.00
01:50:34         20      0.00      0.00      0.00      0.00      0.00    100.00
01:50:34         21      0.00      0.00      0.00      0.00      0.00    100.00
01:50:34         22      0.00      0.00      0.00      0.00      0.00    100.00
01:50:34         23      0.00      0.00      0.00      0.00      0.00    100.00
01:50:34         24      0.00      0.00      0.00      0.00      0.00    100.00
01:50:34         25      0.00      0.00      0.00      0.00      0.00    100.00
01:50:34         26      0.00      0.00      0.00      0.00      0.00    100.00
01:50:34         27      0.00      0.00      0.00      0.00      0.00    100.00
01:50:34         28      0.00      0.00      0.00      0.00      0.00    100.00
01:50:34         29      0.00      0.00      0.00      0.00      0.00    100.00
01:50:34         30      0.00      0.00      0.00      0.00      0.00    100.00
01:50:34         31      0.00      0.00      0.00      0.00      0.00    100.00
01:50:34         32      0.00      0.00      0.00      0.00      0.00    100.00
01:50:34         33      0.00      0.00      0.00      0.00      0.00    100.00
01:50:34         34      0.00      0.00      0.00      0.00      0.00    100.00
01:50:34         35      0.00      0.00      0.00      0.00      0.00    100.00
01:50:34         36      0.00      0.00      0.00      0.00      0.00    100.00
01:50:34         37      0.00      0.00      0.00      0.00      0.00    100.00
01:50:34         38      0.00      0.00      0.00      0.00      0.00    100.00
01:50:34         39      0.00      0.00      0.00      0.00      0.00    100.00

01:50:34        CPU     %user     %nice   %system   %iowait    %steal     %idle
01:50:35        all      0.00      0.00      0.00      0.00      0.00    100.00
01:50:35          0      0.00      0.00      0.00      0.00      0.00    100.00
01:50:35          1      0.00      0.00      0.00      0.00      0.00    100.00
01:50:35          2      0.00      0.00      0.00      0.00      0.00    100.00
01:50:35          3      0.00      0.00      0.00      0.00      0.00    100.00
01:50:35          4      0.00      0.00      0.00      0.00      0.00    100.00
01:50:35          5      0.00      0.00      0.00      0.00      0.00    100.00
01:50:35          6      0.00      0.00      0.00      0.00      0.00    100.00
01:50:35          7      0.00      0.00      0.00      0.00      0.00    100.00
01:50:35          8      0.00      0.00      0.00      0.00      0.00    100.00
01:50:35          9      0.00      0.00      0.00      0.00      0.00    100.00
01:50:35         10      0.00      0.00      0.00      0.00      0.00    100.00
01:50:35         11      0.00      0.00      0.00      0.00      0.00    100.00
01:50:35         12      0.00      0.00      0.00      0.00      0.00    100.00
01:50:35         13      0.00      0.00      0.00      0.00      0.00    100.00
01:50:35         14      0.00      0.00      0.00      0.00      0.00    100.00
01:50:35         15      0.00      0.00      0.00      0.00      0.00    100.00
01:50:35         16      0.00      0.00      0.00      0.00      0.00    100.00
01:50:35         17      0.00      0.00      0.00      0.00      0.00    100.00
01:50:35         18      0.00      0.00      0.00      0.00      0.00    100.00
01:50:35         19      0.00      0.00      0.00      0.00      0.00    100.00
01:50:35         20      0.00      0.00      0.00      0.00      0.00    100.00
01:50:35         21      0.00      0.00      0.00      0.00      0.00    100.00
01:50:35         22      0.00      0.00      0.00      0.00      0.00    100.00
01:50:35         23      0.00      0.00      0.00      0.00      0.00    100.00
01:50:35         24      0.00      0.00      0.00      0.00      0.00    100.00
01:50:35         25      0.00      0.00      0.00      0.00      0.00    100.00
01:50:35         26      0.00      0.00      0.00      0.00      0.00    100.00
01:50:35         27      0.00      0.00      0.00      0.00      0.00    100.00
01:50:35         28      0.00      0.00      0.00      0.00      0.00    100.00
01:50:35         29      0.00      0.00      0.00      0.00      0.00    100.00
01:50:35         30      0.00      0.00      0.00      0.00      0.00    100.00
01:50:35         31      0.00      0.00      0.00      0.00      0.00    100.00
01:50:35         32      0.00      0.00      0.00      0.00      0.00    100.00
01:50:35         33      0.00      0.00      0.00      0.00      0.00    100.00
01:50:35         34      0.00      0.00      0.00      0.00      0.00    100.00
01:50:35         35      0.00      0.00      0.00      0.00      0.00    100.00
01:50:35         36      0.00      0.00      0.00      0.00      0.00    100.00
01:50:35         37      0.00      0.00      0.00      0.00      0.00    100.00
01:50:35         38      0.00      0.00      0.00      0.00      0.00    100.00
01:50:35         39      0.00      0.00      0.00      0.00      0.00    100.00

01:50:35        CPU     %user     %nice   %system   %iowait    %steal     %idle
01:50:36        all      0.00      0.00      0.00      0.00      0.00    100.00
01:50:36          0      0.00      0.00      0.00      0.00      0.00    100.00
01:50:36          1      0.00      0.00      0.00      0.00      0.00    100.00
01:50:36          2      0.00      0.00      0.00      0.00      0.00    100.00
01:50:36          3      0.00      0.00      0.00      0.00      0.00    100.00
01:50:36          4      0.00      0.00      0.00      0.00      0.00    100.00
01:50:36          5      0.00      0.00      0.00      0.00      0.00    100.00
01:50:36          6      0.00      0.00      0.00      0.00      0.00    100.00
01:50:36          7      0.00      0.00      0.00      0.00      0.00    100.00
01:50:36          8      0.00      0.00      0.00      0.00      0.00    100.00
01:50:36          9      0.00      0.00      0.00      0.00      0.00    100.00
01:50:36         10      0.00      0.00      0.00      0.00      0.00    100.00
01:50:36         11      0.00      0.00      0.00      0.00      0.00    100.00
01:50:36         12      0.00      0.00      0.00      0.00      0.00    100.00
01:50:36         13      0.00      0.00      0.00      0.00      0.00    100.00
01:50:36         14      0.00      0.00      0.00      0.00      0.00    100.00
01:50:36         15      0.00      0.00      0.00      0.00      0.00    100.00
01:50:36         16      0.00      0.00      0.00      0.00      0.00    100.00
01:50:36         17      0.00      0.00      0.00      0.00      0.00    100.00
01:50:36         18      0.00      0.00      0.00      0.00      0.00    100.00
01:50:36         19      0.00      0.00      0.00      0.00      0.00    100.00
01:50:36         20      0.00      0.00      0.00      0.00      0.00    100.00
01:50:36         21      0.00      0.00      0.00      0.00      0.00    100.00
01:50:36         22      0.00      0.00      0.00      0.00      0.00    100.00
01:50:36         23      0.00      0.00      0.00      0.00      0.00    100.00
01:50:36         24      0.00      0.00      0.00      0.00      0.00    100.00
01:50:36         25      0.00      0.00      0.00      0.00      0.00    100.00
01:50:36         26      0.00      0.00      0.00      0.00      0.00    100.00
01:50:36         27      0.00      0.00      0.00      0.00      0.00    100.00
01:50:36         28      0.00      0.00      0.00      0.00      0.00    100.00
01:50:36         29      0.00      0.00      0.00      0.00      0.00    100.00
01:50:36         30      0.00      0.00      0.00      0.00      0.00    100.00
01:50:36         31      0.00      0.00      0.00      0.00      0.00    100.00
01:50:36         32      0.00      0.00      0.00      0.00      0.00    100.00
01:50:36         33      0.00      0.00      0.00      0.00      0.00    100.00
01:50:36         34      0.00      0.00      0.00      0.00      0.00    100.00
01:50:36         35      0.00      0.00      0.00      0.00      0.00    100.00
01:50:36         36      0.00      0.00      0.00      0.00      0.00    100.00
01:50:36         37      0.00      0.00      0.00      0.00      0.00    100.00
01:50:36         38      0.00      0.00      0.00      0.00      0.00    100.00
01:50:36         39      0.00      0.00      0.00      0.00      0.00    100.00

01:50:36        CPU     %user     %nice   %system   %iowait    %steal     %idle
01:50:37        all      0.00      0.00      0.00      0.00      0.00    100.00
01:50:37          0      0.00      0.00      0.00      0.00      0.00    100.00
01:50:37          1      0.00      0.00      0.00      0.00      0.00    100.00
01:50:37          2      0.00      0.00      0.00      0.00      0.00    100.00
01:50:37          3      0.00      0.00      0.00      0.00      0.00    100.00
01:50:37          4      0.00      0.00      0.00      0.00      0.00    100.00
01:50:37          5      0.00      0.00      0.00      0.00      0.00    100.00
01:50:37          6      0.00      0.00      0.00      0.00      0.00    100.00
01:50:37          7      0.00      0.00      0.00      0.00      0.00    100.00
01:50:37          8      0.00      0.00      0.00      0.00      0.00    100.00
01:50:37          9      0.00      0.00      0.00      0.00      0.00    100.00
01:50:37         10      0.00      0.00      0.00      0.00      0.00    100.00
01:50:37         11      0.00      0.00      0.00      0.00      0.00    100.00
01:50:37         12      0.00      0.00      0.00      0.00      0.00    100.00
01:50:37         13      0.00      0.00      0.00      0.00      0.00    100.00
01:50:37         14      0.00      0.00      0.00      0.00      0.00    100.00
01:50:37         15      0.00      0.00      0.00      0.00      0.00    100.00
01:50:37         16      0.00      0.00      0.00      0.00      0.00    100.00
01:50:37         17      0.00      0.00      0.00      0.00      0.00    100.00
01:50:37         18      0.00      0.00      0.00      0.00      0.00    100.00
01:50:37         19      0.00      0.00      0.00      0.00      0.00    100.00
01:50:37         20      0.00      0.00      0.00      0.00      0.00    100.00
01:50:37         21      0.00      0.00      0.00      0.00      0.00    100.00
01:50:37         22      0.00      0.00      0.00      0.00      0.00    100.00
01:50:37         23      0.00      0.00      0.00      0.00      0.00    100.00
01:50:37         24      0.00      0.00      0.00      0.00      0.00    100.00
01:50:37         25      0.00      0.00      0.00      0.00      0.00    100.00
01:50:37         26      0.00      0.00      0.00      0.00      0.00    100.00
01:50:37         27      0.00      0.00      0.00      0.00      0.00    100.00
01:50:37         28      0.00      0.00      0.00      0.00      0.00    100.00
01:50:37         29      0.00      0.00      0.00      0.00      0.00    100.00
01:50:37         30      0.00      0.00      0.00      0.00      0.00    100.00
01:50:37         31      0.00      0.00      0.00      0.00      0.00    100.00
01:50:37         32      0.00      0.00      0.00      0.00      0.00    100.00
01:50:37         33      0.00      0.00      0.00      0.00      0.00    100.00
01:50:37         34      0.00      0.00      0.00      0.00      0.00    100.00
01:50:37         35      0.00      0.00      0.00      0.00      0.00    100.00
01:50:37         36      0.00      0.00      0.00      0.00      0.00    100.00
01:50:37         37      0.00      0.00      0.00      0.00      0.00    100.00
01:50:37         38      0.00      0.00      0.00      0.00      0.00    100.00
01:50:37         39      0.00      0.00      0.00      0.00      0.00    100.00

01:50:37        CPU     %user     %nice   %system   %iowait    %steal     %idle
01:50:38        all      0.00      0.00      0.00      0.00      0.00    100.00
01:50:38          0      0.00      0.00      0.00      0.00      0.00    100.00
01:50:38          1      0.00      0.00      0.00      0.00      0.00    100.00
01:50:38          2      0.00      0.00      0.00      0.00      0.00    100.00
01:50:38          3      0.00      0.00      0.00      0.00      0.00    100.00
01:50:38          4      0.00      0.00      0.00      0.00      0.00    100.00
01:50:38          5      0.00      0.00      0.00      0.00      0.00    100.00
01:50:38          6      0.00      0.00      0.00      0.00      0.00    100.00
01:50:38          7      0.00      0.00      0.00      0.00      0.00    100.00
01:50:38          8      0.00      0.00      0.00      0.00      0.00    100.00
01:50:38          9      0.00      0.00      0.00      0.00      0.00    100.00
01:50:38         10      0.00      0.00      0.00      0.00      0.00    100.00
01:50:38         11      0.00      0.00      0.00      0.00      0.00    100.00
01:50:38         12      0.00      0.00      0.00      0.00      0.00    100.00
01:50:38         13      0.00      0.00      0.00      0.00      0.00    100.00
01:50:38         14      0.00      0.00      0.00      0.00      0.00    100.00
01:50:38         15      0.00      0.00      0.00      0.00      0.00    100.00
01:50:38         16      0.00      0.00      0.00      0.00      0.00    100.00
01:50:38         17      0.00      0.00      0.00      0.00      0.00    100.00
01:50:38         18      0.00      0.00      0.00      0.00      0.00    100.00
01:50:38         19      0.00      0.00      0.00      0.00      0.00    100.00
01:50:38         20      0.00      0.00      0.00      0.00      0.00    100.00
01:50:38         21      0.00      0.00      0.00      0.00      0.00    100.00
01:50:38         22      0.00      0.00      0.00      0.00      0.00    100.00
01:50:38         23      0.00      0.00      0.00      0.00      0.00    100.00
01:50:38         24      0.00      0.00      0.00      0.00      0.00    100.00
01:50:38         25      0.00      0.00      0.00      0.00      0.00    100.00
01:50:38         26      0.00      0.00      0.00      0.00      0.00    100.00
01:50:38         27      0.00      0.00      0.00      0.00      0.00    100.00
01:50:38         28      0.00      0.00      0.00      0.00      0.00    100.00
01:50:38         29      0.00      0.00      0.00      0.00      0.00    100.00
01:50:38         30      0.00      0.00      0.00      0.00      0.00    100.00
01:50:38         31      0.00      0.00      0.00      0.00      0.00    100.00
01:50:38         32      0.00      0.00      0.00      0.00      0.00    100.00
01:50:38         33      0.00      0.00      0.00      0.00      0.00    100.00
01:50:38         34      0.00      0.00      0.00      0.00      0.00    100.00
01:50:38         35      0.00      0.00      0.00      0.00      0.00    100.00
01:50:38         36      0.00      0.00      0.00      0.00      0.00    100.00
01:50:38         37      0.00      0.00      0.00      0.00      0.00    100.00
01:50:38         38      0.00      0.00      0.00      0.00      0.00    100.00
01:50:38         39      0.00      0.00      0.00      0.00      0.00    100.00

01:50:38        CPU     %user     %nice   %system   %iowait    %steal     %idle
01:50:39        all      2.30      0.00      0.40      0.00      0.00     97.30
01:50:39          0     18.18      0.00      2.02      0.00      0.00     79.80
01:50:39          1     15.00      0.00      2.00      0.00      0.00     83.00
01:50:39          2      0.99      0.00      0.00      0.00      0.00     99.01
01:50:39          3      0.00      0.00      1.00      0.00      0.00     99.00
01:50:39          4      0.00      0.00      0.00      0.00      0.00    100.00
01:50:39          5      0.00      0.00      0.99      0.00      0.00     99.01
01:50:39          6      0.00      0.00      0.00      0.00      0.00    100.00
01:50:39          7      1.00      0.00      0.00      0.00      0.00     99.00
01:50:39          8      0.00      0.00      0.00      0.00      0.00    100.00
01:50:39          9      7.00      0.00      0.00      0.00      0.00     93.00
01:50:39         10      0.00      0.00      0.00      0.00      0.00    100.00
01:50:39         11      1.00      0.00      0.00      0.00      0.00     99.00
01:50:39         12      2.04      0.00      0.00      0.00      0.00     97.96
01:50:39         13      0.00      0.00      0.00      0.00      0.00    100.00
01:50:39         14      1.01      0.00      1.01      0.00      0.00     97.98
01:50:39         15     17.17      0.00      1.01      0.00      0.00     81.82
01:50:39         16      1.00      0.00      1.00      0.00      0.00     98.00
01:50:39         17      0.00      0.00      1.00      0.00      0.00     99.00
01:50:39         18      0.00      0.00      0.00      0.00      0.00    100.00
01:50:39         19      0.00      0.00      1.00      0.00      0.00     99.00
01:50:39         20      0.00      0.00      0.00      0.00      0.00    100.00
01:50:39         21      0.00      0.00      0.00      0.00      0.00    100.00
01:50:39         22      0.99      0.00      0.00      0.00      0.00     99.01
01:50:39         23      0.00      0.00      0.00      0.00      0.00    100.00
01:50:39         24      0.00      0.00      0.00      0.00      0.00    100.00
01:50:39         25      0.00      0.00      0.00      0.00      0.00    100.00
01:50:39         26      0.00      0.00      0.00      0.00      0.00    100.00
01:50:39         27      0.00      0.00      0.00      0.00      0.00    100.00
01:50:39         28      2.02      0.00      0.00      0.00      0.00     97.98
01:50:39         29      9.00      0.00      1.00      0.00      0.00     90.00
01:50:39         30      0.00      0.00      1.01      0.00      0.00     98.99
01:50:39         31      0.00      0.00      0.00      0.00      0.00    100.00
01:50:39         32     13.86      0.00      2.97      0.00      0.00     83.17
01:50:39         33      0.00      0.00      0.00      0.00      0.00    100.00
01:50:39         34      0.00      0.00      0.00      0.00      0.00    100.00
01:50:39         35      0.00      0.00      0.00      0.00      0.00    100.00
01:50:39         36      0.00      0.00      0.00      0.00      0.00    100.00
01:50:39         37      0.00      0.00      0.00      0.00      0.00    100.00
01:50:39         38      1.00      0.00      0.00      0.00      0.00     99.00
01:50:39         39      0.00      0.00      0.99      0.00      0.00     99.01

01:50:39        CPU     %user     %nice   %system   %iowait    %steal     %idle
01:50:40        all      6.04      0.00      1.78      0.20      0.00     91.98
01:50:40          0      9.90      0.00      2.97      0.00      0.00     87.13
01:50:40          1      2.00      0.00      2.00      0.00      0.00     96.00
01:50:40          2      5.94      0.00      4.95      0.00      0.00     89.11
01:50:40          3     24.75      0.00      2.97      0.00      0.00     72.28
01:50:40          4      0.00      0.00      2.02      0.00      0.00     97.98
01:50:40          5      1.00      0.00      1.00      0.00      0.00     98.00
01:50:40          6      0.99      0.00      0.99      0.00      0.00     98.02
01:50:40          7      1.02      0.00      0.00      2.04      0.00     96.94
01:50:40          8     27.00      0.00      5.00      0.00      0.00     68.00
01:50:40          9      2.02      0.00      0.00      0.00      0.00     97.98
01:50:40         10     25.25      0.00      3.03      0.00      0.00     71.72
01:50:40         11      1.01      0.00      0.00      0.00      0.00     98.99
01:50:40         12      2.97      0.00      2.97      0.00      0.00     94.06
01:50:40         13     36.00      0.00      8.00      0.00      0.00     56.00
01:50:40         14      1.98      0.00      0.99      0.00      0.00     97.03
01:50:40         15      2.00      0.00      2.00      0.00      0.00     96.00
01:50:40         16     32.00      0.00      9.00      0.00      0.00     59.00
01:50:40         17      2.00      0.00      1.00      0.00      0.00     97.00
01:50:40         18      1.01      0.00      0.00      0.00      0.00     98.99
01:50:40         19      2.02      0.00      0.00      1.01      0.00     96.97
01:50:40         20      0.00      0.00      0.00      0.00      0.00    100.00
01:50:40         21      0.00      0.00      0.00      0.00      0.00    100.00
01:50:40         22      2.02      0.00      1.01      0.00      0.00     96.97
01:50:40         23     10.00      0.00      4.00      0.00      0.00     86.00
01:50:40         24      5.05      0.00      1.01      0.00      0.00     93.94
01:50:40         25      0.99      0.00      1.98      0.00      0.00     97.03
01:50:40         26      0.00      0.00      1.98      0.00      0.00     98.02
01:50:40         27      0.00      0.00      0.00      0.00      0.00    100.00
01:50:40         28      7.07      0.00      2.02      2.02      0.00     88.89
01:50:40         29      3.06      0.00      1.02      1.02      0.00     94.90
01:50:40         30     12.12      0.00      1.01      0.00      0.00     86.87
01:50:40         31      2.02      0.00      1.01      1.01      0.00     95.96
01:50:40         32     11.11      0.00      2.02      0.00      0.00     86.87
01:50:40         33      2.02      0.00      0.00      0.00      0.00     97.98
01:50:40         34      0.00      0.00      1.00      0.00      0.00     99.00
01:50:40         35      0.00      0.00      0.00      0.00      0.00    100.00
01:50:40         36      2.00      0.00      0.00      0.00      0.00     98.00
01:50:40         37      2.97      0.00      0.99      0.00      0.00     96.04
01:50:40         38      0.00      0.00      0.00      0.00      0.00    100.00
01:50:40         39      0.00      0.00      0.00      0.00      0.00    100.00

01:50:40        CPU     %user     %nice   %system   %iowait    %steal     %idle
01:50:41        all      0.03      0.00      0.00      0.05      0.00     99.92
01:50:41          0      0.00      0.00      0.00      2.00      0.00     98.00
01:50:41          1      0.00      0.00      0.00      0.00      0.00    100.00
01:50:41          2      0.00      0.00      0.00      0.00      0.00    100.00
01:50:41          3      0.00      0.00      0.00      0.00      0.00    100.00
01:50:41          4      0.00      0.00      0.00      0.00      0.00    100.00
01:50:41          5      0.00      0.00      0.00      0.00      0.00    100.00
01:50:41          6      0.00      0.00      0.00      0.00      0.00    100.00
01:50:41          7      0.00      0.00      0.00      0.00      0.00    100.00
01:50:41          8      0.00      0.00      0.00      0.00      0.00    100.00
01:50:41          9      0.00      0.00      0.00      0.00      0.00    100.00
01:50:41         10      0.00      0.00      0.00      0.00      0.00    100.00
01:50:41         11      0.00      0.00      0.00      0.00      0.00    100.00
01:50:41         12      0.00      0.00      0.00      0.00      0.00    100.00
01:50:41         13      0.00      0.00      0.00      0.00      0.00    100.00
01:50:41         14      0.00      0.00      0.00      0.00      0.00    100.00
01:50:41         15      0.00      0.00      0.00      0.00      0.00    100.00
01:50:41         16      0.00      0.00      0.00      0.00      0.00    100.00
01:50:41         17      0.00      0.00      0.00      0.00      0.00    100.00
01:50:41         18      0.00      0.00      0.00      0.00      0.00    100.00
01:50:41         19      0.00      0.00      0.00      0.00      0.00    100.00
01:50:41         20      0.00      0.00      0.00      0.00      0.00    100.00
01:50:41         21      0.00      0.00      0.00      0.00      0.00    100.00
01:50:41         22      0.00      0.00      0.00      0.00      0.00    100.00
01:50:41         23      0.00      0.00      0.00      0.00      0.00    100.00
01:50:41         24      0.00      0.00      0.00      0.00      0.00    100.00
01:50:41         25      0.00      0.00      0.00      0.00      0.00    100.00
01:50:41         26      0.00      0.00      0.00      0.00      0.00    100.00
01:50:41         27      0.00      0.00      0.00      0.00      0.00    100.00
01:50:41         28      0.00      0.00      0.00      0.00      0.00    100.00
01:50:41         29      0.00      0.00      0.00      0.00      0.00    100.00
01:50:41         30      0.00      0.00      0.00      0.00      0.00    100.00
01:50:41         31      0.99      0.00      0.00      0.00      0.00     99.01
01:50:41         32      0.00      0.00      0.00      0.00      0.00    100.00
01:50:41         33      0.00      0.00      0.00      0.00      0.00    100.00
01:50:41         34      0.00      0.00      0.00      0.00      0.00    100.00
01:50:41         35      0.00      0.00      0.00      0.00      0.00    100.00
01:50:41         36      0.00      0.00      0.00      0.00      0.00    100.00
01:50:41         37      0.00      0.00      0.00      0.00      0.00    100.00
01:50:41         38      0.00      0.00      0.00      0.00      0.00    100.00
01:50:41         39      0.00      0.00      0.00      0.00      0.00    100.00

01:50:41        CPU     %user     %nice   %system   %iowait    %steal     %idle
01:50:42        all      0.00      0.00      0.03      0.00      0.00     99.97
01:50:42          0      0.00      0.00      0.00      0.00      0.00    100.00
01:50:42          1      0.00      0.00      0.00      0.00      0.00    100.00
01:50:42          2      0.00      0.00      0.00      0.00      0.00    100.00
01:50:42          3      0.00      0.00      0.00      0.00      0.00    100.00
01:50:42          4      0.00      0.00      0.00      0.00      0.00    100.00
01:50:42          5      0.00      0.00      0.00      0.00      0.00    100.00
01:50:42          6      0.00      0.00      0.00      0.00      0.00    100.00
01:50:42          7      0.00      0.00      0.00      0.00      0.00    100.00
01:50:42          8      0.00      0.00      0.00      0.00      0.00    100.00
01:50:42          9      0.00      0.00      0.00      0.00      0.00    100.00
01:50:42         10      0.00      0.00      0.00      0.00      0.00    100.00
01:50:42         11      0.00      0.00      0.00      0.00      0.00    100.00
01:50:42         12      0.00      0.00      0.00      0.00      0.00    100.00
01:50:42         13      0.98      0.00      0.98      0.00      0.00     98.04
01:50:42         14      0.00      0.00      0.00      0.00      0.00    100.00
01:50:42         15      0.00      0.00      0.00      0.00      0.00    100.00
01:50:42         16      0.00      0.00      0.00      0.00      0.00    100.00
01:50:42         17      0.00      0.00      0.00      0.00      0.00    100.00
01:50:42         18      0.00      0.00      0.00      0.00      0.00    100.00
01:50:42         19      0.00      0.00      0.00      0.00      0.00    100.00
01:50:42         20      0.00      0.00      0.00      0.00      0.00    100.00
01:50:42         21      0.00      0.00      0.00      0.00      0.00    100.00
01:50:42         22      0.00      0.00      0.00      0.00      0.00    100.00
01:50:42         23      0.00      0.00      0.00      0.00      0.00    100.00
01:50:42         24      0.00      0.00      0.00      0.00      0.00    100.00
01:50:42         25      0.00      0.00      0.00      0.00      0.00    100.00
01:50:42         26      0.00      0.00      0.00      0.00      0.00    100.00
01:50:42         27      0.00      0.00      0.00      0.00      0.00    100.00
01:50:42         28      0.00      0.00      0.00      0.00      0.00    100.00
01:50:42         29      0.00      0.00      0.00      0.00      0.00    100.00
01:50:42         30      0.00      0.00      0.00      0.00      0.00    100.00
01:50:42         31      0.00      0.00      0.00      0.00      0.00    100.00
01:50:42         32      0.00      0.00      0.00      0.00      0.00    100.00
01:50:42         33      0.00      0.00      0.00      0.00      0.00    100.00
01:50:42         34      0.00      0.00      0.00      0.00      0.00    100.00
01:50:42         35      0.00      0.00      0.00      0.00      0.00    100.00
01:50:42         36      0.00      0.00      0.00      0.00      0.00    100.00
01:50:42         37      0.00      0.00      0.00      0.00      0.00    100.00
01:50:42         38      0.00      0.00      0.00      0.00      0.00    100.00
01:50:42         39      0.00      0.00      0.00      0.00      0.00    100.00

01:50:42        CPU     %user     %nice   %system   %iowait    %steal     %idle
01:50:43        all      0.03      0.00      0.00      0.00      0.00     99.98
01:50:43          0      0.00      0.00      0.00      0.00      0.00    100.00
01:50:43          1      1.00      0.00      0.00      0.00      0.00     99.00
01:50:43          2      0.00      0.00      0.00      0.00      0.00    100.00
01:50:43          3      0.00      0.00      0.00      0.00      0.00    100.00
01:50:43          4      0.00      0.00      0.00      0.00      0.00    100.00
01:50:43          5      0.00      0.00      0.00      0.00      0.00    100.00
01:50:43          6      0.00      0.00      0.00      0.00      0.00    100.00
01:50:43          7      0.00      0.00      0.00      0.00      0.00    100.00
01:50:43          8      0.00      0.00      0.00      0.00      0.00    100.00
01:50:43          9      0.00      0.00      0.00      0.00      0.00    100.00
01:50:43         10      0.00      0.00      0.00      0.00      0.00    100.00
01:50:43         11      0.00      0.00      0.00      0.00      0.00    100.00
01:50:43         12      0.00      0.00      0.00      0.00      0.00    100.00
01:50:43         13      0.00      0.00      0.00      0.00      0.00    100.00
01:50:43         14      0.00      0.00      0.00      0.00      0.00    100.00
01:50:43         15      0.00      0.00      0.00      0.00      0.00    100.00
01:50:43         16      0.00      0.00      0.00      0.00      0.00    100.00
01:50:43         17      0.00      0.00      0.00      0.00      0.00    100.00
01:50:43         18      0.00      0.00      0.00      0.00      0.00    100.00
01:50:43         19      0.00      0.00      0.00      0.00      0.00    100.00
01:50:43         20      0.00      0.00      0.00      0.00      0.00    100.00
01:50:43         21      0.00      0.00      0.00      0.00      0.00    100.00
01:50:43         22      0.00      0.00      0.00      0.00      0.00    100.00
01:50:43         23      0.00      0.00      0.00      0.00      0.00    100.00
01:50:43         24      0.00      0.00      0.00      0.00      0.00    100.00
01:50:43         25      0.00      0.00      0.00      0.00      0.00    100.00
01:50:43         26      0.00      0.00      0.00      0.00      0.00    100.00
01:50:43         27      0.00      0.00      0.00      0.00      0.00    100.00
01:50:43         28      0.00      0.00      0.00      0.00      0.00    100.00
01:50:43         29      0.00      0.00      0.00      0.00      0.00    100.00
01:50:43         30      0.00      0.00      0.00      0.00      0.00    100.00
01:50:43         31      0.00      0.00      0.00      0.00      0.00    100.00
01:50:43         32      0.00      0.00      0.00      0.00      0.00    100.00
01:50:43         33      0.00      0.00      0.00      0.00      0.00    100.00
01:50:43         34      0.00      0.00      0.00      0.00      0.00    100.00
01:50:43         35      0.00      0.00      0.00      0.00      0.00    100.00
01:50:43         36      0.00      0.00      0.00      0.00      0.00    100.00
01:50:43         37      0.00      0.00      0.00      0.00      0.00    100.00
01:50:43         38      0.00      0.00      0.00      0.00      0.00    100.00
01:50:43         39      0.00      0.00      0.00      0.00      0.00    100.00

01:50:43        CPU     %user     %nice   %system   %iowait    %steal     %idle
01:50:44        all      0.00      0.00      0.00      0.00      0.00    100.00
01:50:44          0      0.00      0.00      0.00      0.00      0.00    100.00
01:50:44          1      0.00      0.00      0.00      0.00      0.00    100.00
01:50:44          2      0.00      0.00      0.00      0.00      0.00    100.00
01:50:44          3      0.00      0.00      0.00      0.00      0.00    100.00
01:50:44          4      0.00      0.00      0.00      0.00      0.00    100.00
01:50:44          5      0.00      0.00      0.00      0.00      0.00    100.00
01:50:44          6      0.00      0.00      0.00      0.00      0.00    100.00
01:50:44          7      0.00      0.00      0.00      0.00      0.00    100.00
01:50:44          8      0.00      0.00      0.00      0.00      0.00    100.00
01:50:44          9      0.00      0.00      0.00      0.00      0.00    100.00
01:50:44         10      0.00      0.00      0.00      0.00      0.00    100.00
01:50:44         11      0.00      0.00      0.00      0.00      0.00    100.00
01:50:44         12      0.00      0.00      0.00      0.00      0.00    100.00
01:50:44         13      0.00      0.00      0.00      0.00      0.00    100.00
01:50:44         14      0.00      0.00      0.00      0.00      0.00    100.00
01:50:44         15      0.00      0.00      0.00      0.00      0.00    100.00
01:50:44         16      0.00      0.00      0.00      0.00      0.00    100.00
01:50:44         17      0.00      0.00      0.00      0.00      0.00    100.00
01:50:44         18      0.00      0.00      0.00      0.00      0.00    100.00
01:50:44         19      0.00      0.00      0.00      0.00      0.00    100.00
01:50:44         20      0.00      0.00      0.00      0.00      0.00    100.00
01:50:44         21      0.00      0.00      0.00      0.00      0.00    100.00
01:50:44         22      0.00      0.00      0.00      0.00      0.00    100.00
01:50:44         23      0.00      0.00      0.00      0.00      0.00    100.00
01:50:44         24      0.00      0.00      0.00      0.00      0.00    100.00
01:50:44         25      0.00      0.00      0.00      0.00      0.00    100.00
01:50:44         26      0.00      0.00      0.00      0.00      0.00    100.00
01:50:44         27      0.00      0.00      0.00      0.00      0.00    100.00
01:50:44         28      0.00      0.00      0.00      0.00      0.00    100.00
01:50:44         29      0.00      0.00      0.00      0.00      0.00    100.00
01:50:44         30      0.00      0.00      0.00      0.00      0.00    100.00
01:50:44         31      0.00      0.00      0.00      0.00      0.00    100.00
01:50:44         32      0.00      0.00      0.00      0.00      0.00    100.00
01:50:44         33      0.00      0.00      0.00      0.00      0.00    100.00
01:50:44         34      0.00      0.00      0.00      0.00      0.00    100.00
01:50:44         35      0.00      0.00      0.00      0.00      0.00    100.00
01:50:44         36      0.00      0.00      0.00      0.00      0.00    100.00
01:50:44         37      0.00      0.00      0.00      0.00      0.00    100.00
01:50:44         38      0.00      0.00      0.00      0.00      0.00    100.00
01:50:44         39      0.00      0.00      0.00      0.00      0.00    100.00

01:50:44        CPU     %user     %nice   %system   %iowait    %steal     %idle
01:50:45        all      0.00      0.00      0.00      0.00      0.00    100.00
01:50:45          0      0.00      0.00      0.00      0.00      0.00    100.00
01:50:45          1      0.00      0.00      0.00      0.00      0.00    100.00
01:50:45          2      0.00      0.00      0.00      0.00      0.00    100.00
01:50:45          3      0.00      0.00      0.00      0.00      0.00    100.00
01:50:45          4      0.00      0.00      0.00      0.00      0.00    100.00
01:50:45          5      0.00      0.00      0.00      0.00      0.00    100.00
01:50:45          6      0.00      0.00      0.00      0.00      0.00    100.00
01:50:45          7      0.00      0.00      0.00      0.00      0.00    100.00
01:50:45          8      0.00      0.00      0.00      0.00      0.00    100.00
01:50:45          9      0.00      0.00      0.00      0.00      0.00    100.00
01:50:45         10      0.00      0.00      0.00      0.00      0.00    100.00
01:50:45         11      0.00      0.00      0.00      0.00      0.00    100.00
01:50:45         12      0.00      0.00      0.00      0.00      0.00    100.00
01:50:45         13      0.00      0.00      0.00      0.00      0.00    100.00
01:50:45         14      0.00      0.00      0.00      0.00      0.00    100.00
01:50:45         15      0.00      0.00      0.00      0.00      0.00    100.00
01:50:45         16      0.00      0.00      0.00      0.00      0.00    100.00
01:50:45         17      0.00      0.00      0.00      0.00      0.00    100.00
01:50:45         18      0.00      0.00      0.00      0.00      0.00    100.00
01:50:45         19      0.00      0.00      0.00      0.00      0.00    100.00
01:50:45         20      0.00      0.00      0.00      0.00      0.00    100.00
01:50:45         21      0.00      0.00      0.00      0.00      0.00    100.00
01:50:45         22      0.00      0.00      0.00      0.00      0.00    100.00
01:50:45         23      0.00      0.00      0.00      0.00      0.00    100.00
01:50:45         24      0.00      0.00      0.00      0.00      0.00    100.00
01:50:45         25      0.00      0.00      0.00      0.00      0.00    100.00
01:50:45         26      0.00      0.00      0.00      0.00      0.00    100.00
01:50:45         27      0.00      0.00      0.00      0.00      0.00    100.00
01:50:45         28      0.00      0.00      0.00      0.00      0.00    100.00
01:50:45         29      0.00      0.00      0.00      0.00      0.00    100.00
01:50:45         30      0.00      0.00      0.00      0.00      0.00    100.00
01:50:45         31      0.00      0.00      0.00      0.00      0.00    100.00
01:50:45         32      0.00      0.00      0.00      0.00      0.00    100.00
01:50:45         33      0.00      0.00      0.00      0.00      0.00    100.00
01:50:45         34      0.00      0.00      0.00      0.00      0.00    100.00
01:50:45         35      0.00      0.00      0.00      0.00      0.00    100.00
01:50:45         36      0.00      0.00      0.00      0.00      0.00    100.00
01:50:45         37      0.00      0.00      0.00      0.00      0.00    100.00
01:50:45         38      0.00      0.00      0.00      0.00      0.00    100.00
01:50:45         39      0.00      0.00      0.00      0.00      0.00    100.00

01:50:45        CPU     %user     %nice   %system   %iowait    %steal     %idle
01:50:46        all      0.00      0.00      0.03      0.00      0.00     99.97
01:50:46          0      0.00      0.00      0.00      0.00      0.00    100.00
01:50:46          1      0.00      0.00      0.00      0.00      0.00    100.00
01:50:46          2      0.00      0.00      0.00      0.00      0.00    100.00
01:50:46          3      0.00      0.00      0.00      0.00      0.00    100.00
01:50:46          4      0.00      0.00      0.00      0.00      0.00    100.00
01:50:46          5      0.00      0.00      0.00      0.00      0.00    100.00
01:50:46          6      0.00      0.00      0.00      0.00      0.00    100.00
01:50:46          7      0.00      0.00      0.00      0.00      0.00    100.00
01:50:46          8      0.00      0.00      0.00      0.00      0.00    100.00
01:50:46          9      0.00      0.00      0.00      0.00      0.00    100.00
01:50:46         10      0.00      0.00      0.00      0.00      0.00    100.00
01:50:46         11      0.00      0.00      0.00      0.00      0.00    100.00
01:50:46         12      0.00      0.00      0.00      0.00      0.00    100.00
01:50:46         13      0.00      0.00      0.00      0.00      0.00    100.00
01:50:46         14      0.00      0.00      0.00      0.00      0.00    100.00
01:50:46         15      0.00      0.00      0.00      0.00      0.00    100.00
01:50:46         16      0.00      0.00      0.00      0.00      0.00    100.00
01:50:46         17      0.00      0.00      0.00      0.00      0.00    100.00
01:50:46         18      0.00      0.00      0.00      0.00      0.00    100.00
01:50:46         19      0.00      0.00      0.00      0.00      0.00    100.00
01:50:46         20      0.00      0.00      0.00      0.00      0.00    100.00
01:50:46         21      0.00      0.00      0.00      0.00      0.00    100.00
01:50:46         22      0.00      0.00      0.00      0.00      0.00    100.00
01:50:46         23      0.00      0.00      0.00      0.00      0.00    100.00
01:50:46         24      0.00      0.00      0.00      0.00      0.00    100.00
01:50:46         25      0.00      0.00      0.00      0.00      0.00    100.00
01:50:46         26      0.00      0.00      0.00      0.00      0.00    100.00
01:50:46         27      0.00      0.00      0.00      0.00      0.00    100.00
01:50:46         28      0.00      0.00      0.00      0.00      0.00    100.00
01:50:46         29      0.00      0.00      0.00      0.00      0.00    100.00
01:50:46         30      0.00      0.00      0.00      0.00      0.00    100.00
01:50:46         31      0.00      0.00      0.00      0.00      0.00    100.00
01:50:46         32      0.00      0.00      0.00      0.00      0.00    100.00
01:50:46         33      0.00      0.00      0.00      0.00      0.00    100.00
01:50:46         34      0.99      0.00      0.00      0.00      0.00     99.01
01:50:46         35      0.00      0.00      0.00      0.00      0.00    100.00
01:50:46         36      0.00      0.00      0.00      0.00      0.00    100.00
01:50:46         37      0.00      0.00      0.00      0.00      0.00    100.00
01:50:46         38      0.00      0.00      0.00      0.00      0.00    100.00
01:50:46         39      0.00      0.00      0.00      0.00      0.00    100.00

01:50:46        CPU     %user     %nice   %system   %iowait    %steal     %idle
01:50:47        all      0.00      0.00      0.00      0.00      0.00    100.00
01:50:47          0      0.00      0.00      0.00      0.00      0.00    100.00
01:50:47          1      0.00      0.00      0.00      0.00      0.00    100.00
01:50:47          2      0.00      0.00      0.00      0.00      0.00    100.00
01:50:47          3      0.00      0.00      0.00      0.00      0.00    100.00
01:50:47          4      0.00      0.00      0.00      0.00      0.00    100.00
01:50:47          5      0.00      0.00      0.00      0.00      0.00    100.00
01:50:47          6      0.00      0.00      0.00      0.00      0.00    100.00
01:50:47          7      0.00      0.00      0.00      0.00      0.00    100.00
01:50:47          8      0.00      0.00      0.00      0.00      0.00    100.00
01:50:47          9      0.00      0.00      0.00      0.00      0.00    100.00
01:50:47         10      0.00      0.00      0.00      0.00      0.00    100.00
01:50:47         11      0.00      0.00      0.00      0.00      0.00    100.00
01:50:47         12      0.00      0.00      0.00      0.00      0.00    100.00
01:50:47         13      0.00      0.00      0.00      0.00      0.00    100.00
01:50:47         14      0.00      0.00      0.00      0.00      0.00    100.00
01:50:47         15      0.00      0.00      0.00      0.00      0.00    100.00
01:50:47         16      0.00      0.00      0.00      0.00      0.00    100.00
01:50:47         17      0.00      0.00      0.00      0.00      0.00    100.00
01:50:47         18      0.00      0.00      0.00      0.00      0.00    100.00
01:50:47         19      0.00      0.00      0.00      0.00      0.00    100.00
01:50:47         20      0.00      0.00      0.00      0.00      0.00    100.00
01:50:47         21      0.00      0.00      0.00      0.00      0.00    100.00
01:50:47         22      0.00      0.00      0.00      0.00      0.00    100.00
01:50:47         23      0.00      0.00      0.00      0.00      0.00    100.00
01:50:47         24      0.00      0.00      0.00      0.00      0.00    100.00
01:50:47         25      0.00      0.00      0.00      0.00      0.00    100.00
01:50:47         26      0.00      0.00      0.00      0.00      0.00    100.00
01:50:47         27      0.00      0.00      0.00      0.00      0.00    100.00
01:50:47         28      0.00      0.00      0.00      0.00      0.00    100.00
01:50:47         29      0.00      0.00      0.00      0.00      0.00    100.00
01:50:47         30      0.00      0.00      0.00      0.00      0.00    100.00
01:50:47         31      0.00      0.00      0.00      0.00      0.00    100.00
01:50:47         32      0.00      0.00      0.00      0.00      0.00    100.00
01:50:47         33      0.00      0.00      0.00      0.00      0.00    100.00
01:50:47         34      0.00      0.00      0.00      0.00      0.00    100.00
01:50:47         35      0.00      0.00      0.00      0.00      0.00    100.00
01:50:47         36      0.00      0.00      0.00      0.00      0.00    100.00
01:50:47         37      0.00      0.00      0.00      0.00      0.00    100.00
01:50:47         38      0.00      0.00      0.00      0.00      0.00    100.00
01:50:47         39      0.00      0.00      0.00      0.00      0.00    100.00

01:50:47        CPU     %user     %nice   %system   %iowait    %steal     %idle
01:50:48        all      0.03      0.00      0.00      0.00      0.00     99.97
01:50:48          0      0.00      0.00      0.00      0.00      0.00    100.00
01:50:48          1      0.00      0.00      0.00      0.00      0.00    100.00
01:50:48          2      0.00      0.00      0.00      0.00      0.00    100.00
01:50:48          3      0.00      0.00      0.00      0.00      0.00    100.00
01:50:48          4      0.00      0.00      0.00      0.00      0.00    100.00
01:50:48          5      0.00      0.00      0.00      0.00      0.00    100.00
01:50:48          6      0.00      0.00      0.00      0.00      0.00    100.00
01:50:48          7      0.00      0.00      0.00      0.00      0.00    100.00
01:50:48          8      0.00      0.00      0.00      0.00      0.00    100.00
01:50:48          9      0.00      0.00      0.00      0.00      0.00    100.00
01:50:48         10      0.00      0.00      0.00      0.00      0.00    100.00
01:50:48         11      0.00      0.00      0.00      0.00      0.00    100.00
01:50:48         12      0.00      0.00      0.00      0.00      0.00    100.00
01:50:48         13      0.99      0.00      0.00      0.00      0.00     99.01
01:50:48         14      0.00      0.00      0.00      0.00      0.00    100.00
01:50:48         15      0.00      0.00      0.00      0.00      0.00    100.00
01:50:48         16      0.00      0.00      0.00      0.00      0.00    100.00
01:50:48         17      0.00      0.00      0.00      0.00      0.00    100.00
01:50:48         18      0.00      0.00      0.00      0.00      0.00    100.00
01:50:48         19      0.00      0.00      0.00      0.00      0.00    100.00
01:50:48         20      0.00      0.00      0.00      0.00      0.00    100.00
01:50:48         21      0.00      0.00      0.00      0.00      0.00    100.00
01:50:48         22      0.00      0.00      0.00      0.00      0.00    100.00
01:50:48         23      0.00      0.00      0.00      0.00      0.00    100.00
01:50:48         24      0.00      0.00      0.00      0.00      0.00    100.00
01:50:48         25      0.00      0.00      0.00      0.00      0.00    100.00
01:50:48         26      0.00      0.00      0.00      0.00      0.00    100.00
01:50:48         27      0.00      0.00      0.00      0.00      0.00    100.00
01:50:48         28      0.00      0.00      0.00      0.00      0.00    100.00
01:50:48         29      0.00      0.00      0.00      0.00      0.00    100.00
01:50:48         30      0.00      0.00      0.00      0.00      0.00    100.00
01:50:48         31      0.00      0.00      0.00      0.00      0.00    100.00
01:50:48         32      0.00      0.00      0.00      0.00      0.00    100.00
01:50:48         33      0.00      0.00      0.00      0.00      0.00    100.00
01:50:48         34      0.00      0.00      0.00      0.00      0.00    100.00
01:50:48         35      0.00      0.00      0.00      0.00      0.00    100.00
01:50:48         36      0.00      0.00      0.00      0.00      0.00    100.00
01:50:48         37      0.00      0.00      0.00      0.00      0.00    100.00
01:50:48         38      0.00      0.00      0.00      0.00      0.00    100.00
01:50:48         39      0.00      0.00      0.00      0.00      0.00    100.00

01:50:48        CPU     %user     %nice   %system   %iowait    %steal     %idle
01:50:49        all      0.53      0.00      0.08      0.00      0.00     99.40
01:50:49          0      0.00      0.00      0.00      0.00      0.00    100.00
01:50:49          1      0.00      0.00      0.00      0.00      0.00    100.00
01:50:49          2      0.00      0.00      0.00      0.00      0.00    100.00
01:50:49          3      0.00      0.00      0.00      0.00      0.00    100.00
01:50:49          4      0.00      0.00      0.00      0.00      0.00    100.00
01:50:49          5      0.00      0.00      0.00      0.00      0.00    100.00
01:50:49          6      0.00      0.00      0.00      0.00      0.00    100.00
01:50:49          7      0.00      0.00      0.00      0.00      0.00    100.00
01:50:49          8      0.00      0.00      0.00      0.00      0.00    100.00
01:50:49          9      0.00      0.00      0.00      0.00      0.00    100.00
01:50:49         10     20.00      0.00      1.00      0.00      0.00     79.00
01:50:49         11      0.00      0.00      0.00      0.00      0.00    100.00
01:50:49         12      0.00      0.00      0.00      0.00      0.00    100.00
01:50:49         13      0.00      0.00      0.00      0.00      0.00    100.00
01:50:49         14      0.00      0.00      0.00      0.00      0.00    100.00
01:50:49         15      0.00      0.00      0.00      0.00      0.00    100.00
01:50:49         16      0.00      0.00      0.00      0.00      0.00    100.00
01:50:49         17      0.00      0.00      0.00      0.00      0.00    100.00
01:50:49         18      0.00      0.00      0.00      0.00      0.00    100.00
01:50:49         19      0.00      0.00      0.99      0.00      0.00     99.01
01:50:49         20      0.00      0.00      0.00      0.00      0.00    100.00
01:50:49         21      0.00      0.00      0.00      0.00      0.00    100.00
01:50:49         22      0.99      0.00      0.00      0.00      0.00     99.01
01:50:49         23      0.00      0.00      0.00      0.00      0.00    100.00
01:50:49         24      0.00      0.00      0.00      0.00      0.00    100.00
01:50:49         25      0.00      0.00      0.00      0.00      0.00    100.00
01:50:49         26      0.00      0.00      0.00      0.00      0.00    100.00
01:50:49         27      0.00      0.00      0.00      0.00      0.00    100.00
01:50:49         28      0.00      0.00      0.00      0.00      0.00    100.00
01:50:49         29      0.00      0.00      0.99      0.00      0.00     99.01
01:50:49         30      0.00      0.00      0.00      0.00      0.00    100.00
01:50:49         31      0.00      0.00      0.00      0.00      0.00    100.00
01:50:49         32      0.00      0.00      0.00      0.00      0.00    100.00
01:50:49         33      0.00      0.00      0.00      0.00      0.00    100.00
01:50:49         34      0.00      0.00      0.00      0.00      0.00    100.00
01:50:49         35      0.00      0.00      0.00      0.00      0.00    100.00
01:50:49         36      0.00      0.00      0.00      0.00      0.00    100.00
01:50:49         37      0.00      0.00      0.00      0.00      0.00    100.00
01:50:49         38      0.00      0.00      0.00      0.00      0.00    100.00
01:50:49         39      0.00      0.00      0.00      0.00      0.00    100.00

01:50:49        CPU     %user     %nice   %system   %iowait    %steal     %idle
01:50:50        all      1.23      0.00      0.38      0.05      0.00     98.35
01:50:50          0      6.06      0.00      1.01      0.00      0.00     92.93
01:50:50          1      0.00      0.00      0.00      0.00      0.00    100.00
01:50:50          2      0.00      0.00      0.00      0.00      0.00    100.00
01:50:50          3      0.00      0.00      0.00      0.00      0.00    100.00
01:50:50          4      0.00      0.00      0.00      0.00      0.00    100.00
01:50:50          5      0.00      0.00      0.00      0.00      0.00    100.00
01:50:50          6      0.00      0.00      0.00      0.00      0.00    100.00
01:50:50          7      0.99      0.00      0.99      0.00      0.00     98.02
01:50:50          8      0.00      0.00      0.99      0.00      0.00     99.01
01:50:50          9      0.00      0.00      0.00      0.00      0.00    100.00
01:50:50         10     37.62      0.00      5.94      1.98      0.00     54.46
01:50:50         11      0.00      0.00      1.00      0.00      0.00     99.00
01:50:50         12      0.00      0.00      0.99      0.00      0.00     99.01
01:50:50         13      1.01      0.00      0.00      0.00      0.00     98.99
01:50:50         14      0.99      0.00      0.99      0.00      0.00     98.02
01:50:50         15      0.99      0.00      0.99      0.00      0.00     98.02
01:50:50         16      0.00      0.00      0.00      0.00      0.00    100.00
01:50:50         17      0.99      0.00      0.00      0.00      0.00     99.01
01:50:50         18      0.00      0.00      0.00      0.00      0.00    100.00
01:50:50         19      0.00      0.00      0.00      0.00      0.00    100.00
01:50:50         20      0.00      0.00      0.00      0.00      0.00    100.00
01:50:50         21      0.00      0.00      0.00      0.00      0.00    100.00
01:50:50         22      0.00      0.00      0.99      0.00      0.00     99.01
01:50:50         23      0.00      0.00      0.99      0.00      0.00     99.01
01:50:50         24      0.00      0.00      0.00      0.00      0.00    100.00
01:50:50         25      0.00      0.00      0.00      0.00      0.00    100.00
01:50:50         26      0.00      0.00      0.00      0.00      0.00    100.00
01:50:50         27      0.00      0.00      0.00      0.00      0.00    100.00
01:50:50         28      0.00      0.00      0.00      0.00      0.00    100.00
01:50:50         29      0.00      0.00      0.00      0.00      0.00    100.00
01:50:50         30      0.00      0.00      0.00      0.00      0.00    100.00
01:50:50         31      0.00      0.00      1.00      0.00      0.00     99.00
01:50:50         32      0.00      0.00      0.00      0.00      0.00    100.00
01:50:50         33      0.00      0.00      0.00      0.00      0.00    100.00
01:50:50         34      0.00      0.00      0.00      0.00      0.00    100.00
01:50:50         35      0.00      0.00      0.00      0.00      0.00    100.00
01:50:50         36      0.00      0.00      0.00      0.00      0.00    100.00
01:50:50         37      0.99      0.00      0.00      0.00      0.00     99.01
01:50:50         38      0.00      0.00      0.99      0.00      0.00     99.01
01:50:50         39      0.00      0.00      0.00      0.00      0.00    100.00

01:50:50        CPU     %user     %nice   %system   %iowait    %steal     %idle
01:50:51        all      0.00      0.00      0.03      0.03      0.00     99.95
01:50:51          0      0.00      0.00      0.00      0.00      0.00    100.00
01:50:51          1      0.00      0.00      0.00      0.00      0.00    100.00
01:50:51          2      0.00      0.00      0.99      0.00      0.00     99.01
01:50:51          3      0.00      0.00      0.00      0.00      0.00    100.00
01:50:51          4      0.00      0.00      0.00      0.00      0.00    100.00
01:50:51          5      0.00      0.00      0.00      0.00      0.00    100.00
01:50:51          6      0.00      0.00      0.00      0.00      0.00    100.00
01:50:51          7      0.00      0.00      0.00      0.00      0.00    100.00
01:50:51          8      0.00      0.00      0.00      0.00      0.00    100.00
01:50:51          9      0.00      0.00      0.00      0.00      0.00    100.00
01:50:51         10      0.00      0.00      0.00      0.00      0.00    100.00
01:50:51         11      0.00      0.00      0.00      0.00      0.00    100.00
01:50:51         12      0.00      0.00      0.00      0.00      0.00    100.00
01:50:51         13      0.00      0.00      0.00      2.00      0.00     98.00
01:50:51         14      0.00      0.00      0.00      0.00      0.00    100.00
01:50:51         15      0.00      0.00      0.00      0.00      0.00    100.00
01:50:51         16      0.00      0.00      0.00      0.00      0.00    100.00
01:50:51         17      0.00      0.00      0.00      0.00      0.00    100.00
01:50:51         18      0.00      0.00      0.00      0.00      0.00    100.00
01:50:51         19      0.00      0.00      0.00      0.00      0.00    100.00
01:50:51         20      0.00      0.00      0.00      0.00      0.00    100.00
01:50:51         21      0.00      0.00      0.00      0.00      0.00    100.00
01:50:51         22      0.00      0.00      0.00      0.00      0.00    100.00
01:50:51         23      0.00      0.00      0.00      0.00      0.00    100.00
01:50:51         24      0.00      0.00      0.00      0.00      0.00    100.00
01:50:51         25      0.00      0.00      0.00      0.00      0.00    100.00
01:50:51         26      0.00      0.00      0.00      0.00      0.00    100.00
01:50:51         27      0.00      0.00      0.00      0.00      0.00    100.00
01:50:51         28      0.00      0.00      0.00      0.00      0.00    100.00
01:50:51         29      0.00      0.00      0.00      0.00      0.00    100.00
01:50:51         30      0.00      0.00      0.00      0.00      0.00    100.00
01:50:51         31      0.00      0.00      0.00      0.00      0.00    100.00
01:50:51         32      0.00      0.00      0.00      0.00      0.00    100.00
01:50:51         33      0.00      0.00      0.00      0.00      0.00    100.00
01:50:51         34      0.00      0.00      0.00      0.00      0.00    100.00
01:50:51         35      0.00      0.00      0.00      0.00      0.00    100.00
01:50:51         36      0.00      0.00      0.00      0.00      0.00    100.00
01:50:51         37      0.00      0.00      0.00      0.00      0.00    100.00
01:50:51         38      0.00      0.00      0.00      0.00      0.00    100.00
01:50:51         39      0.00      0.00      0.00      0.00      0.00    100.00

01:50:51        CPU     %user     %nice   %system   %iowait    %steal     %idle
01:50:52        all      0.55      0.00      0.15      0.00      0.00     99.30
01:50:52          0      0.99      0.00      0.99      0.00      0.00     98.02
01:50:52          1      0.00      0.00      0.00      0.00      0.00    100.00
01:50:52          2      0.00      0.00      0.00      0.00      0.00    100.00
01:50:52          3      0.00      0.00      0.00      0.00      0.00    100.00
01:50:52          4      0.00      0.00      0.00      0.00      0.00    100.00
01:50:52          5      0.00      0.00      0.00      0.00      0.00    100.00
01:50:52          6      0.00      0.00      0.00      0.00      0.00    100.00
01:50:52          7      0.00      0.00      0.00      0.00      0.00    100.00
01:50:52          8      0.00      0.00      0.00      0.00      0.00    100.00
01:50:52          9      1.00      0.00      1.00      0.00      0.00     98.00
01:50:52         10      0.00      0.00      0.00      0.00      0.00    100.00
01:50:52         11      0.00      0.00      0.00      0.00      0.00    100.00
01:50:52         12      1.00      0.00      0.00      0.00      0.00     99.00
01:50:52         13      0.00      0.00      0.00      0.00      0.00    100.00
01:50:52         14      0.00      0.00      0.00      0.00      0.00    100.00
01:50:52         15      0.00      0.00      0.00      0.00      0.00    100.00
01:50:52         16      0.00      0.00      0.00      0.00      0.00    100.00
01:50:52         17      2.00      0.00      0.00      0.00      0.00     98.00
01:50:52         18      0.00      0.00      0.00      0.00      0.00    100.00
01:50:52         19      0.00      0.00      0.00      0.00      0.00    100.00
01:50:52         20      0.00      0.00      0.00      0.00      0.00    100.00
01:50:52         21      0.00      0.00      0.00      0.00      0.00    100.00
01:50:52         22      0.00      0.00      0.00      0.00      0.00    100.00
01:50:52         23      0.00      0.00      0.00      0.00      0.00    100.00
01:50:52         24      0.00      0.00      0.00      0.00      0.00    100.00
01:50:52         25      0.00      0.00      0.00      0.00      0.00    100.00
01:50:52         26      0.00      0.00      0.00      0.00      0.00    100.00
01:50:52         27      0.00      0.00      0.00      0.00      0.00    100.00
01:50:52         28      0.00      0.00      0.00      0.00      0.00    100.00
01:50:52         29     17.00      0.00      2.00      0.00      0.00     81.00
01:50:52         30      0.00      0.00      0.00      0.00      0.00    100.00
01:50:52         31      0.00      0.00      0.00      0.00      0.00    100.00
01:50:52         32      0.00      0.00      0.00      0.00      0.00    100.00
01:50:52         33      0.00      0.00      0.00      0.00      0.00    100.00
01:50:52         34      0.00      0.00      0.00      0.00      0.00    100.00
01:50:52         35      0.00      0.00      0.00      0.00      0.00    100.00
01:50:52         36      0.00      0.00      0.00      0.00      0.00    100.00
01:50:52         37      0.00      0.00      0.00      0.00      0.00    100.00
01:50:52         38      0.00      0.00      0.00      0.00      0.00    100.00
01:50:52         39      0.00      0.00      0.00      0.00      0.00    100.00
