Linux 6.6.23 (eternity1) 	05/24/25 	_x86_64_	(40 CPU)

01:50:13    kbmemfree   kbavail kbmemused  %memused kbbuffers  kbcached  kbcommit   %commit  kbactive   kbinact   kbdirty
01:50:14     63816544  63650220   1792324      2.73         0    395472   2965896      4.45     60788    676848      6300
01:50:15     63817236  63650968   1791632      2.73         0    395528   2965896      4.45     60792    676796      3716
01:50:16     63817248  63650980   1791620      2.73         0    395532   2965896      4.45     60792    676796      3720
01:50:17     63817256  63650988   1791612      2.73         0    395536   2965896      4.45     60792    676796      3724
01:50:18     63817508  63651240   1791360      2.73         0    395540   2965896      4.45     60792    676796      3728
01:50:19     63817508  63651240   1791360      2.73         0    395540   2965896      4.45     60792    676796      3728
01:50:20     63817572  63651304   1791296      2.73         0    395548   2965896      4.45     60792    676796      3736
01:50:21     63817572  63651304   1791296      2.73         0    395552   2965896      4.45     60792    676796      3740
01:50:22     63817096  63650828   1791772      2.73         0    395552   2965896      4.45     60792    676628      3740
01:50:23     63817120  63650852   1791748      2.73         0    395552   2965896      4.45     60792    676584      3740
01:50:24     63816796  63650528   1792072      2.73         0    395568   2965896      4.45     60792    676660      3772
01:50:25     63817048  63650780   1791820      2.73         0    395572   2965896      4.45     60792    677096       172
01:50:26     63816204  63649936   1792664      2.73         0    395572   2965896      4.45     60792    677096       176
01:50:27     63801120  63634880   1807748      2.76         0    395592   2987080      4.48     60808    695968        48
01:50:28     63801184  63634984   1807684      2.76         0    395632   2985168      4.48     60808    694096      3352
01:50:29     63818504  63652580   1790364      2.73         0    395852   2965348      4.45     60892    676640      4140
01:50:30     63818368  63652444   1790500      2.73         0    395852   2965348      4.45     60904    676532      4140
01:50:31     63819468  63653544   1789400      2.73         0    395860   2965348      4.45     60904    676532      4148
01:50:32     63819736  63653812   1789132      2.73         0    395860   2965348      4.45     60904    676532      4148
01:50:33     63819736  63653812   1789132      2.73         0    395868   2965348      4.45     60904    676532      4156
01:50:34     63819892  63653968   1788976      2.73         0    395872   2965348      4.45     60904    676532      4160
01:50:35     63819892  63653968   1788976      2.73         0    395880   2965348      4.45     60904    676532      4168
01:50:36     63819892  63653968   1788976      2.73         0    395880   2965348      4.45     60904    676532       208
01:50:37     63819892  63653972   1788976      2.73         0    395888   2965348      4.45     60904    676572        24
01:50:38     63819908  63653988   1788960      2.73         0    395892   2965348      4.45     60904    676572        28
01:50:39     63818316  63652400   1790552      2.73         0    395900   2969748      4.46     60916    679384        36
01:50:40     63818908  63652992   1789960      2.73         0    395900   2965348      4.45     60908    676876        36
01:50:41     63819048  63653180   1789820      2.73         0    395952   2965348      4.45     60932    676588        40
01:50:42     63819048  63653180   1789820      2.73         0    395952   2965348      4.45     60932    676588        40
01:50:43     63819048  63653180   1789820      2.73         0    395952   2965348      4.45     60932    676588        40
01:50:44     63819048  63653180   1789820      2.73         0    395952   2965348      4.45     60932    676588        40
01:50:45     63819048  63653180   1789820      2.73         0    395952   2965348      4.45     60932    676588        40
01:50:46     63819048  63653180   1789820      2.73         0    395952   2965348      4.45     60932    676588        40
01:50:47     63819064  63653304   1789804      2.73         0    396036   2965348      4.45     60948    676680        24
01:50:48     63819068  63653296   1789800      2.73         0    396040   2965348      4.45     60948    676668        36
01:50:49     63819836  63654064   1789032      2.73         0    396044   2965896      4.45     60948    677104        40
01:50:50     63803052  63637304   1805816      2.75         0    396052   2984836      4.48     60960    693156      2052
01:50:51     63802408  63636684   1806460      2.75         0    396104   2985092      4.48     60956    694724      3680
