Linux 6.6.23 (eternity2) 	05/24/25 	_x86_64_	(40 CPU)

01:49:23        CPU     %user     %nice   %system   %iowait    %steal     %idle
01:49:24        all      2.35      0.00      0.60      0.73      0.00     96.32
01:49:24          0      0.00      0.00      1.01      0.00      0.00     98.99
01:49:24          1      1.00      0.00      1.00      0.00      0.00     98.00
01:49:24          2      1.00      0.00      0.00      0.00      0.00     99.00
01:49:24          3      1.00      0.00      0.00      0.00      0.00     99.00
01:49:24          4      0.00      0.00      1.00      0.00      0.00     99.00
01:49:24          5      0.99      0.00      1.98      0.99      0.00     96.04
01:49:24          6      0.00      0.00      0.00      0.00      0.00    100.00
01:49:24          7      2.02      0.00      0.00      0.00      0.00     97.98
01:49:24          8      4.04      0.00      1.01      9.09      0.00     85.86
01:49:24          9      2.00      0.00      1.00      0.00      0.00     97.00
01:49:24         10      0.99      0.00      0.99      0.00      0.00     98.02
01:49:24         11      0.00      0.00      0.00      0.00      0.00    100.00
01:49:24         12      0.00      0.00      0.00      0.00      0.00    100.00
01:49:24         13      0.00      0.00      0.00      0.00      0.00    100.00
01:49:24         14     45.54      0.00      3.96      0.00      0.00     50.50
01:49:24         15      0.00      0.00      0.00      0.00      0.00    100.00
01:49:24         16      0.00      0.00      1.00      0.00      0.00     99.00
01:49:24         17      1.00      0.00      0.00      0.00      0.00     99.00
01:49:24         18     13.86      0.00      1.98     10.89      0.00     73.27
01:49:24         19      2.02      0.00      0.00      0.00      0.00     97.98
01:49:24         20      0.00      0.00      0.00      0.00      0.00    100.00
01:49:24         21      0.00      0.00      0.00      0.00      0.00    100.00
01:49:24         22      1.00      0.00      0.00      0.00      0.00     99.00
01:49:24         23      0.00      0.00      0.00      0.00      0.00    100.00
01:49:24         24      0.00      0.00      1.02      5.10      0.00     93.88
01:49:24         25      0.00      0.00      1.00      1.00      0.00     98.00
01:49:24         26      6.00      0.00      2.00      0.00      0.00     92.00
01:49:24         27      2.00      0.00      1.00      0.00      0.00     97.00
01:49:24         28      0.00      0.00      0.00      0.00      0.00    100.00
01:49:24         29      0.00      0.00      0.00      0.00      0.00    100.00
01:49:24         30      0.00      0.00      0.00      0.00      0.00    100.00
01:49:24         31      0.00      0.00      0.00      0.00      0.00    100.00
01:49:24         32      0.00      0.00      0.00      0.00      0.00    100.00
01:49:24         33      0.00      0.00      0.00      0.00      0.00    100.00
01:49:24         34      8.00      0.00      2.00      0.00      0.00     90.00
01:49:24         35      0.00      0.00      0.00      0.00      0.00    100.00
01:49:24         36      0.00      0.00      0.00      0.00      0.00    100.00
01:49:24         37      0.00      0.00      0.00      0.00      0.00    100.00
01:49:24         38      0.00      0.00      0.00      0.00      0.00    100.00
01:49:24         39      2.97      0.00      0.99      1.98      0.00     94.06

01:49:24        CPU     %user     %nice   %system   %iowait    %steal     %idle
01:49:25        all      1.85      0.00      0.38      0.00      0.00     97.77
01:49:25          0      0.00      0.00      0.00      0.00      0.00    100.00
01:49:25          1      0.00      0.00      0.00      0.00      0.00    100.00
01:49:25          2      0.00      0.00      0.00      0.00      0.00    100.00
01:49:25          3      0.00      0.00      0.00      0.00      0.00    100.00
01:49:25          4      0.00      0.00      0.00      0.00      0.00    100.00
01:49:25          5      0.00      0.00      1.00      0.00      0.00     99.00
01:49:25          6      0.00      0.00      0.00      0.00      0.00    100.00
01:49:25          7      1.98      0.00      0.99      0.00      0.00     97.03
01:49:25          8      0.00      0.00      0.00      0.00      0.00    100.00
01:49:25          9      0.00      0.00      0.00      0.00      0.00    100.00
01:49:25         10      0.00      0.00      1.01      0.00      0.00     98.99
01:49:25         11      1.00      0.00      1.00      0.00      0.00     98.00
01:49:25         12      0.00      0.00      0.00      0.00      0.00    100.00
01:49:25         13      0.99      0.00      0.00      0.00      0.00     99.01
01:49:25         14      0.99      0.00      1.98      0.00      0.00     97.03
01:49:25         15      0.00      0.00      0.00      0.00      0.00    100.00
01:49:25         16      3.00      0.00      2.00      0.00      0.00     95.00
01:49:25         17      0.00      0.00      0.00      0.00      0.00    100.00
01:49:25         18      0.00      0.00      0.00      0.00      0.00    100.00
01:49:25         19     15.00      0.00      1.00      0.00      0.00     84.00
01:49:25         20      0.00      0.00      0.00      0.00      0.00    100.00
01:49:25         21      0.00      0.00      0.00      0.00      0.00    100.00
01:49:25         22      0.00      0.00      0.00      0.00      0.00    100.00
01:49:25         23      1.00      0.00      0.00      0.00      0.00     99.00
01:49:25         24      0.00      0.00      0.00      0.00      0.00    100.00
01:49:25         25      0.00      0.00      0.00      0.00      0.00    100.00
01:49:25         26      0.00      0.00      0.00      0.00      0.00    100.00
01:49:25         27      0.00      0.00      0.00      0.00      0.00    100.00
01:49:25         28      0.00      0.00      0.00      0.00      0.00    100.00
01:49:25         29      0.00      0.00      0.00      0.00      0.00    100.00
01:49:25         30      0.00      0.00      0.00      0.00      0.00    100.00
01:49:25         31      0.00      0.00      0.00      0.00      0.00    100.00
01:49:25         32      0.00      0.00      1.00      0.00      0.00     99.00
01:49:25         33      0.00      0.00      1.01      0.00      0.00     98.99
01:49:25         34      0.00      0.00      0.00      0.00      0.00    100.00
01:49:25         35      0.00      0.00      0.00      0.00      0.00    100.00
01:49:25         36      3.00      0.00      1.00      0.00      0.00     96.00
01:49:25         37      0.00      0.00      0.00      0.00      0.00    100.00
01:49:25         38      0.00      0.00      1.00      0.00      0.00     99.00
01:49:25         39     46.00      0.00      3.00      0.00      0.00     51.00

01:49:25        CPU     %user     %nice   %system   %iowait    %steal     %idle
01:49:26        all      1.30      0.00      0.33      0.08      0.00     98.30
01:49:26          0      0.00      0.00      0.00      0.00      0.00    100.00
01:49:26          1      0.00      0.00      0.00      0.00      0.00    100.00
01:49:26          2      0.00      0.00      0.00      0.00      0.00    100.00
01:49:26          3      0.00      0.00      0.00      0.00      0.00    100.00
01:49:26          4      0.00      0.00      0.00      0.00      0.00    100.00
01:49:26          5      0.00      0.00      0.00      4.00      0.00     96.00
01:49:26          6      0.00      0.00      0.00      0.00      0.00    100.00
01:49:26          7      0.00      0.00      0.00      0.00      0.00    100.00
01:49:26          8      0.00      0.00      0.00      0.00      0.00    100.00
01:49:26          9      0.00      0.00      0.00      0.00      0.00    100.00
01:49:26         10      0.00      0.00      1.01      0.00      0.00     98.99
01:49:26         11      0.00      0.00      1.00      0.00      0.00     99.00
01:49:26         12      0.00      0.00      0.00      0.00      0.00    100.00
01:49:26         13      0.00      0.00      0.00      0.00      0.00    100.00
01:49:26         14      0.00      0.00      0.00      0.00      0.00    100.00
01:49:26         15      0.98      0.00      0.98      0.00      0.00     98.04
01:49:26         16      0.99      0.00      0.00      0.00      0.00     99.01
01:49:26         17      1.00      0.00      0.00      0.00      0.00     99.00
01:49:26         18      0.00      0.00      0.00      0.00      0.00    100.00
01:49:26         19      0.00      0.00      0.00      0.00      0.00    100.00
01:49:26         20      0.00      0.00      0.00      0.00      0.00    100.00
01:49:26         21      0.00      0.00      0.00      0.00      0.00    100.00
01:49:26         22      0.00      0.00      0.00      0.00      0.00    100.00
01:49:26         23      0.00      0.00      0.00      0.00      0.00    100.00
01:49:26         24      0.00      0.00      0.00      0.00      0.00    100.00
01:49:26         25      0.00      0.00      0.00      0.00      0.00    100.00
01:49:26         26      6.00      0.00      1.00      0.00      0.00     93.00
01:49:26         27      0.00      0.00      0.00      0.00      0.00    100.00
01:49:26         28      0.00      0.00      0.00      0.00      0.00    100.00
01:49:26         29      0.00      0.00      0.00      0.00      0.00    100.00
01:49:26         30      0.00      0.00      0.00      0.00      0.00    100.00
01:49:26         31      0.00      0.00      0.00      0.00      0.00    100.00
01:49:26         32      0.00      0.00      0.99      0.00      0.00     99.01
01:49:26         33      0.00      0.00      0.00      0.00      0.00    100.00
01:49:26         34      0.00      0.00      0.00      0.00      0.00    100.00
01:49:26         35      0.00      0.00      0.00      0.00      0.00    100.00
01:49:26         36      1.00      0.00      0.00      0.00      0.00     99.00
01:49:26         37      0.00      0.00      0.00      0.00      0.00    100.00
01:49:26         38      0.00      0.00      0.00      0.00      0.00    100.00
01:49:26         39     43.00      0.00      5.00      0.00      0.00     52.00

01:49:26        CPU     %user     %nice   %system   %iowait    %steal     %idle
01:49:27        all      0.00      0.00      0.03      0.00      0.00     99.97
01:49:27          0      0.00      0.00      0.00      0.00      0.00    100.00
01:49:27          1      0.00      0.00      0.00      0.00      0.00    100.00
01:49:27          2      0.00      0.00      0.00      0.00      0.00    100.00
01:49:27          3      0.00      0.00      0.00      0.00      0.00    100.00
01:49:27          4      0.00      0.00      0.00      0.00      0.00    100.00
01:49:27          5      0.00      0.00      0.00      0.00      0.00    100.00
01:49:27          6      0.00      0.00      0.00      0.00      0.00    100.00
01:49:27          7      0.00      0.00      0.00      0.00      0.00    100.00
01:49:27          8      0.00      0.00      0.00      0.00      0.00    100.00
01:49:27          9      0.00      0.00      0.00      0.00      0.00    100.00
01:49:27         10      0.00      0.00      0.00      0.00      0.00    100.00
01:49:27         11      0.00      0.00      0.00      0.00      0.00    100.00
01:49:27         12      0.00      0.00      0.00      0.00      0.00    100.00
01:49:27         13      0.00      0.00      0.00      0.00      0.00    100.00
01:49:27         14      0.00      0.00      0.00      0.00      0.00    100.00
01:49:27         15      0.00      0.00      0.00      0.00      0.00    100.00
01:49:27         16      0.00      0.00      0.00      0.00      0.00    100.00
01:49:27         17      0.00      0.00      0.00      0.00      0.00    100.00
01:49:27         18      0.00      0.00      0.00      0.00      0.00    100.00
01:49:27         19      0.00      0.00      0.00      0.00      0.00    100.00
01:49:27         20      0.00      0.00      0.00      0.00      0.00    100.00
01:49:27         21      0.00      0.00      0.00      0.00      0.00    100.00
01:49:27         22      0.00      0.00      0.00      0.00      0.00    100.00
01:49:27         23      0.00      0.00      0.00      0.00      0.00    100.00
01:49:27         24      0.00      0.00      0.00      0.00      0.00    100.00
01:49:27         25      0.00      0.00      0.00      0.00      0.00    100.00
01:49:27         26      0.00      0.00      0.00      0.00      0.00    100.00
01:49:27         27      0.00      0.00      0.00      0.00      0.00    100.00
01:49:27         28      0.00      0.00      0.00      0.00      0.00    100.00
01:49:27         29      0.00      0.00      0.00      0.00      0.00    100.00
01:49:27         30      0.00      0.00      0.00      0.00      0.00    100.00
01:49:27         31      0.00      0.00      0.00      0.00      0.00    100.00
01:49:27         32      0.00      0.00      0.00      0.00      0.00    100.00
01:49:27         33      0.00      0.00      0.00      0.00      0.00    100.00
01:49:27         34      0.00      0.00      0.00      0.00      0.00    100.00
01:49:27         35      0.00      0.00      0.00      0.00      0.00    100.00
01:49:27         36      0.00      0.00      0.00      0.00      0.00    100.00
01:49:27         37      0.00      0.00      0.00      0.00      0.00    100.00
01:49:27         38      0.00      0.00      0.00      0.00      0.00    100.00
01:49:27         39      0.00      0.00      0.00      0.00      0.00    100.00

01:49:27        CPU     %user     %nice   %system   %iowait    %steal     %idle
01:49:28        all      0.00      0.00      0.00      0.00      0.00    100.00
01:49:28          0      0.00      0.00      0.00      0.00      0.00    100.00
01:49:28          1      0.00      0.00      0.00      0.00      0.00    100.00
01:49:28          2      0.00      0.00      0.00      0.00      0.00    100.00
01:49:28          3      0.00      0.00      0.00      0.00      0.00    100.00
01:49:28          4      0.00      0.00      0.00      0.00      0.00    100.00
01:49:28          5      0.00      0.00      0.00      0.00      0.00    100.00
01:49:28          6      0.00      0.00      0.00      0.00      0.00    100.00
01:49:28          7      0.00      0.00      0.00      0.00      0.00    100.00
01:49:28          8      0.00      0.00      0.00      0.00      0.00    100.00
01:49:28          9      0.00      0.00      0.00      0.00      0.00    100.00
01:49:28         10      0.00      0.00      0.00      0.00      0.00    100.00
01:49:28         11      0.00      0.00      0.00      0.00      0.00    100.00
01:49:28         12      0.00      0.00      0.00      0.00      0.00    100.00
01:49:28         13      0.00      0.00      0.00      0.00      0.00    100.00
01:49:28         14      0.00      0.00      0.00      0.00      0.00    100.00
01:49:28         15      0.00      0.00      0.00      0.00      0.00    100.00
01:49:28         16      0.00      0.00      0.00      0.00      0.00    100.00
01:49:28         17      0.00      0.00      0.00      0.00      0.00    100.00
01:49:28         18      0.00      0.00      0.00      0.00      0.00    100.00
01:49:28         19      0.00      0.00      0.00      0.00      0.00    100.00
01:49:28         20      0.00      0.00      0.00      0.00      0.00    100.00
01:49:28         21      0.00      0.00      0.00      0.00      0.00    100.00
01:49:28         22      0.00      0.00      0.00      0.00      0.00    100.00
01:49:28         23      0.00      0.00      0.00      0.00      0.00    100.00
01:49:28         24      0.00      0.00      0.00      0.00      0.00    100.00
01:49:28         25      0.00      0.00      0.00      0.00      0.00    100.00
01:49:28         26      0.00      0.00      0.00      0.00      0.00    100.00
01:49:28         27      0.00      0.00      0.00      0.00      0.00    100.00
01:49:28         28      0.00      0.00      0.00      0.00      0.00    100.00
01:49:28         29      0.00      0.00      0.00      0.00      0.00    100.00
01:49:28         30      0.00      0.00      0.00      0.00      0.00    100.00
01:49:28         31      0.00      0.00      0.00      0.00      0.00    100.00
01:49:28         32      0.00      0.00      0.00      0.00      0.00    100.00
01:49:28         33      0.00      0.00      0.00      0.00      0.00    100.00
01:49:28         34      0.00      0.00      0.00      0.00      0.00    100.00
01:49:28         35      0.00      0.00      0.00      0.00      0.00    100.00
01:49:28         36      0.00      0.00      0.00      0.00      0.00    100.00
01:49:28         37      0.00      0.00      0.00      0.00      0.00    100.00
01:49:28         38      0.00      0.00      0.00      0.00      0.00    100.00
01:49:28         39      0.00      0.00      0.00      0.00      0.00    100.00

01:49:28        CPU     %user     %nice   %system   %iowait    %steal     %idle
01:49:29        all      0.03      0.00      0.00      0.00      0.00     99.97
01:49:29          0      0.00      0.00      0.00      0.00      0.00    100.00
01:49:29          1      0.00      0.00      0.00      0.00      0.00    100.00
01:49:29          2      0.00      0.00      0.00      0.00      0.00    100.00
01:49:29          3      0.00      0.00      0.00      0.00      0.00    100.00
01:49:29          4      0.00      0.00      0.00      0.00      0.00    100.00
01:49:29          5      0.00      0.00      0.00      0.00      0.00    100.00
01:49:29          6      0.00      0.00      0.00      0.00      0.00    100.00
01:49:29          7      0.00      0.00      0.00      0.00      0.00    100.00
01:49:29          8      0.00      0.00      0.00      0.00      0.00    100.00
01:49:29          9      0.00      0.00      0.00      0.00      0.00    100.00
01:49:29         10      0.00      0.00      0.00      0.00      0.00    100.00
01:49:29         11      0.00      0.00      0.00      0.00      0.00    100.00
01:49:29         12      0.00      0.00      0.00      0.00      0.00    100.00
01:49:29         13      0.00      0.00      0.00      0.00      0.00    100.00
01:49:29         14      0.00      0.00      0.00      0.00      0.00    100.00
01:49:29         15      0.00      0.00      0.00      0.00      0.00    100.00
01:49:29         16      0.00      0.00      0.00      0.00      0.00    100.00
01:49:29         17      0.00      0.00      0.00      0.00      0.00    100.00
01:49:29         18      0.00      0.00      0.00      0.00      0.00    100.00
01:49:29         19      0.00      0.00      0.00      0.00      0.00    100.00
01:49:29         20      0.00      0.00      0.00      0.00      0.00    100.00
01:49:29         21      0.00      0.00      0.00      0.00      0.00    100.00
01:49:29         22      0.00      0.00      0.00      0.00      0.00    100.00
01:49:29         23      0.00      0.00      0.00      0.00      0.00    100.00
01:49:29         24      0.00      0.00      0.00      0.00      0.00    100.00
01:49:29         25      0.00      0.00      0.00      0.00      0.00    100.00
01:49:29         26      0.00      0.00      0.00      0.00      0.00    100.00
01:49:29         27      0.00      0.00      0.00      0.00      0.00    100.00
01:49:29         28      0.00      0.00      0.00      0.00      0.00    100.00
01:49:29         29      0.00      0.00      0.00      0.00      0.00    100.00
01:49:29         30      0.00      0.00      0.00      0.00      0.00    100.00
01:49:29         31      0.00      0.00      0.00      0.00      0.00    100.00
01:49:29         32      0.00      0.00      0.00      0.00      0.00    100.00
01:49:29         33      0.00      0.00      0.00      0.00      0.00    100.00
01:49:29         34      0.00      0.00      0.00      0.00      0.00    100.00
01:49:29         35      0.00      0.00      0.00      0.00      0.00    100.00
01:49:29         36      0.00      0.00      0.00      0.00      0.00    100.00
01:49:29         37      0.00      0.00      0.00      0.00      0.00    100.00
01:49:29         38      0.00      0.00      0.00      0.00      0.00    100.00
01:49:29         39      0.00      0.00      0.00      0.00      0.00    100.00

01:49:29        CPU     %user     %nice   %system   %iowait    %steal     %idle
01:49:30        all      0.00      0.00      0.00      0.00      0.00    100.00
01:49:30          0      0.00      0.00      0.00      0.00      0.00    100.00
01:49:30          1      0.00      0.00      0.00      0.00      0.00    100.00
01:49:30          2      0.00      0.00      0.00      0.00      0.00    100.00
01:49:30          3      0.00      0.00      0.00      0.00      0.00    100.00
01:49:30          4      0.00      0.00      0.00      0.00      0.00    100.00
01:49:30          5      0.00      0.00      0.00      0.00      0.00    100.00
01:49:30          6      0.00      0.00      0.00      0.00      0.00    100.00
01:49:30          7      0.00      0.00      0.00      0.00      0.00    100.00
01:49:30          8      0.00      0.00      0.00      0.00      0.00    100.00
01:49:30          9      0.00      0.00      0.00      0.00      0.00    100.00
01:49:30         10      0.00      0.00      0.00      0.00      0.00    100.00
01:49:30         11      0.00      0.00      0.00      0.00      0.00    100.00
01:49:30         12      0.00      0.00      0.00      0.00      0.00    100.00
01:49:30         13      0.00      0.00      0.00      0.00      0.00    100.00
01:49:30         14      0.00      0.00      0.00      0.00      0.00    100.00
01:49:30         15      0.00      0.00      0.00      0.00      0.00    100.00
01:49:30         16      0.00      0.00      0.00      0.00      0.00    100.00
01:49:30         17      0.00      0.00      0.00      0.00      0.00    100.00
01:49:30         18      0.00      0.00      0.00      0.00      0.00    100.00
01:49:30         19      0.00      0.00      0.00      0.00      0.00    100.00
01:49:30         20      0.00      0.00      0.00      0.00      0.00    100.00
01:49:30         21      0.00      0.00      0.00      0.00      0.00    100.00
01:49:30         22      0.00      0.00      0.00      0.00      0.00    100.00
01:49:30         23      0.00      0.00      0.00      0.00      0.00    100.00
01:49:30         24      0.00      0.00      0.00      0.00      0.00    100.00
01:49:30         25      0.00      0.00      0.00      0.00      0.00    100.00
01:49:30         26      0.00      0.00      0.00      0.00      0.00    100.00
01:49:30         27      0.00      0.00      0.00      0.00      0.00    100.00
01:49:30         28      0.00      0.00      0.00      0.00      0.00    100.00
01:49:30         29      0.00      0.00      0.00      0.00      0.00    100.00
01:49:30         30      0.00      0.00      0.00      0.00      0.00    100.00
01:49:30         31      0.00      0.00      0.00      0.00      0.00    100.00
01:49:30         32      0.00      0.00      0.00      0.00      0.00    100.00
01:49:30         33      0.00      0.00      0.00      0.00      0.00    100.00
01:49:30         34      0.00      0.00      0.00      0.00      0.00    100.00
01:49:30         35      0.00      0.00      0.00      0.00      0.00    100.00
01:49:30         36      0.00      0.00      0.00      0.00      0.00    100.00
01:49:30         37      0.00      0.00      0.00      0.00      0.00    100.00
01:49:30         38      0.00      0.00      0.00      0.00      0.00    100.00
01:49:30         39      0.00      0.00      0.00      0.00      0.00    100.00

01:49:30        CPU     %user     %nice   %system   %iowait    %steal     %idle
01:49:31        all      0.00      0.00      0.00      0.00      0.00    100.00
01:49:31          0      0.00      0.00      0.00      0.00      0.00    100.00
01:49:31          1      0.00      0.00      0.00      0.00      0.00    100.00
01:49:31          2      0.00      0.00      0.00      0.00      0.00    100.00
01:49:31          3      0.00      0.00      0.00      0.00      0.00    100.00
01:49:31          4      0.00      0.00      0.00      0.00      0.00    100.00
01:49:31          5      0.00      0.00      0.00      0.00      0.00    100.00
01:49:31          6      0.00      0.00      0.00      0.00      0.00    100.00
01:49:31          7      0.00      0.00      0.00      0.00      0.00    100.00
01:49:31          8      0.00      0.00      0.00      0.00      0.00    100.00
01:49:31          9      0.00      0.00      0.00      0.00      0.00    100.00
01:49:31         10      0.00      0.00      0.00      0.00      0.00    100.00
01:49:31         11      0.00      0.00      0.00      0.00      0.00    100.00
01:49:31         12      0.00      0.00      0.00      0.00      0.00    100.00
01:49:31         13      0.00      0.00      0.00      0.00      0.00    100.00
01:49:31         14      0.00      0.00      0.00      0.00      0.00    100.00
01:49:31         15      0.00      0.00      0.00      0.00      0.00    100.00
01:49:31         16      0.00      0.00      0.00      0.00      0.00    100.00
01:49:31         17      0.00      0.00      0.00      0.00      0.00    100.00
01:49:31         18      0.00      0.00      0.00      0.00      0.00    100.00
01:49:31         19      0.00      0.00      0.00      0.00      0.00    100.00
01:49:31         20      0.00      0.00      0.00      0.00      0.00    100.00
01:49:31         21      0.00      0.00      0.00      0.00      0.00    100.00
01:49:31         22      0.00      0.00      0.00      0.00      0.00    100.00
01:49:31         23      0.00      0.00      0.00      0.00      0.00    100.00
01:49:31         24      0.00      0.00      0.00      0.00      0.00    100.00
01:49:31         25      0.00      0.00      0.00      0.00      0.00    100.00
01:49:31         26      0.00      0.00      0.00      0.00      0.00    100.00
01:49:31         27      0.00      0.00      0.00      0.00      0.00    100.00
01:49:31         28      0.00      0.00      0.00      0.00      0.00    100.00
01:49:31         29      0.00      0.00      0.00      0.00      0.00    100.00
01:49:31         30      0.00      0.00      0.00      0.00      0.00    100.00
01:49:31         31      0.00      0.00      0.00      0.00      0.00    100.00
01:49:31         32      0.00      0.00      0.00      0.00      0.00    100.00
01:49:31         33      0.00      0.00      0.00      0.00      0.00    100.00
01:49:31         34      0.00      0.00      0.00      0.00      0.00    100.00
01:49:31         35      0.00      0.00      0.00      0.00      0.00    100.00
01:49:31         36      0.00      0.00      0.00      0.00      0.00    100.00
01:49:31         37      0.00      0.00      0.00      0.00      0.00    100.00
01:49:31         38      0.00      0.00      0.00      0.00      0.00    100.00
01:49:31         39      0.00      0.00      0.00      0.00      0.00    100.00

01:49:31        CPU     %user     %nice   %system   %iowait    %steal     %idle
01:49:32        all      0.00      0.00      0.00      0.00      0.00    100.00
01:49:32          0      0.00      0.00      0.00      0.00      0.00    100.00
01:49:32          1      0.00      0.00      0.00      0.00      0.00    100.00
01:49:32          2      0.00      0.00      0.00      0.00      0.00    100.00
01:49:32          3      0.00      0.00      0.00      0.00      0.00    100.00
01:49:32          4      0.00      0.00      0.00      0.00      0.00    100.00
01:49:32          5      0.00      0.00      0.00      0.00      0.00    100.00
01:49:32          6      0.00      0.00      0.00      0.00      0.00    100.00
01:49:32          7      0.00      0.00      0.00      0.00      0.00    100.00
01:49:32          8      0.00      0.00      0.00      0.00      0.00    100.00
01:49:32          9      0.00      0.00      0.00      0.00      0.00    100.00
01:49:32         10      0.00      0.00      0.00      0.00      0.00    100.00
01:49:32         11      0.00      0.00      0.00      0.00      0.00    100.00
01:49:32         12      0.00      0.00      0.00      0.00      0.00    100.00
01:49:32         13      0.00      0.00      0.00      0.00      0.00    100.00
01:49:32         14      0.00      0.00      0.00      0.00      0.00    100.00
01:49:32         15      0.00      0.00      0.00      0.00      0.00    100.00
01:49:32         16      0.00      0.00      0.00      0.00      0.00    100.00
01:49:32         17      0.00      0.00      0.00      0.00      0.00    100.00
01:49:32         18      0.00      0.00      0.00      0.00      0.00    100.00
01:49:32         19      0.00      0.00      0.00      0.00      0.00    100.00
01:49:32         20      0.00      0.00      0.00      0.00      0.00    100.00
01:49:32         21      0.00      0.00      0.00      0.00      0.00    100.00
01:49:32         22      0.00      0.00      0.00      0.00      0.00    100.00
01:49:32         23      0.00      0.00      0.00      0.00      0.00    100.00
01:49:32         24      0.00      0.00      0.00      0.00      0.00    100.00
01:49:32         25      0.00      0.00      0.00      0.00      0.00    100.00
01:49:32         26      0.00      0.00      0.00      0.00      0.00    100.00
01:49:32         27      0.00      0.00      0.00      0.00      0.00    100.00
01:49:32         28      0.00      0.00      0.00      0.00      0.00    100.00
01:49:32         29      0.00      0.00      0.00      0.00      0.00    100.00
01:49:32         30      0.00      0.00      0.00      0.00      0.00    100.00
01:49:32         31      0.00      0.00      0.00      0.00      0.00    100.00
01:49:32         32      0.00      0.00      0.00      0.00      0.00    100.00
01:49:32         33      0.00      0.00      0.00      0.00      0.00    100.00
01:49:32         34      0.00      0.00      0.00      0.00      0.00    100.00
01:49:32         35      0.00      0.00      0.00      0.00      0.00    100.00
01:49:32         36      0.00      0.00      0.00      0.00      0.00    100.00
01:49:32         37      0.00      0.00      0.00      0.00      0.00    100.00
01:49:32         38      0.00      0.00      0.00      0.00      0.00    100.00
01:49:32         39      0.00      0.00      0.00      0.00      0.00    100.00

01:49:32        CPU     %user     %nice   %system   %iowait    %steal     %idle
01:49:33        all      0.00      0.00      0.00      0.00      0.00    100.00
01:49:33          0      0.00      0.00      0.00      0.00      0.00    100.00
01:49:33          1      0.00      0.00      0.99      0.00      0.00     99.01
01:49:33          2      0.00      0.00      0.00      0.00      0.00    100.00
01:49:33          3      0.00      0.00      0.00      0.00      0.00    100.00
01:49:33          4      0.00      0.00      0.00      0.00      0.00    100.00
01:49:33          5      0.00      0.00      0.00      0.00      0.00    100.00
01:49:33          6      0.00      0.00      0.00      0.00      0.00    100.00
01:49:33          7      0.00      0.00      0.00      0.00      0.00    100.00
01:49:33          8      0.00      0.00      0.00      0.00      0.00    100.00
01:49:33          9      0.00      0.00      0.00      0.00      0.00    100.00
01:49:33         10      0.00      0.00      0.00      0.00      0.00    100.00
01:49:33         11      0.00      0.00      0.00      0.00      0.00    100.00
01:49:33         12      0.00      0.00      0.00      0.00      0.00    100.00
01:49:33         13      0.00      0.00      0.00      0.00      0.00    100.00
01:49:33         14      0.00      0.00      0.00      0.00      0.00    100.00
01:49:33         15      0.00      0.00      0.00      0.00      0.00    100.00
01:49:33         16      0.00      0.00      0.00      0.00      0.00    100.00
01:49:33         17      0.00      0.00      0.00      0.00      0.00    100.00
01:49:33         18      0.00      0.00      0.00      0.00      0.00    100.00
01:49:33         19      0.00      0.00      0.00      0.00      0.00    100.00
01:49:33         20      0.00      0.00      0.00      0.00      0.00    100.00
01:49:33         21      0.00      0.00      0.00      0.00      0.00    100.00
01:49:33         22      0.00      0.00      0.00      0.00      0.00    100.00
01:49:33         23      0.00      0.00      0.00      0.00      0.00    100.00
01:49:33         24      0.00      0.00      0.00      0.00      0.00    100.00
01:49:33         25      0.00      0.00      0.00      0.00      0.00    100.00
01:49:33         26      0.00      0.00      0.00      0.00      0.00    100.00
01:49:33         27      0.00      0.00      0.00      0.00      0.00    100.00
01:49:33         28      0.00      0.00      0.00      0.00      0.00    100.00
01:49:33         29      0.00      0.00      0.00      0.00      0.00    100.00
01:49:33         30      0.00      0.00      0.00      0.00      0.00    100.00
01:49:33         31      0.00      0.00      0.00      0.00      0.00    100.00
01:49:33         32      0.00      0.00      0.00      0.00      0.00    100.00
01:49:33         33      0.00      0.00      0.00      0.00      0.00    100.00
01:49:33         34      0.00      0.00      0.00      0.00      0.00    100.00
01:49:33         35      0.00      0.00      0.00      0.00      0.00    100.00
01:49:33         36      0.00      0.00      0.00      0.00      0.00    100.00
01:49:33         37      0.00      0.00      0.00      0.00      0.00    100.00
01:49:33         38      0.00      0.00      0.00      0.00      0.00    100.00
01:49:33         39      0.00      0.00      0.00      0.00      0.00    100.00

01:49:33        CPU     %user     %nice   %system   %iowait    %steal     %idle
01:49:34        all      0.00      0.00      0.03      0.00      0.00     99.98
01:49:34          0      0.00      0.00      0.00      0.00      0.00    100.00
01:49:34          1      0.00      0.00      0.00      0.00      0.00    100.00
01:49:34          2      0.00      0.00      0.00      0.00      0.00    100.00
01:49:34          3      0.00      0.00      0.00      0.00      0.00    100.00
01:49:34          4      0.00      0.00      0.00      0.00      0.00    100.00
01:49:34          5      0.00      0.00      0.00      0.00      0.00    100.00
01:49:34          6      0.00      0.00      0.00      0.00      0.00    100.00
01:49:34          7      0.00      0.00      0.00      0.00      0.00    100.00
01:49:34          8      0.00      0.00      0.00      0.00      0.00    100.00
01:49:34          9      0.00      0.00      0.00      0.00      0.00    100.00
01:49:34         10      0.00      0.00      0.00      0.00      0.00    100.00
01:49:34         11      0.00      0.00      0.00      0.00      0.00    100.00
01:49:34         12      0.00      0.00      0.00      0.00      0.00    100.00
01:49:34         13      0.99      0.00      0.00      0.00      0.00     99.01
01:49:34         14      0.00      0.00      0.00      0.00      0.00    100.00
01:49:34         15      0.00      0.00      0.00      0.00      0.00    100.00
01:49:34         16      0.00      0.00      0.00      0.00      0.00    100.00
01:49:34         17      0.00      0.00      0.00      0.00      0.00    100.00
01:49:34         18      0.00      0.00      0.00      0.00      0.00    100.00
01:49:34         19      0.00      0.00      0.00      0.00      0.00    100.00
01:49:34         20      0.00      0.00      0.00      0.00      0.00    100.00
01:49:34         21      0.00      0.00      0.00      0.00      0.00    100.00
01:49:34         22      0.00      0.00      0.00      0.00      0.00    100.00
01:49:34         23      0.00      0.00      0.00      0.00      0.00    100.00
01:49:34         24      0.00      0.00      0.00      0.00      0.00    100.00
01:49:34         25      0.00      0.00      0.99      0.00      0.00     99.01
01:49:34         26      0.00      0.00      0.00      0.00      0.00    100.00
01:49:34         27      0.00      0.00      0.00      0.00      0.00    100.00
01:49:34         28      0.00      0.00      0.00      0.00      0.00    100.00
01:49:34         29      0.00      0.00      0.00      0.00      0.00    100.00
01:49:34         30      0.00      0.00      0.00      0.00      0.00    100.00
01:49:34         31      0.00      0.00      0.00      0.00      0.00    100.00
01:49:34         32      0.00      0.00      0.00      0.00      0.00    100.00
01:49:34         33      0.00      0.00      0.00      0.00      0.00    100.00
01:49:34         34      0.00      0.00      0.00      0.00      0.00    100.00
01:49:34         35      0.00      0.00      0.00      0.00      0.00    100.00
01:49:34         36      0.00      0.00      0.00      0.00      0.00    100.00
01:49:34         37      0.00      0.00      0.00      0.00      0.00    100.00
01:49:34         38      0.00      0.00      0.00      0.00      0.00    100.00
01:49:34         39      0.00      0.00      0.00      0.00      0.00    100.00

01:49:34        CPU     %user     %nice   %system   %iowait    %steal     %idle
01:49:35        all      0.00      0.00      0.00      0.00      0.00    100.00
01:49:35          0      0.00      0.00      0.00      0.00      0.00    100.00
01:49:35          1      0.00      0.00      0.00      0.00      0.00    100.00
01:49:35          2      0.00      0.00      0.00      0.00      0.00    100.00
01:49:35          3      0.00      0.00      0.00      0.00      0.00    100.00
01:49:35          4      0.00      0.00      0.00      0.00      0.00    100.00
01:49:35          5      0.00      0.00      0.00      0.00      0.00    100.00
01:49:35          6      0.00      0.00      0.00      0.00      0.00    100.00
01:49:35          7      0.00      0.00      0.00      0.00      0.00    100.00
01:49:35          8      0.00      0.00      0.00      0.00      0.00    100.00
01:49:35          9      0.00      0.00      0.00      0.00      0.00    100.00
01:49:35         10      0.00      0.00      0.00      0.00      0.00    100.00
01:49:35         11      0.00      0.00      0.00      0.00      0.00    100.00
01:49:35         12      0.00      0.00      0.00      0.00      0.00    100.00
01:49:35         13      0.00      0.00      0.00      0.00      0.00    100.00
01:49:35         14      0.00      0.00      0.00      0.00      0.00    100.00
01:49:35         15      0.00      0.00      0.00      0.00      0.00    100.00
01:49:35         16      0.00      0.00      0.00      0.00      0.00    100.00
01:49:35         17      0.00      0.00      0.00      0.00      0.00    100.00
01:49:35         18      0.00      0.00      0.00      0.00      0.00    100.00
01:49:35         19      0.00      0.00      0.00      0.00      0.00    100.00
01:49:35         20      0.00      0.00      0.00      0.00      0.00    100.00
01:49:35         21      0.00      0.00      0.00      0.00      0.00    100.00
01:49:35         22      0.00      0.00      0.00      0.00      0.00    100.00
01:49:35         23      0.00      0.00      0.00      0.00      0.00    100.00
01:49:35         24      0.00      0.00      0.00      0.00      0.00    100.00
01:49:35         25      0.00      0.00      0.00      0.00      0.00    100.00
01:49:35         26      0.00      0.00      0.00      0.00      0.00    100.00
01:49:35         27      0.00      0.00      0.00      0.00      0.00    100.00
01:49:35         28      0.00      0.00      0.00      0.00      0.00    100.00
01:49:35         29      0.00      0.00      0.00      0.00      0.00    100.00
01:49:35         30      0.00      0.00      0.00      0.00      0.00    100.00
01:49:35         31      0.00      0.00      0.00      0.00      0.00    100.00
01:49:35         32      0.00      0.00      0.00      0.00      0.00    100.00
01:49:35         33      0.00      0.00      0.00      0.00      0.00    100.00
01:49:35         34      0.00      0.00      0.00      0.00      0.00    100.00
01:49:35         35      0.00      0.00      0.00      0.00      0.00    100.00
01:49:35         36      0.00      0.00      0.00      0.00      0.00    100.00
01:49:35         37      0.00      0.00      0.00      0.00      0.00    100.00
01:49:35         38      0.00      0.00      0.00      0.00      0.00    100.00
01:49:35         39      0.00      0.00      0.00      0.00      0.00    100.00

01:49:35        CPU     %user     %nice   %system   %iowait    %steal     %idle
01:49:36        all      0.03      0.00      0.00      0.00      0.00     99.98
01:49:36          0      0.00      0.00      0.00      0.00      0.00    100.00
01:49:36          1      0.00      0.00      0.00      0.00      0.00    100.00
01:49:36          2      0.00      0.00      0.00      0.00      0.00    100.00
01:49:36          3      0.00      0.00      0.00      0.00      0.00    100.00
01:49:36          4      0.00      0.00      0.00      0.00      0.00    100.00
01:49:36          5      0.00      0.00      0.00      0.00      0.00    100.00
01:49:36          6      0.00      0.00      0.00      0.00      0.00    100.00
01:49:36          7      0.00      0.00      0.00      0.00      0.00    100.00
01:49:36          8      0.00      0.00      0.00      0.00      0.00    100.00
01:49:36          9      0.00      0.00      0.00      0.00      0.00    100.00
01:49:36         10      0.00      0.00      0.00      0.00      0.00    100.00
01:49:36         11      0.00      0.00      0.00      0.00      0.00    100.00
01:49:36         12      0.00      0.00      0.00      0.00      0.00    100.00
01:49:36         13      0.00      0.00      0.00      0.00      0.00    100.00
01:49:36         14      0.00      0.00      0.00      0.00      0.00    100.00
01:49:36         15      0.00      0.00      0.00      0.00      0.00    100.00
01:49:36         16      0.00      0.00      0.00      0.00      0.00    100.00
01:49:36         17      0.00      0.00      0.00      0.00      0.00    100.00
01:49:36         18      0.00      0.00      0.00      0.00      0.00    100.00
01:49:36         19      0.00      0.00      0.00      0.00      0.00    100.00
01:49:36         20      0.00      0.00      0.00      0.00      0.00    100.00
01:49:36         21      0.00      0.00      0.00      0.00      0.00    100.00
01:49:36         22      0.00      0.00      0.00      0.00      0.00    100.00
01:49:36         23      0.00      0.00      0.00      0.00      0.00    100.00
01:49:36         24      0.00      0.00      0.00      0.00      0.00    100.00
01:49:36         25      0.00      0.00      0.00      0.00      0.00    100.00
01:49:36         26      0.00      0.00      0.00      0.00      0.00    100.00
01:49:36         27      0.00      0.00      0.00      0.00      0.00    100.00
01:49:36         28      0.00      0.00      0.00      0.00      0.00    100.00
01:49:36         29      0.00      0.00      0.00      0.00      0.00    100.00
01:49:36         30      0.00      0.00      0.00      0.00      0.00    100.00
01:49:36         31      0.00      0.00      0.00      0.00      0.00    100.00
01:49:36         32      0.00      0.00      0.00      0.00      0.00    100.00
01:49:36         33      0.00      0.00      0.00      0.00      0.00    100.00
01:49:36         34      0.00      0.00      0.00      0.00      0.00    100.00
01:49:36         35      0.00      0.00      0.00      0.00      0.00    100.00
01:49:36         36      0.00      0.00      0.00      0.00      0.00    100.00
01:49:36         37      0.00      0.00      0.00      0.00      0.00    100.00
01:49:36         38      0.00      0.00      0.00      0.00      0.00    100.00
01:49:36         39      0.00      0.00      0.00      0.00      0.00    100.00

01:49:36        CPU     %user     %nice   %system   %iowait    %steal     %idle
01:49:37        all      0.03      0.00      0.00      0.00      0.00     99.97
01:49:37          0      0.00      0.00      0.00      0.00      0.00    100.00
01:49:37          1      0.00      0.00      0.00      0.00      0.00    100.00
01:49:37          2      0.00      0.00      0.00      0.00      0.00    100.00
01:49:37          3      0.00      0.00      0.00      0.00      0.00    100.00
01:49:37          4      0.00      0.00      0.00      0.00      0.00    100.00
01:49:37          5      0.00      0.00      0.00      0.00      0.00    100.00
01:49:37          6      0.00      0.00      0.00      0.00      0.00    100.00
01:49:37          7      0.00      0.00      0.00      0.00      0.00    100.00
01:49:37          8      0.00      0.00      0.00      0.00      0.00    100.00
01:49:37          9      0.00      0.00      0.00      0.00      0.00    100.00
01:49:37         10      0.00      0.00      0.00      0.00      0.00    100.00
01:49:37         11      0.00      0.00      0.00      0.00      0.00    100.00
01:49:37         12      0.00      0.00      0.00      0.00      0.00    100.00
01:49:37         13      0.99      0.00      0.00      0.00      0.00     99.01
01:49:37         14      0.00      0.00      0.00      0.00      0.00    100.00
01:49:37         15      0.00      0.00      0.00      0.00      0.00    100.00
01:49:37         16      0.00      0.00      0.00      0.00      0.00    100.00
01:49:37         17      0.00      0.00      0.00      0.00      0.00    100.00
01:49:37         18      0.00      0.00      0.00      0.00      0.00    100.00
01:49:37         19      0.00      0.00      0.00      0.00      0.00    100.00
01:49:37         20      0.00      0.00      0.00      0.00      0.00    100.00
01:49:37         21      0.00      0.00      0.00      0.00      0.00    100.00
01:49:37         22      0.00      0.00      0.00      0.00      0.00    100.00
01:49:37         23      0.00      0.00      0.00      0.00      0.00    100.00
01:49:37         24      0.00      0.00      0.00      0.00      0.00    100.00
01:49:37         25      0.00      0.00      0.00      0.00      0.00    100.00
01:49:37         26      0.00      0.00      0.00      0.00      0.00    100.00
01:49:37         27      0.00      0.00      0.00      0.00      0.00    100.00
01:49:37         28      0.00      0.00      0.00      0.00      0.00    100.00
01:49:37         29      0.00      0.00      0.00      0.00      0.00    100.00
01:49:37         30      0.00      0.00      0.00      0.00      0.00    100.00
01:49:37         31      0.00      0.00      0.00      0.00      0.00    100.00
01:49:37         32      0.00      0.00      0.00      0.00      0.00    100.00
01:49:37         33      0.00      0.00      0.00      0.00      0.00    100.00
01:49:37         34      0.00      0.00      0.00      0.00      0.00    100.00
01:49:37         35      0.00      0.00      0.00      0.00      0.00    100.00
01:49:37         36      0.00      0.00      0.00      0.00      0.00    100.00
01:49:37         37      0.00      0.00      0.00      0.00      0.00    100.00
01:49:37         38      0.00      0.00      0.00      0.00      0.00    100.00
01:49:37         39      0.00      0.00      0.00      0.00      0.00    100.00

01:49:37        CPU     %user     %nice   %system   %iowait    %steal     %idle
01:49:38        all      1.68      0.00      0.30      0.00      0.00     98.02
01:49:38          0      5.05      0.00      1.01      0.00      0.00     93.94
01:49:38          1      1.00      0.00      0.00      0.00      0.00     99.00
01:49:38          2      0.00      0.00      0.00      0.00      0.00    100.00
01:49:38          3      0.00      0.00      1.00      0.00      0.00     99.00
01:49:38          4      0.00      0.00      0.00      0.00      0.00    100.00
01:49:38          5      7.07      0.00      0.00      0.00      0.00     92.93
01:49:38          6      0.00      0.00      0.00      0.00      0.00    100.00
01:49:38          7      0.00      0.00      0.00      0.00      0.00    100.00
01:49:38          8      0.00      0.00      0.00      0.00      0.00    100.00
01:49:38          9      0.00      0.00      0.00      0.00      0.00    100.00
01:49:38         10      0.00      0.00      0.00      0.00      0.00    100.00
01:49:38         11      0.00      0.00      0.00      0.00      0.00    100.00
01:49:38         12      0.00      0.00      0.00      0.00      0.00    100.00
01:49:38         13      0.00      0.00      0.00      0.00      0.00    100.00
01:49:38         14      1.00      0.00      0.00      0.00      0.00     99.00
01:49:38         15      5.00      0.00      2.00      0.00      0.00     93.00
01:49:38         16      0.00      0.00      1.00      0.00      0.00     99.00
01:49:38         17     11.88      0.00      0.99      0.00      0.00     87.13
01:49:38         18     12.00      0.00      1.00      0.00      0.00     87.00
01:49:38         19      6.00      0.00      1.00      0.00      0.00     93.00
01:49:38         20      5.00      0.00      1.00      0.00      0.00     94.00
01:49:38         21      0.00      0.00      0.00      0.00      0.00    100.00
01:49:38         22      0.00      0.00      1.00      0.00      0.00     99.00
01:49:38         23      0.00      0.00      1.00      0.00      0.00     99.00
01:49:38         24      0.00      0.00      0.00      0.00      0.00    100.00
01:49:38         25      5.00      0.00      0.00      0.00      0.00     95.00
01:49:38         26      2.00      0.00      0.00      0.00      0.00     98.00
01:49:38         27      0.00      0.00      0.00      0.00      0.00    100.00
01:49:38         28      1.00      0.00      0.00      0.00      0.00     99.00
01:49:38         29      1.00      0.00      0.00      0.00      0.00     99.00
01:49:38         30      1.01      0.00      0.00      0.00      0.00     98.99
01:49:38         31      0.00      0.00      0.00      0.00      0.00    100.00
01:49:38         32      0.00      0.00      0.00      0.00      0.00    100.00
01:49:38         33      0.00      0.00      0.00      0.00      0.00    100.00
01:49:38         34      0.00      0.00      0.00      0.00      0.00    100.00
01:49:38         35      0.00      0.00      0.00      0.00      0.00    100.00
01:49:38         36      0.00      0.00      0.00      0.00      0.00    100.00
01:49:38         37      2.02      0.00      0.00      0.00      0.00     97.98
01:49:38         38      0.00      0.00      0.00      0.00      0.00    100.00
01:49:38         39      1.00      0.00      1.00      0.00      0.00     98.00

01:49:38        CPU     %user     %nice   %system   %iowait    %steal     %idle
01:49:39        all      6.72      0.00      1.80      0.13      0.00     91.36
01:49:39          0      0.00      0.00      1.00      1.00      0.00     98.00
01:49:39          1     34.65      0.00      4.95      0.00      0.00     60.40
01:49:39          2      0.00      0.00      0.00      0.00      0.00    100.00
01:49:39          3      6.06      0.00      3.03      0.00      0.00     90.91
01:49:39          4      2.02      0.00      0.00      0.00      0.00     97.98
01:49:39          5     31.00      0.00      6.00      0.00      0.00     63.00
01:49:39          6      0.00      0.00      2.00      0.00      0.00     98.00
01:49:39          7     24.00      0.00      6.00      0.00      0.00     70.00
01:49:39          8      0.00      0.00      1.01      0.00      0.00     98.99
01:49:39          9      1.00      0.00      1.00      0.00      0.00     98.00
01:49:39         10      0.00      0.00      1.00      0.00      0.00     99.00
01:49:39         11      0.99      0.00      0.99      0.00      0.00     98.02
01:49:39         12      4.08      0.00      0.00      0.00      0.00     95.92
01:49:39         13     12.00      0.00      3.00      0.00      0.00     85.00
01:49:39         14     14.29      0.00      4.08      0.00      0.00     81.63
01:49:39         15      5.10      0.00      2.04      0.00      0.00     92.86
01:49:39         16      0.00      0.00      1.01      0.00      0.00     98.99
01:49:39         17     26.00      0.00      4.00      0.00      0.00     70.00
01:49:39         18      5.00      0.00      2.00      0.00      0.00     93.00
01:49:39         19      3.00      0.00      2.00      2.00      0.00     93.00
01:49:39         20      0.99      0.00      0.99      0.00      0.00     98.02
01:49:39         21     11.22      0.00      1.02      0.00      0.00     87.76
01:49:39         22      1.00      0.00      1.00      0.00      0.00     98.00
01:49:39         23      0.00      0.00      1.01      0.00      0.00     98.99
01:49:39         24      3.92      0.00      0.98      0.00      0.00     95.10
01:49:39         25     16.00      0.00      3.00      0.00      0.00     81.00
01:49:39         26      4.00      0.00      2.00      0.00      0.00     94.00
01:49:39         27      6.06      0.00      0.00      0.00      0.00     93.94
01:49:39         28      0.00      0.00      0.00      0.00      0.00    100.00
01:49:39         29      0.00      0.00      1.00      0.00      0.00     99.00
01:49:39         30      8.82      0.00      3.92      0.00      0.00     87.25
01:49:39         31      1.00      0.00      1.00      0.00      0.00     98.00
01:49:39         32      0.99      0.00      2.97      0.00      0.00     96.04
01:49:39         33     14.85      0.00      2.97      0.99      0.00     81.19
01:49:39         34     24.00      0.00      4.00      0.00      0.00     72.00
01:49:39         35      0.99      0.00      0.99      0.00      0.00     98.02
01:49:39         36      1.00      0.00      1.00      0.00      0.00     98.00
01:49:39         37      0.00      0.00      2.00      0.00      0.00     98.00
01:49:39         38      0.99      0.00      1.98      0.00      0.00     97.03
01:49:39         39      2.00      0.00      0.00      0.00      0.00     98.00

01:49:39        CPU     %user     %nice   %system   %iowait    %steal     %idle
01:49:40        all      0.00      0.00      0.03      0.00      0.00     99.97
01:49:40          0      0.00      0.00      0.00      0.00      0.00    100.00
01:49:40          1      0.00      0.00      0.00      0.00      0.00    100.00
01:49:40          2      0.00      0.00      0.00      0.00      0.00    100.00
01:49:40          3      0.00      0.00      0.00      0.00      0.00    100.00
01:49:40          4      0.00      0.00      0.00      0.00      0.00    100.00
01:49:40          5      0.00      0.00      0.00      0.00      0.00    100.00
01:49:40          6      0.00      0.00      0.00      0.00      0.00    100.00
01:49:40          7      0.00      0.00      0.00      0.00      0.00    100.00
01:49:40          8      0.00      0.00      0.00      0.00      0.00    100.00
01:49:40          9      0.00      0.00      0.00      0.00      0.00    100.00
01:49:40         10      0.00      0.00      0.00      0.00      0.00    100.00
01:49:40         11      0.00      0.00      0.00      0.00      0.00    100.00
01:49:40         12      0.00      0.00      0.00      0.00      0.00    100.00
01:49:40         13      0.00      0.00      0.00      0.00      0.00    100.00
01:49:40         14      0.00      0.00      0.00      0.00      0.00    100.00
01:49:40         15      0.00      0.00      0.00      0.00      0.00    100.00
01:49:40         16      0.00      0.00      0.00      0.00      0.00    100.00
01:49:40         17      0.00      0.00      0.00      0.00      0.00    100.00
01:49:40         18      0.00      0.00      0.00      0.00      0.00    100.00
01:49:40         19      0.00      0.00      0.00      0.00      0.00    100.00
01:49:40         20      0.00      0.00      0.00      0.00      0.00    100.00
01:49:40         21      0.00      0.00      0.00      0.00      0.00    100.00
01:49:40         22      0.00      0.00      0.00      0.00      0.00    100.00
01:49:40         23      0.00      0.00      0.00      0.00      0.00    100.00
01:49:40         24      0.00      0.00      0.00      0.00      0.00    100.00
01:49:40         25      0.00      0.00      0.99      0.00      0.00     99.01
01:49:40         26      0.00      0.00      0.00      0.00      0.00    100.00
01:49:40         27      0.00      0.00      0.00      0.00      0.00    100.00
01:49:40         28      0.00      0.00      0.00      0.00      0.00    100.00
01:49:40         29      0.00      0.00      0.00      0.00      0.00    100.00
01:49:40         30      0.00      0.00      0.00      0.00      0.00    100.00
01:49:40         31      0.00      0.00      0.00      0.00      0.00    100.00
01:49:40         32      0.00      0.00      0.00      0.00      0.00    100.00
01:49:40         33      0.00      0.00      0.00      0.00      0.00    100.00
01:49:40         34      0.00      0.00      0.00      0.00      0.00    100.00
01:49:40         35      0.00      0.00      0.00      0.00      0.00    100.00
01:49:40         36      0.00      0.00      0.00      0.00      0.00    100.00
01:49:40         37      0.00      0.00      0.00      0.00      0.00    100.00
01:49:40         38      0.00      0.00      0.00      0.00      0.00    100.00
01:49:40         39      0.00      0.00      0.00      0.00      0.00    100.00

01:49:40        CPU     %user     %nice   %system   %iowait    %steal     %idle
01:49:41        all      0.00      0.00      0.03      0.00      0.00     99.98
01:49:41          0      0.00      0.00      0.00      0.00      0.00    100.00
01:49:41          1      0.00      0.00      0.00      0.00      0.00    100.00
01:49:41          2      0.00      0.00      0.00      0.00      0.00    100.00
01:49:41          3      0.00      0.00      0.00      0.00      0.00    100.00
01:49:41          4      0.00      0.00      0.00      0.00      0.00    100.00
01:49:41          5      0.00      0.00      0.00      0.00      0.00    100.00
01:49:41          6      0.00      0.00      0.00      0.00      0.00    100.00
01:49:41          7      0.00      0.00      0.00      0.00      0.00    100.00
01:49:41          8      0.00      0.00      0.00      0.00      0.00    100.00
01:49:41          9      0.00      0.00      0.00      0.00      0.00    100.00
01:49:41         10      0.00      0.00      0.00      0.00      0.00    100.00
01:49:41         11      0.00      0.00      0.00      0.00      0.00    100.00
01:49:41         12      0.00      0.00      0.00      0.00      0.00    100.00
01:49:41         13      0.00      0.00      0.99      0.00      0.00     99.01
01:49:41         14      0.00      0.00      0.00      0.00      0.00    100.00
01:49:41         15      0.00      0.00      0.00      0.00      0.00    100.00
01:49:41         16      0.00      0.00      0.00      0.00      0.00    100.00
01:49:41         17      0.00      0.00      0.00      0.00      0.00    100.00
01:49:41         18      0.00      0.00      0.00      0.00      0.00    100.00
01:49:41         19      0.00      0.00      0.00      0.00      0.00    100.00
01:49:41         20      0.00      0.00      0.00      0.00      0.00    100.00
01:49:41         21      0.00      0.00      0.00      0.00      0.00    100.00
01:49:41         22      0.00      0.00      0.00      0.00      0.00    100.00
01:49:41         23      0.00      0.00      0.00      0.00      0.00    100.00
01:49:41         24      0.00      0.00      0.00      0.00      0.00    100.00
01:49:41         25      0.00      0.00      0.00      0.00      0.00    100.00
01:49:41         26      0.00      0.00      0.00      0.00      0.00    100.00
01:49:41         27      0.00      0.00      0.00      0.00      0.00    100.00
01:49:41         28      0.00      0.00      0.00      0.00      0.00    100.00
01:49:41         29      0.00      0.00      0.00      0.00      0.00    100.00
01:49:41         30      0.00      0.00      0.00      0.00      0.00    100.00
01:49:41         31      0.00      0.00      0.00      0.00      0.00    100.00
01:49:41         32      0.00      0.00      0.00      0.00      0.00    100.00
01:49:41         33      0.00      0.00      0.00      0.00      0.00    100.00
01:49:41         34      0.00      0.00      0.00      0.00      0.00    100.00
01:49:41         35      0.00      0.00      0.00      0.00      0.00    100.00
01:49:41         36      0.00      0.00      0.00      0.00      0.00    100.00
01:49:41         37      0.00      0.00      0.00      0.00      0.00    100.00
01:49:41         38      0.00      0.00      0.00      0.00      0.00    100.00
01:49:41         39      0.00      0.00      0.00      0.00      0.00    100.00

01:49:41        CPU     %user     %nice   %system   %iowait    %steal     %idle
01:49:42        all      0.00      0.00      0.03      0.08      0.00     99.90
01:49:42          0      0.00      0.00      0.00      0.00      0.00    100.00
01:49:42          1      0.00      0.00      0.00      0.00      0.00    100.00
01:49:42          2      0.00      0.00      0.00      0.00      0.00    100.00
01:49:42          3      0.00      0.00      0.00      0.00      0.00    100.00
01:49:42          4      0.00      0.00      0.00      0.00      0.00    100.00
01:49:42          5      0.00      0.00      0.00      0.00      0.00    100.00
01:49:42          6      0.00      0.00      0.00      0.00      0.00    100.00
01:49:42          7      0.00      0.00      0.00      0.00      0.00    100.00
01:49:42          8      0.00      0.00      0.00      0.00      0.00    100.00
01:49:42          9      0.00      0.00      0.00      0.00      0.00    100.00
01:49:42         10      0.00      0.00      0.00      0.00      0.00    100.00
01:49:42         11      0.00      0.00      0.00      0.00      0.00    100.00
01:49:42         12      0.00      0.00      0.00      0.00      0.00    100.00
01:49:42         13      0.00      0.00      0.00      0.00      0.00    100.00
01:49:42         14      0.00      0.00      0.00      0.00      0.00    100.00
01:49:42         15      0.00      0.00      0.00      0.00      0.00    100.00
01:49:42         16      0.00      0.00      0.00      0.00      0.00    100.00
01:49:42         17      0.00      0.00      0.00      0.00      0.00    100.00
01:49:42         18      0.00      0.00      0.00      0.00      0.00    100.00
01:49:42         19      0.00      0.00      0.00      0.00      0.00    100.00
01:49:42         20      0.00      0.00      0.00      0.00      0.00    100.00
01:49:42         21      0.00      0.00      0.00      0.00      0.00    100.00
01:49:42         22      0.00      0.00      0.00      0.00      0.00    100.00
01:49:42         23      0.00      0.00      0.00      0.00      0.00    100.00
01:49:42         24      0.00      0.00      0.00      0.00      0.00    100.00
01:49:42         25      0.00      0.00      0.00      0.00      0.00    100.00
01:49:42         26      0.00      0.00      0.00      3.00      0.00     97.00
01:49:42         27      0.00      0.00      0.00      0.00      0.00    100.00
01:49:42         28      0.00      0.00      0.00      0.00      0.00    100.00
01:49:42         29      0.00      0.00      0.00      0.00      0.00    100.00
01:49:42         30      0.00      0.00      0.00      0.00      0.00    100.00
01:49:42         31      0.00      0.00      0.00      0.00      0.00    100.00
01:49:42         32      0.00      0.00      0.00      0.00      0.00    100.00
01:49:42         33      0.00      0.00      0.00      0.00      0.00    100.00
01:49:42         34      0.00      0.00      0.00      0.00      0.00    100.00
01:49:42         35      0.00      0.00      0.00      0.00      0.00    100.00
01:49:42         36      0.00      0.00      0.00      0.00      0.00    100.00
01:49:42         37      0.00      0.00      0.00      0.00      0.00    100.00
01:49:42         38      0.00      0.00      0.00      0.00      0.00    100.00
01:49:42         39      0.00      0.00      0.00      0.00      0.00    100.00

01:49:42        CPU     %user     %nice   %system   %iowait    %steal     %idle
01:49:43        all      0.03      0.00      0.00      0.00      0.00     99.97
01:49:43          0      0.00      0.00      0.00      0.00      0.00    100.00
01:49:43          1      0.00      0.00      0.99      0.00      0.00     99.01
01:49:43          2      0.00      0.00      0.00      0.00      0.00    100.00
01:49:43          3      0.00      0.00      0.00      0.00      0.00    100.00
01:49:43          4      0.00      0.00      0.00      0.00      0.00    100.00
01:49:43          5      0.00      0.00      0.00      0.00      0.00    100.00
01:49:43          6      0.00      0.00      0.00      0.00      0.00    100.00
01:49:43          7      0.00      0.00      0.00      0.00      0.00    100.00
01:49:43          8      0.00      0.00      0.00      0.00      0.00    100.00
01:49:43          9      0.00      0.00      0.00      0.00      0.00    100.00
01:49:43         10      0.00      0.00      0.00      0.00      0.00    100.00
01:49:43         11      0.00      0.00      0.00      0.00      0.00    100.00
01:49:43         12      0.00      0.00      0.00      0.00      0.00    100.00
01:49:43         13      0.00      0.00      0.00      0.00      0.00    100.00
01:49:43         14      0.00      0.00      0.00      0.00      0.00    100.00
01:49:43         15      0.00      0.00      0.00      0.00      0.00    100.00
01:49:43         16      0.00      0.00      0.00      0.00      0.00    100.00
01:49:43         17      0.00      0.00      0.00      0.00      0.00    100.00
01:49:43         18      0.00      0.00      0.00      0.00      0.00    100.00
01:49:43         19      0.00      0.00      0.00      0.00      0.00    100.00
01:49:43         20      0.00      0.00      0.00      0.00      0.00    100.00
01:49:43         21      0.00      0.00      0.00      0.00      0.00    100.00
01:49:43         22      0.00      0.00      0.00      0.00      0.00    100.00
01:49:43         23      0.00      0.00      0.00      0.00      0.00    100.00
01:49:43         24      0.00      0.00      0.00      0.00      0.00    100.00
01:49:43         25      0.00      0.00      0.00      0.00      0.00    100.00
01:49:43         26      0.00      0.00      0.00      0.00      0.00    100.00
01:49:43         27      0.00      0.00      0.00      0.00      0.00    100.00
01:49:43         28      0.00      0.00      0.00      0.00      0.00    100.00
01:49:43         29      0.00      0.00      0.00      0.00      0.00    100.00
01:49:43         30      0.00      0.00      0.00      0.00      0.00    100.00
01:49:43         31      0.00      0.00      0.00      0.00      0.00    100.00
01:49:43         32      0.00      0.00      0.00      0.00      0.00    100.00
01:49:43         33      0.00      0.00      0.00      0.00      0.00    100.00
01:49:43         34      0.00      0.00      0.00      0.00      0.00    100.00
01:49:43         35      0.00      0.00      0.00      0.00      0.00    100.00
01:49:43         36      0.00      0.00      0.00      0.00      0.00    100.00
01:49:43         37      0.00      0.00      0.00      0.00      0.00    100.00
01:49:43         38      0.00      0.00      0.00      0.00      0.00    100.00
01:49:43         39      0.00      0.00      0.00      0.00      0.00    100.00

01:49:43        CPU     %user     %nice   %system   %iowait    %steal     %idle
01:49:44        all      0.00      0.00      0.00      0.00      0.00    100.00
01:49:44          0      0.00      0.00      0.00      0.00      0.00    100.00
01:49:44          1      0.00      0.00      0.00      0.00      0.00    100.00
01:49:44          2      0.00      0.00      0.00      0.00      0.00    100.00
01:49:44          3      0.00      0.00      0.00      0.00      0.00    100.00
01:49:44          4      0.00      0.00      0.00      0.00      0.00    100.00
01:49:44          5      0.00      0.00      0.00      0.00      0.00    100.00
01:49:44          6      0.00      0.00      0.00      0.00      0.00    100.00
01:49:44          7      0.00      0.00      0.00      0.00      0.00    100.00
01:49:44          8      0.00      0.00      0.00      0.00      0.00    100.00
01:49:44          9      0.00      0.00      0.00      0.00      0.00    100.00
01:49:44         10      0.00      0.00      0.00      0.00      0.00    100.00
01:49:44         11      0.00      0.00      0.00      0.00      0.00    100.00
01:49:44         12      0.00      0.00      0.00      0.00      0.00    100.00
01:49:44         13      0.00      0.00      0.00      0.00      0.00    100.00
01:49:44         14      0.00      0.00      0.00      0.00      0.00    100.00
01:49:44         15      0.00      0.00      0.00      0.00      0.00    100.00
01:49:44         16      0.00      0.00      0.00      0.00      0.00    100.00
01:49:44         17      0.00      0.00      0.00      0.00      0.00    100.00
01:49:44         18      0.00      0.00      0.00      0.00      0.00    100.00
01:49:44         19      0.00      0.00      0.00      0.00      0.00    100.00
01:49:44         20      0.00      0.00      0.00      0.00      0.00    100.00
01:49:44         21      0.00      0.00      0.00      0.00      0.00    100.00
01:49:44         22      0.00      0.00      0.00      0.00      0.00    100.00
01:49:44         23      0.00      0.00      0.00      0.00      0.00    100.00
01:49:44         24      0.00      0.00      0.00      0.00      0.00    100.00
01:49:44         25      0.00      0.00      0.00      0.00      0.00    100.00
01:49:44         26      0.00      0.00      0.00      0.00      0.00    100.00
01:49:44         27      0.00      0.00      0.00      0.00      0.00    100.00
01:49:44         28      0.00      0.00      0.00      0.00      0.00    100.00
01:49:44         29      0.00      0.00      0.00      0.00      0.00    100.00
01:49:44         30      0.00      0.00      0.00      0.00      0.00    100.00
01:49:44         31      0.00      0.00      0.00      0.00      0.00    100.00
01:49:44         32      0.00      0.00      0.00      0.00      0.00    100.00
01:49:44         33      0.00      0.00      0.00      0.00      0.00    100.00
01:49:44         34      0.00      0.00      0.00      0.00      0.00    100.00
01:49:44         35      0.00      0.00      0.00      0.00      0.00    100.00
01:49:44         36      0.00      0.00      0.00      0.00      0.00    100.00
01:49:44         37      0.00      0.00      0.00      0.00      0.00    100.00
01:49:44         38      0.00      0.00      0.00      0.00      0.00    100.00
01:49:44         39      0.00      0.00      0.00      0.00      0.00    100.00

01:49:44        CPU     %user     %nice   %system   %iowait    %steal     %idle
01:49:45        all      0.03      0.00      0.00      0.00      0.00     99.97
01:49:45          0      0.00      0.00      0.00      0.00      0.00    100.00
01:49:45          1      0.00      0.00      0.00      0.00      0.00    100.00
01:49:45          2      0.00      0.00      0.00      0.00      0.00    100.00
01:49:45          3      0.00      0.00      0.00      0.00      0.00    100.00
01:49:45          4      0.00      0.00      0.00      0.00      0.00    100.00
01:49:45          5      0.00      0.00      0.00      0.00      0.00    100.00
01:49:45          6      0.00      0.00      0.00      0.00      0.00    100.00
01:49:45          7      0.00      0.00      0.00      0.00      0.00    100.00
01:49:45          8      0.00      0.00      0.00      0.00      0.00    100.00
01:49:45          9      0.00      0.00      0.00      0.00      0.00    100.00
01:49:45         10      0.00      0.00      0.00      0.00      0.00    100.00
01:49:45         11      0.00      0.00      0.00      0.00      0.00    100.00
01:49:45         12      0.00      0.00      0.00      0.00      0.00    100.00
01:49:45         13      0.99      0.00      0.00      0.00      0.00     99.01
01:49:45         14      0.00      0.00      0.00      0.00      0.00    100.00
01:49:45         15      0.00      0.00      0.00      0.00      0.00    100.00
01:49:45         16      0.00      0.00      0.00      0.00      0.00    100.00
01:49:45         17      0.00      0.00      0.00      0.00      0.00    100.00
01:49:45         18      0.00      0.00      0.00      0.00      0.00    100.00
01:49:45         19      0.00      0.00      0.00      0.00      0.00    100.00
01:49:45         20      0.00      0.00      0.00      0.00      0.00    100.00
01:49:45         21      0.00      0.00      0.00      0.00      0.00    100.00
01:49:45         22      0.00      0.00      0.00      0.00      0.00    100.00
01:49:45         23      0.00      0.00      0.00      0.00      0.00    100.00
01:49:45         24      0.00      0.00      0.00      0.00      0.00    100.00
01:49:45         25      0.00      0.00      0.00      0.00      0.00    100.00
01:49:45         26      0.00      0.00      0.00      0.00      0.00    100.00
01:49:45         27      0.00      0.00      0.00      0.00      0.00    100.00
01:49:45         28      0.00      0.00      0.00      0.00      0.00    100.00
01:49:45         29      0.00      0.00      0.00      0.00      0.00    100.00
01:49:45         30      0.00      0.00      0.00      0.00      0.00    100.00
01:49:45         31      0.00      0.00      0.00      0.00      0.00    100.00
01:49:45         32      0.00      0.00      0.00      0.00      0.00    100.00
01:49:45         33      0.00      0.00      0.00      0.00      0.00    100.00
01:49:45         34      0.00      0.00      0.00      0.00      0.00    100.00
01:49:45         35      0.00      0.00      0.00      0.00      0.00    100.00
01:49:45         36      0.00      0.00      0.00      0.00      0.00    100.00
01:49:45         37      0.00      0.00      0.00      0.00      0.00    100.00
01:49:45         38      0.00      0.00      0.00      0.00      0.00    100.00
01:49:45         39      0.00      0.00      0.00      0.00      0.00    100.00

01:49:45        CPU     %user     %nice   %system   %iowait    %steal     %idle
01:49:46        all      0.00      0.00      0.03      0.00      0.00     99.98
01:49:46          0      0.00      0.00      0.00      0.00      0.00    100.00
01:49:46          1      0.00      0.00      0.00      0.00      0.00    100.00
01:49:46          2      0.00      0.00      0.00      0.00      0.00    100.00
01:49:46          3      0.00      0.00      0.00      0.00      0.00    100.00
01:49:46          4      0.00      0.00      0.00      0.00      0.00    100.00
01:49:46          5      0.00      0.00      0.00      0.00      0.00    100.00
01:49:46          6      0.00      0.00      0.00      0.00      0.00    100.00
01:49:46          7      0.00      0.00      0.00      0.00      0.00    100.00
01:49:46          8      0.00      0.00      0.00      0.00      0.00    100.00
01:49:46          9      0.00      0.00      0.00      0.00      0.00    100.00
01:49:46         10      0.00      0.00      0.00      0.00      0.00    100.00
01:49:46         11      0.00      0.00      0.00      0.00      0.00    100.00
01:49:46         12      0.00      0.00      0.00      0.00      0.00    100.00
01:49:46         13      0.00      0.00      0.00      0.00      0.00    100.00
01:49:46         14      0.00      0.00      0.99      0.00      0.00     99.01
01:49:46         15      0.00      0.00      0.00      0.00      0.00    100.00
01:49:46         16      0.00      0.00      0.00      0.00      0.00    100.00
01:49:46         17      0.00      0.00      0.00      0.00      0.00    100.00
01:49:46         18      0.00      0.00      0.00      0.00      0.00    100.00
01:49:46         19      0.00      0.00      0.00      0.00      0.00    100.00
01:49:46         20      0.00      0.00      0.00      0.00      0.00    100.00
01:49:46         21      0.00      0.00      0.00      0.00      0.00    100.00
01:49:46         22      0.00      0.00      0.00      0.00      0.00    100.00
01:49:46         23      0.00      0.00      0.00      0.00      0.00    100.00
01:49:46         24      0.00      0.00      0.00      0.00      0.00    100.00
01:49:46         25      0.00      0.00      0.00      0.00      0.00    100.00
01:49:46         26      0.00      0.00      0.00      0.00      0.00    100.00
01:49:46         27      0.00      0.00      0.00      0.00      0.00    100.00
01:49:46         28      0.00      0.00      0.00      0.00      0.00    100.00
01:49:46         29      0.00      0.00      0.00      0.00      0.00    100.00
01:49:46         30      0.00      0.00      0.00      0.00      0.00    100.00
01:49:46         31      0.00      0.00      0.00      0.00      0.00    100.00
01:49:46         32      0.00      0.00      0.00      0.00      0.00    100.00
01:49:46         33      0.00      0.00      0.00      0.00      0.00    100.00
01:49:46         34      0.00      0.00      0.00      0.00      0.00    100.00
01:49:46         35      0.00      0.00      0.00      0.00      0.00    100.00
01:49:46         36      0.00      0.00      0.00      0.00      0.00    100.00
01:49:46         37      0.00      0.00      0.00      0.00      0.00    100.00
01:49:46         38      0.00      0.00      0.00      0.00      0.00    100.00
01:49:46         39      0.00      0.00      0.00      0.00      0.00    100.00

01:49:46        CPU     %user     %nice   %system   %iowait    %steal     %idle
01:49:47        all      0.00      0.00      0.03      0.00      0.00     99.97
01:49:47          0      0.00      0.00      0.00      0.00      0.00    100.00
01:49:47          1      0.00      0.00      0.00      0.00      0.00    100.00
01:49:47          2      0.00      0.00      0.00      0.00      0.00    100.00
01:49:47          3      0.00      0.00      0.00      0.00      0.00    100.00
01:49:47          4      0.00      0.00      0.00      0.00      0.00    100.00
01:49:47          5      0.00      0.00      0.00      0.00      0.00    100.00
01:49:47          6      0.00      0.00      0.00      0.00      0.00    100.00
01:49:47          7      0.00      0.00      0.00      0.00      0.00    100.00
01:49:47          8      0.00      0.00      0.00      0.00      0.00    100.00
01:49:47          9      0.00      0.00      0.00      0.00      0.00    100.00
01:49:47         10      0.00      0.00      0.00      0.00      0.00    100.00
01:49:47         11      0.00      0.00      0.00      0.00      0.00    100.00
01:49:47         12      0.00      0.00      0.00      0.00      0.00    100.00
01:49:47         13      0.00      0.00      0.00      0.00      0.00    100.00
01:49:47         14      0.00      0.00      1.00      0.00      0.00     99.00
01:49:47         15      0.00      0.00      0.00      0.00      0.00    100.00
01:49:47         16      0.00      0.00      0.00      0.00      0.00    100.00
01:49:47         17      0.00      0.00      0.00      0.00      0.00    100.00
01:49:47         18      0.00      0.00      0.00      0.00      0.00    100.00
01:49:47         19      0.00      0.00      0.00      0.00      0.00    100.00
01:49:47         20      0.00      0.00      0.00      0.00      0.00    100.00
01:49:47         21      0.00      0.00      0.00      0.00      0.00    100.00
01:49:47         22      0.00      0.00      0.00      0.00      0.00    100.00
01:49:47         23      0.00      0.00      0.00      0.00      0.00    100.00
01:49:47         24      0.00      0.00      0.00      0.00      0.00    100.00
01:49:47         25      0.00      0.00      0.00      0.00      0.00    100.00
01:49:47         26      0.00      0.00      0.00      0.00      0.00    100.00
01:49:47         27      0.00      0.00      0.00      0.00      0.00    100.00
01:49:47         28      0.00      0.00      0.00      0.00      0.00    100.00
01:49:47         29      0.00      0.00      0.00      0.00      0.00    100.00
01:49:47         30      0.00      0.00      0.00      0.00      0.00    100.00
01:49:47         31      0.00      0.00      0.00      0.00      0.00    100.00
01:49:47         32      0.00      0.00      0.00      0.00      0.00    100.00
01:49:47         33      0.00      0.00      0.00      0.00      0.00    100.00
01:49:47         34      0.00      0.00      0.00      0.00      0.00    100.00
01:49:47         35      0.00      0.00      0.00      0.00      0.00    100.00
01:49:47         36      0.00      0.00      0.00      0.00      0.00    100.00
01:49:47         37      0.00      0.00      0.00      0.00      0.00    100.00
01:49:47         38      0.00      0.00      0.00      0.00      0.00    100.00
01:49:47         39      0.00      0.00      0.00      0.00      0.00    100.00

01:49:47        CPU     %user     %nice   %system   %iowait    %steal     %idle
01:49:48        all      0.40      0.00      0.10      0.00      0.00     99.50
01:49:48          0      0.00      0.00      0.00      0.00      0.00    100.00
01:49:48          1      0.00      0.00      0.00      0.00      0.00    100.00
01:49:48          2      0.00      0.00      0.00      0.00      0.00    100.00
01:49:48          3      1.00      0.00      0.00      0.00      0.00     99.00
01:49:48          4      0.00      0.00      0.00      0.00      0.00    100.00
01:49:48          5      0.00      0.00      0.00      0.00      0.00    100.00
01:49:48          6      0.00      0.00      0.00      0.00      0.00    100.00
01:49:48          7      2.00      0.00      0.00      0.00      0.00     98.00
01:49:48          8      0.00      0.00      0.00      0.00      0.00    100.00
01:49:48          9      0.00      0.00      0.00      0.00      0.00    100.00
01:49:48         10      0.00      0.00      0.00      0.00      0.00    100.00
01:49:48         11      0.00      0.00      0.00      0.00      0.00    100.00
01:49:48         12      1.00      0.00      1.00      0.00      0.00     98.00
01:49:48         13      0.00      0.00      0.00      0.00      0.00    100.00
01:49:48         14      0.00      0.00      0.00      0.00      0.00    100.00
01:49:48         15      0.98      0.00      0.98      0.00      0.00     98.04
01:49:48         16      0.00      0.00      0.99      0.00      0.00     99.01
01:49:48         17      0.00      0.00      0.00      0.00      0.00    100.00
01:49:48         18      0.00      0.00      0.00      0.00      0.00    100.00
01:49:48         19      0.00      0.00      0.00      0.00      0.00    100.00
01:49:48         20      0.00      0.00      0.00      0.00      0.00    100.00
01:49:48         21      0.00      0.00      0.00      0.00      0.00    100.00
01:49:48         22      0.00      0.00      0.00      0.00      0.00    100.00
01:49:48         23      0.00      0.00      0.00      0.00      0.00    100.00
01:49:48         24      0.00      0.00      0.00      0.00      0.00    100.00
01:49:48         25      0.00      0.00      0.00      0.00      0.00    100.00
01:49:48         26      0.00      0.00      0.00      0.00      0.00    100.00
01:49:48         27      0.00      0.00      0.00      0.00      0.00    100.00
01:49:48         28      0.00      0.00      0.00      0.00      0.00    100.00
01:49:48         29      0.00      0.00      0.00      0.00      0.00    100.00
01:49:48         30      0.00      0.00      0.00      0.00      0.00    100.00
01:49:48         31      0.00      0.00      0.00      0.00      0.00    100.00
01:49:48         32      0.00      0.00      0.99      0.00      0.00     99.01
01:49:48         33      0.00      0.00      0.00      0.00      0.00    100.00
01:49:48         34      0.00      0.00      0.00      0.00      0.00    100.00
01:49:48         35      0.00      0.00      0.00      0.00      0.00    100.00
01:49:48         36      0.00      0.00      0.00      0.00      0.00    100.00
01:49:48         37      0.00      0.00      0.00      0.00      0.00    100.00
01:49:48         38      0.00      0.00      0.00      0.00      0.00    100.00
01:49:48         39     12.12      0.00      0.00      0.00      0.00     87.88

01:49:48        CPU     %user     %nice   %system   %iowait    %steal     %idle
01:49:49        all      1.37      0.00      0.47      0.05      0.00     98.10
01:49:49          0      0.99      0.00      0.99      0.00      0.00     98.02
01:49:49          1      1.00      0.00      0.00      0.00      0.00     99.00
01:49:49          2      0.00      0.00      1.00      0.00      0.00     99.00
01:49:49          3      0.00      0.00      0.00      0.00      0.00    100.00
01:49:49          4      0.00      0.00      0.99      0.00      0.00     99.01
01:49:49          5      0.00      0.00      0.00      0.00      0.00    100.00
01:49:49          6      0.00      0.00      0.00      0.00      0.00    100.00
01:49:49          7      0.99      0.00      0.99      0.00      0.00     98.02
01:49:49          8      0.00      0.00      0.00      0.00      0.00    100.00
01:49:49          9      0.00      0.00      0.00      0.00      0.00    100.00
01:49:49         10      2.00      0.00      2.00      1.00      0.00     95.00
01:49:49         11      2.00      0.00      1.00      0.00      0.00     97.00
01:49:49         12      0.00      0.00      0.00      0.00      0.00    100.00
01:49:49         13      1.00      0.00      1.00      0.00      0.00     98.00
01:49:49         14      1.01      0.00      0.00      0.00      0.00     98.99
01:49:49         15      0.00      0.00      0.00      0.00      0.00    100.00
01:49:49         16      0.00      0.00      1.01      0.00      0.00     98.99
01:49:49         17      0.99      0.00      0.99      0.00      0.00     98.02
01:49:49         18      1.98      0.00      0.99      0.00      0.00     97.03
01:49:49         19      0.00      0.00      0.00      0.00      0.00    100.00
01:49:49         20      0.00      0.00      0.00      0.00      0.00    100.00
01:49:49         21      0.00      0.00      0.00      0.00      0.00    100.00
01:49:49         22      0.00      0.00      0.00      0.00      0.00    100.00
01:49:49         23      0.99      0.00      0.00      0.00      0.00     99.01
01:49:49         24      0.00      0.00      0.00      0.00      0.00    100.00
01:49:49         25      0.00      0.00      0.00      0.00      0.00    100.00
01:49:49         26      0.00      0.00      0.00      0.00      0.00    100.00
01:49:49         27      0.00      0.00      0.00      0.00      0.00    100.00
01:49:49         28      0.00      0.00      0.00      0.00      0.00    100.00
01:49:49         29      0.00      0.00      0.00      0.00      0.00    100.00
01:49:49         30      0.00      0.00      0.00      0.00      0.00    100.00
01:49:49         31      0.00      0.00      0.00      0.00      0.00    100.00
01:49:49         32      0.00      0.00      0.00      0.00      0.00    100.00
01:49:49         33      0.00      0.00      0.00      0.00      0.00    100.00
01:49:49         34      0.00      0.00      0.00      0.00      0.00    100.00
01:49:49         35      1.00      0.00      0.00      0.00      0.00     99.00
01:49:49         36      0.00      0.00      0.00      0.00      0.00    100.00
01:49:49         37      0.00      0.00      0.00      0.00      0.00    100.00
01:49:49         38      3.00      0.00      0.00      0.00      0.00     97.00
01:49:49         39     39.00      0.00      7.00      0.00      0.00     54.00

01:49:49        CPU     %user     %nice   %system   %iowait    %steal     %idle
01:49:50        all      0.00      0.00      0.00      0.00      0.00    100.00
01:49:50          0      0.00      0.00      0.00      0.00      0.00    100.00
01:49:50          1      0.00      0.00      0.00      0.00      0.00    100.00
01:49:50          2      0.00      0.00      0.00      0.00      0.00    100.00
01:49:50          3      0.00      0.00      0.00      0.00      0.00    100.00
01:49:50          4      0.00      0.00      0.00      0.00      0.00    100.00
01:49:50          5      0.00      0.00      0.00      0.00      0.00    100.00
01:49:50          6      0.00      0.00      0.00      0.00      0.00    100.00
01:49:50          7      0.00      0.00      0.00      0.00      0.00    100.00
01:49:50          8      0.00      0.00      0.00      0.00      0.00    100.00
01:49:50          9      0.00      0.00      0.00      0.00      0.00    100.00
01:49:50         10      0.00      0.00      0.00      0.00      0.00    100.00
01:49:50         11      0.00      0.00      0.00      0.00      0.00    100.00
01:49:50         12      0.00      0.00      0.00      0.00      0.00    100.00
01:49:50         13      0.00      0.00      0.00      0.00      0.00    100.00
01:49:50         14      0.00      0.00      0.99      0.00      0.00     99.01
01:49:50         15      0.00      0.00      0.00      0.00      0.00    100.00
01:49:50         16      0.00      0.00      0.00      0.00      0.00    100.00
01:49:50         17      0.00      0.00      0.00      0.00      0.00    100.00
01:49:50         18      0.00      0.00      0.00      0.00      0.00    100.00
01:49:50         19      0.00      0.00      0.00      0.00      0.00    100.00
01:49:50         20      0.00      0.00      0.00      0.00      0.00    100.00
01:49:50         21      0.00      0.00      0.00      0.00      0.00    100.00
01:49:50         22      0.00      0.00      0.00      0.00      0.00    100.00
01:49:50         23      0.00      0.00      0.00      0.00      0.00    100.00
01:49:50         24      0.00      0.00      0.00      0.00      0.00    100.00
01:49:50         25      0.00      0.00      0.00      0.00      0.00    100.00
01:49:50         26      0.00      0.00      0.00      0.00      0.00    100.00
01:49:50         27      0.00      0.00      0.00      0.00      0.00    100.00
01:49:50         28      0.00      0.00      0.00      0.00      0.00    100.00
01:49:50         29      0.00      0.00      0.00      0.00      0.00    100.00
01:49:50         30      0.00      0.00      0.00      0.00      0.00    100.00
01:49:50         31      0.00      0.00      0.00      0.00      0.00    100.00
01:49:50         32      0.00      0.00      0.00      0.00      0.00    100.00
01:49:50         33      0.00      0.00      0.00      0.00      0.00    100.00
01:49:50         34      0.00      0.00      0.00      0.00      0.00    100.00
01:49:50         35      0.00      0.00      0.00      0.00      0.00    100.00
01:49:50         36      0.00      0.00      0.00      0.00      0.00    100.00
01:49:50         37      0.00      0.00      0.00      0.00      0.00    100.00
01:49:50         38      0.00      0.00      0.00      0.00      0.00    100.00
01:49:50         39      0.00      0.00      0.00      0.00      0.00    100.00

01:49:50        CPU     %user     %nice   %system   %iowait    %steal     %idle
01:49:51        all      0.48      0.00      0.15      0.00      0.00     99.37
01:49:51          0      0.00      0.00      0.00      0.00      0.00    100.00
01:49:51          1      0.00      0.00      0.00      0.00      0.00    100.00
01:49:51          2      0.00      0.00      0.00      0.00      0.00    100.00
01:49:51          3      0.00      0.00      0.00      0.00      0.00    100.00
01:49:51          4      0.00      0.00      0.00      0.00      0.00    100.00
01:49:51          5      0.00      0.00      0.00      0.00      0.00    100.00
01:49:51          6      0.00      0.00      0.00      0.00      0.00    100.00
01:49:51          7      0.00      0.00      0.00      0.00      0.00    100.00
01:49:51          8      0.00      0.00      0.00      0.00      0.00    100.00
01:49:51          9      0.00      0.00      0.00      0.00      0.00    100.00
01:49:51         10      0.00      0.00      0.00      0.00      0.00    100.00
01:49:51         11      0.00      0.00      0.00      0.00      0.00    100.00
01:49:51         12      3.00      0.00      0.00      0.00      0.00     97.00
01:49:51         13      0.00      0.00      0.00      0.00      0.00    100.00
01:49:51         14      1.00      0.00      0.00      0.00      0.00     99.00
01:49:51         15      0.98      0.00      0.98      0.00      0.00     98.04
01:49:51         16      0.00      0.00      0.00      0.00      0.00    100.00
01:49:51         17      0.00      0.00      0.00      0.00      0.00    100.00
01:49:51         18      0.00      0.00      0.00      0.00      0.00    100.00
01:49:51         19      0.00      0.00      0.00      0.00      0.00    100.00
01:49:51         20      0.00      0.00      0.00      0.00      0.00    100.00
01:49:51         21      0.00      0.00      0.00      0.00      0.00    100.00
01:49:51         22      0.00      0.00      0.00      0.00      0.00    100.00
01:49:51         23      0.00      0.00      0.00      0.00      0.00    100.00
01:49:51         24      0.00      0.00      0.99      0.00      0.00     99.01
01:49:51         25      0.00      0.00      0.00      0.00      0.00    100.00
01:49:51         26      0.00      0.00      0.00      0.00      0.00    100.00
01:49:51         27      0.00      0.00      0.00      0.00      0.00    100.00
01:49:51         28      0.00      0.00      0.00      0.00      0.00    100.00
01:49:51         29      2.00      0.00      0.00      0.00      0.00     98.00
01:49:51         30      0.00      0.00      0.00      0.00      0.00    100.00
01:49:51         31      0.00      0.00      0.00      0.00      0.00    100.00
01:49:51         32     12.00      0.00      2.00      0.00      0.00     86.00
01:49:51         33      0.00      0.00      0.00      0.00      0.00    100.00
01:49:51         34      0.00      0.00      0.00      0.00      0.00    100.00
01:49:51         35      0.00      0.00      0.00      0.00      0.00    100.00
01:49:51         36      0.00      0.00      0.00      0.00      0.00    100.00
01:49:51         37      0.00      0.00      0.00      0.00      0.00    100.00
01:49:51         38      0.00      0.00      0.00      0.00      0.00    100.00
01:49:51         39      0.00      0.00      0.00      0.00      0.00    100.00
