Linux 6.6.23 (eternity2) 	05/24/25 	_x86_64_	(40 CPU)

01:49:25    kbmemfree   kbavail kbmemused  %memused kbbuffers  kbcached  kbcommit   %commit  kbactive   kbinact   kbdirty
01:49:26     64258988  64009984   1349964      2.06       244    235676   2079648      3.12     52740    278512      4196
01:49:27     64259392  64010388   1349560      2.06       244    235684   2079648      3.12     52740    278084        72
01:49:28     64259392  64010388   1349560      2.06       244    235684   2079648      3.12     52740    278084        72
01:49:29     64259156  64010152   1349796      2.06       244    235692   2079648      3.12     52740    278084        88
01:49:30     64259188  64010184   1349764      2.06       244    235696   2079648      3.12     52740    278084        92
01:49:31     64259204  64010200   1349748      2.06       244    235700   2079648      3.12     52740    278084        96
01:49:32     64259204  64010200   1349748      2.06       244    235700   2079648      3.12     52740    278084        96
01:49:33     64259204  64010200   1349748      2.06       244    235708   2079648      3.12     52740    278084        44
01:49:34     64259204  64010200   1349748      2.06       244    235716   2079648      3.12     52740    278084        52
01:49:35     64259252  64010248   1349700      2.06       244    235724   2079648      3.12     52740    278084        60
01:49:36     64259252  64010248   1349700      2.06       244    235724   2079648      3.12     52740    278084        60
01:49:37     64259252  64010248   1349700      2.06       244    235724   2079648      3.12     52740    278084        60
01:49:38     64256524  64007520   1352428      2.06       244    235728   2091368      3.14     52740    280276        64
01:49:39     64272748  64023824   1336204      2.04       244    235908   2090888      3.14     52848    287716      1788
01:49:40     64280752  64031880   1328200      2.02       244    235952   2079648      3.12     52784    278424      2300
01:49:41     64280752  64031880   1328200      2.02       244    235952   2079648      3.12     52784    278424      2300
01:49:42     64280752  64031880   1328200      2.02       244    235956   2079648      3.12     52784    278424       484
01:49:43     64280752  64031880   1328200      2.02       244    235964   2079648      3.12     52784    278424        24
01:49:44     64280752  64031880   1328200      2.02       244    235968   2079648      3.12     52784    278424        28
01:49:45     64280772  64031900   1328180      2.02       244    235976   2079648      3.12     52784    278424        36
01:49:46     64280772  64031900   1328180      2.02       244    235980   2079648      3.12     52784    278424        40
01:49:47     64280532  64031660   1328420      2.02       244    235980   2079648      3.12     52784    278424        40
01:49:48     64279300  64030428   1329652      2.03       244    235984   2081992      3.13     52784    278860        12
01:49:49     64277744  64028880   1331208      2.03       244    235992   2079648      3.12     52804    280728       932
01:49:50     64279244  64030456   1329708      2.03       244    236132   2079648      3.12     52848    278532      1312
01:49:51     64278264  64029476   1330688      2.03       244    236136   2081100      3.12     52848    279580      1384
