Linux 6.6.23 (eternity1) 	05/24/25 	_x86_64_	(40 CPU)

01:49:12    kbmemfree   kbavail kbmemused  %memused kbbuffers  kbcached  kbcommit   %commit  kbactive   kbinact   kbdirty
01:49:13     63811520  63644696   1797348      2.74         0    395096   2965896      4.45     60792    676476      6588
01:49:14     63815088  63648264   1793780      2.73         0    395100   2965896      4.45     60788    676388      6592
01:49:15     63815136  63648312   1793732      2.73         0    395100   2965896      4.45     60788    676388      6592
01:49:16     63815168  63648344   1793700      2.73         0    395100   2965896      4.45     60788    676388      6592
01:49:17     63815480  63648656   1793388      2.73         0    395112   2965896      4.45     60788    676388      6604
01:49:18     63815480  63648656   1793388      2.73         0    395116   2965896      4.45     60788    676388      2576
01:49:19     63815480  63648656   1793388      2.73         0    395120   2965896      4.45     60788    676388      2584
01:49:20     63815480  63648656   1793388      2.73         0    395124   2965896      4.45     60788    676388      2588
01:49:21     63816008  63649196   1792860      2.73         0    395132   2965896      4.45     60792    676388      2100
01:49:22     63815956  63649144   1792912      2.73         0    395140   2965896      4.45     60792    676356      2108
01:49:23     63816236  63649424   1792632      2.73         0    395140   2965896      4.45     60792    676376        24
01:49:24     63816236  63649424   1792632      2.73         0    395144   2965896      4.45     60792    676344        36
01:49:25     63815732  63648928   1793136      2.73         0    395148   2965896      4.45     60792    676372        40
01:49:26     63807656  63640868   1801212      2.75         0    395164   2980644      4.47     60820    689368        48
01:49:27     63805368  63638776   1803500      2.75         0    395344   2980200      4.47     60888    688560      3704
01:49:28     63814036  63647488   1794832      2.74         0    395332   2965348      4.45     60880    676288      3992
01:49:29     63814896  63648432   1793972      2.73         0    395420   2965348      4.45     60892    676040      4000
01:49:30     63815148  63648684   1793720      2.73         0    395424   2965348      4.45     60892    676040      4004
01:49:31     63815148  63648684   1793720      2.73         0    395428   2965348      4.45     60892    676040      4008
01:49:32     63815176  63648712   1793692      2.73         0    395432   2965348      4.45     60892    676040      4012
01:49:33     63815176  63648712   1793692      2.73         0    395436   2965348      4.45     60892    676040       528
01:49:34     63815176  63648712   1793692      2.73         0    395436   2965348      4.45     60892    676040       532
01:49:35     63815176  63648712   1793692      2.73         0    395440   2965348      4.45     60892    676040       536
01:49:36     63815176  63648712   1793692      2.73         0    395444   2965348      4.45     60892    676040       540
01:49:37     63815176  63648712   1793692      2.73         0    395448   2965348      4.45     60892    676040       544
01:49:38     63811504  63645092   1797364      2.74         0    395512   2969748      4.46     60928    678944        40
01:49:39     63811032  63644620   1797836      2.74         0    395512   2965348      4.45     60920    676140        40
01:49:40     63811032  63644620   1797836      2.74         0    395520   2965348      4.45     60920    676140        48
01:49:41     63811032  63644620   1797836      2.74         0    395524   2965348      4.45     60920    676140        52
01:49:42     63811048  63644636   1797820      2.74         0    395532   2965348      4.45     60920    676140        60
01:49:43     63811048  63644636   1797820      2.74         0    395536   2965348      4.45     60920    676140        64
01:49:44     63811048  63644636   1797820      2.74         0    395540   2965348      4.45     60920    676140        72
01:49:45     63811048  63644636   1797820      2.74         0    395540   2965348      4.45     60920    676140        72
01:49:46     63811048  63644696   1797820      2.74         0    395544   2965348      4.45     60920    676200        76
01:49:47     63811048  63644696   1797820      2.74         0    395548   2965348      4.45     60920    676200        80
01:49:48     63811048  63644696   1797820      2.74         0    395552   2965896      4.45     60924    676732        84
01:49:49     63799912  63633576   1808956      2.76         0    395576   2978660      4.47     60940    687576      2456
01:49:50     63802116  63635848   1806752      2.75         0    395688   2980380      4.47     61024    689048      3692
