Linux 6.6.23 (eternity2) 	05/24/25 	_x86_64_	(40 CPU)

01:44:17        CPU     %user     %nice   %system   %iowait    %steal     %idle
01:44:18        all      2.10      0.00      0.65      0.68      0.00     96.57
01:44:18          0      0.00      0.00      1.02      0.00      0.00     98.98
01:44:18          1     33.00      0.00      6.00      0.00      0.00     61.00
01:44:18          2      0.00      0.00      1.00      0.00      0.00     99.00
01:44:18          3      1.01      0.00      1.01      0.00      0.00     97.98
01:44:18          4      0.00      0.00      0.00      0.00      0.00    100.00
01:44:18          5      0.00      0.00      0.00      0.00      0.00    100.00
01:44:18          6      5.00      0.00      0.00      0.00      0.00     95.00
01:44:18          7      1.01      0.00      0.00      0.00      0.00     98.99
01:44:18          8      0.00      0.00      0.00      0.00      0.00    100.00
01:44:18          9      0.00      0.00      0.00      0.00      0.00    100.00
01:44:18         10      0.99      0.00      0.99      0.00      0.00     98.02
01:44:18         11      1.01      0.00      0.00      0.00      0.00     98.99
01:44:18         12      0.00      0.00      0.00      0.00      0.00    100.00
01:44:18         13      4.00      0.00      2.00      7.00      0.00     87.00
01:44:18         14      8.00      0.00      2.00      0.00      0.00     90.00
01:44:18         15      1.01      0.00      0.00      0.00      0.00     98.99
01:44:18         16      0.00      0.00      0.00      0.00      0.00    100.00
01:44:18         17      0.00      0.00      0.00      0.00      0.00    100.00
01:44:18         18      0.00      0.00      0.00      0.00      0.00    100.00
01:44:18         19     13.00      0.00      2.00      0.00      0.00     85.00
01:44:18         20      0.00      0.00      0.00      0.00      0.00    100.00
01:44:18         21      0.00      0.00      0.00      0.00      0.00    100.00
01:44:18         22      0.98      0.00      1.96      0.00      0.00     97.06
01:44:18         23      0.00      0.00      0.00      0.00      0.00    100.00
01:44:18         24      0.00      0.00      0.00      0.00      0.00    100.00
01:44:18         25      1.00      0.00      0.00      0.00      0.00     99.00
01:44:18         26      2.02      0.00      0.00      0.00      0.00     97.98
01:44:18         27      0.00      0.00      0.00      0.00      0.00    100.00
01:44:18         28      0.00      0.00      0.00      0.00      0.00    100.00
01:44:18         29      1.00      0.00      0.00      0.00      0.00     99.00
01:44:18         30      0.00      0.00      0.99      0.00      0.00     99.01
01:44:18         31      0.00      0.00      0.00      0.00      0.00    100.00
01:44:18         32      6.93      0.00      1.98     11.88      0.00     79.21
01:44:18         33      0.00      0.00      0.00      0.00      0.00    100.00
01:44:18         34      0.00      0.00      0.00      0.00      0.00    100.00
01:44:18         35      0.00      0.00      0.00      0.00      0.00    100.00
01:44:18         36      1.00      0.00      0.00      0.00      0.00     99.00
01:44:18         37      0.00      0.00      1.00      3.00      0.00     96.00
01:44:18         38      0.00      0.00      1.00      0.00      0.00     99.00
01:44:18         39      6.12      0.00      0.00      5.10      0.00     88.78

01:44:18        CPU     %user     %nice   %system   %iowait    %steal     %idle
01:44:19        all      1.68      0.00      0.53      0.08      0.00     97.72
01:44:19          0      0.99      0.00      0.99      0.00      0.00     98.02
01:44:19          1      0.00      0.00      0.00      0.00      0.00    100.00
01:44:19          2      0.00      0.00      0.00      0.00      0.00    100.00
01:44:19          3      0.00      0.00      0.00      0.00      0.00    100.00
01:44:19          4      0.99      0.00      0.99      0.00      0.00     98.02
01:44:19          5      0.00      0.00      0.00      0.00      0.00    100.00
01:44:19          6      0.00      0.00      0.99      0.00      0.00     99.01
01:44:19          7      0.00      0.00      0.00      0.00      0.00    100.00
01:44:19          8      0.00      0.00      0.00      3.00      0.00     97.00
01:44:19          9      1.00      0.00      0.00      0.00      0.00     99.00
01:44:19         10      0.00      0.00      0.00      0.00      0.00    100.00
01:44:19         11      0.00      0.00      0.00      0.00      0.00    100.00
01:44:19         12      0.00      0.00      0.00      0.00      0.00    100.00
01:44:19         13      0.00      0.00      0.00      0.00      0.00    100.00
01:44:19         14     42.42      0.00      9.09      0.00      0.00     48.48
01:44:19         15     15.00      0.00      2.00      0.00      0.00     83.00
01:44:19         16      0.00      0.00      0.00      0.00      0.00    100.00
01:44:19         17      0.00      0.00      0.00      0.00      0.00    100.00
01:44:19         18      0.00      0.00      0.00      0.00      0.00    100.00
01:44:19         19      0.00      0.00      0.00      0.00      0.00    100.00
01:44:19         20      0.00      0.00      0.00      0.00      0.00    100.00
01:44:19         21      0.00      0.00      0.00      0.00      0.00    100.00
01:44:19         22      0.00      0.00      0.00      0.00      0.00    100.00
01:44:19         23      0.00      0.00      1.00      0.00      0.00     99.00
01:44:19         24      0.00      0.00      0.00      0.00      0.00    100.00
01:44:19         25      6.06      0.00      1.01      0.00      0.00     92.93
01:44:19         26      0.00      0.00      1.98      0.00      0.00     98.02
01:44:19         27      0.00      0.00      0.00      0.00      0.00    100.00
01:44:19         28      0.00      0.00      0.00      0.00      0.00    100.00
01:44:19         29      0.00      0.00      0.00      0.00      0.00    100.00
01:44:19         30      0.00      0.00      0.00      0.00      0.00    100.00
01:44:19         31      0.00      0.00      0.00      0.00      0.00    100.00
01:44:19         32      0.00      0.00      0.00      0.00      0.00    100.00
01:44:19         33      0.00      0.00      0.00      0.00      0.00    100.00
01:44:19         34      0.00      0.00      0.00      0.00      0.00    100.00
01:44:19         35      0.00      0.00      0.00      0.00      0.00    100.00
01:44:19         36      0.00      0.00      0.00      0.00      0.00    100.00
01:44:19         37      1.00      0.00      1.00      0.00      0.00     98.00
01:44:19         38      0.99      0.00      0.99      0.00      0.00     98.02
01:44:19         39      0.00      0.00      0.00      0.00      0.00    100.00

01:44:19        CPU     %user     %nice   %system   %iowait    %steal     %idle
01:44:20        all      1.25      0.00      0.35      0.03      0.00     98.37
01:44:20          0      0.00      0.00      0.00      0.00      0.00    100.00
01:44:20          1      0.00      0.00      0.00      0.00      0.00    100.00
01:44:20          2      6.93      0.00      0.99      0.00      0.00     92.08
01:44:20          3      0.00      0.00      0.00      0.00      0.00    100.00
01:44:20          4      0.00      0.00      0.00      0.00      0.00    100.00
01:44:20          5      0.00      0.00      0.00      0.00      0.00    100.00
01:44:20          6      0.00      0.00      0.00      0.00      0.00    100.00
01:44:20          7      1.00      0.00      0.00      0.00      0.00     99.00
01:44:20          8      1.01      0.00      0.00      1.01      0.00     97.98
01:44:20          9      0.99      0.00      0.99      0.00      0.00     98.02
01:44:20         10      0.00      0.00      0.99      0.00      0.00     99.01
01:44:20         11      0.00      0.00      0.00      0.00      0.00    100.00
01:44:20         12      0.00      0.00      0.00      0.00      0.00    100.00
01:44:20         13      0.00      0.00      0.00      0.00      0.00    100.00
01:44:20         14      0.00      0.00      0.00      0.00      0.00    100.00
01:44:20         15     37.37      0.00      7.07      0.00      0.00     55.56
01:44:20         16      0.00      0.00      0.00      0.00      0.00    100.00
01:44:20         17      0.00      0.00      0.00      0.00      0.00    100.00
01:44:20         18      0.00      0.00      0.00      0.00      0.00    100.00
01:44:20         19      0.00      0.00      0.00      0.00      0.00    100.00
01:44:20         20      0.00      0.00      0.00      0.00      0.00    100.00
01:44:20         21      0.00      0.00      0.00      0.00      0.00    100.00
01:44:20         22      0.00      0.00      0.00      0.00      0.00    100.00
01:44:20         23      0.00      0.00      0.00      0.00      0.00    100.00
01:44:20         24      0.00      0.00      1.00      0.00      0.00     99.00
01:44:20         25      0.99      0.00      0.99      0.00      0.00     98.02
01:44:20         26      0.00      0.00      1.00      0.00      0.00     99.00
01:44:20         27      0.00      0.00      0.00      0.00      0.00    100.00
01:44:20         28      0.00      0.00      0.00      0.00      0.00    100.00
01:44:20         29      0.00      0.00      0.00      0.00      0.00    100.00
01:44:20         30      0.00      0.00      0.00      0.00      0.00    100.00
01:44:20         31      0.00      0.00      0.00      0.00      0.00    100.00
01:44:20         32      0.00      0.00      0.00      0.00      0.00    100.00
01:44:20         33      0.00      0.00      0.00      0.00      0.00    100.00
01:44:20         34      0.00      0.00      0.00      0.00      0.00    100.00
01:44:20         35      0.00      0.00      0.00      0.00      0.00    100.00
01:44:20         36      0.00      0.00      0.00      0.00      0.00    100.00
01:44:20         37      0.00      0.00      0.00      0.00      0.00    100.00
01:44:20         38      0.00      0.00      0.00      0.00      0.00    100.00
01:44:20         39      0.00      0.00      0.00      0.00      0.00    100.00

01:44:20        CPU     %user     %nice   %system   %iowait    %steal     %idle
01:44:21        all      0.03      0.00      0.00      0.00      0.00     99.97
01:44:21          0      0.00      0.00      0.00      0.00      0.00    100.00
01:44:21          1      0.00      0.00      0.00      0.00      0.00    100.00
01:44:21          2      0.00      0.00      0.00      0.00      0.00    100.00
01:44:21          3      0.00      0.00      0.00      0.00      0.00    100.00
01:44:21          4      0.00      0.00      0.00      0.00      0.00    100.00
01:44:21          5      0.00      0.00      0.00      0.00      0.00    100.00
01:44:21          6      0.00      0.00      0.99      0.00      0.00     99.01
01:44:21          7      0.00      0.00      0.00      0.00      0.00    100.00
01:44:21          8      0.00      0.00      0.00      0.00      0.00    100.00
01:44:21          9      0.00      0.00      0.00      0.00      0.00    100.00
01:44:21         10      0.00      0.00      0.00      0.00      0.00    100.00
01:44:21         11      0.00      0.00      0.00      0.00      0.00    100.00
01:44:21         12      0.00      0.00      0.00      0.00      0.00    100.00
01:44:21         13      0.00      0.00      0.00      0.00      0.00    100.00
01:44:21         14      0.00      0.00      0.00      0.00      0.00    100.00
01:44:21         15      0.00      0.00      0.00      0.00      0.00    100.00
01:44:21         16      0.00      0.00      0.00      0.00      0.00    100.00
01:44:21         17      0.00      0.00      0.00      0.00      0.00    100.00
01:44:21         18      0.00      0.00      0.00      0.00      0.00    100.00
01:44:21         19      0.00      0.00      0.00      0.00      0.00    100.00
01:44:21         20      0.00      0.00      0.00      0.00      0.00    100.00
01:44:21         21      0.00      0.00      0.00      0.00      0.00    100.00
01:44:21         22      0.00      0.00      0.00      0.00      0.00    100.00
01:44:21         23      0.00      0.00      0.00      0.00      0.00    100.00
01:44:21         24      0.00      0.00      0.00      0.00      0.00    100.00
01:44:21         25      0.00      0.00      0.00      0.00      0.00    100.00
01:44:21         26      0.00      0.00      0.00      0.00      0.00    100.00
01:44:21         27      0.00      0.00      0.00      0.00      0.00    100.00
01:44:21         28      0.00      0.00      0.00      0.00      0.00    100.00
01:44:21         29      0.00      0.00      0.00      0.00      0.00    100.00
01:44:21         30      0.00      0.00      0.00      0.00      0.00    100.00
01:44:21         31      0.00      0.00      0.00      0.00      0.00    100.00
01:44:21         32      0.00      0.00      0.00      0.00      0.00    100.00
01:44:21         33      0.00      0.00      0.00      0.00      0.00    100.00
01:44:21         34      0.00      0.00      0.00      0.00      0.00    100.00
01:44:21         35      0.00      0.00      0.00      0.00      0.00    100.00
01:44:21         36      0.00      0.00      0.00      0.00      0.00    100.00
01:44:21         37      0.00      0.00      0.00      0.00      0.00    100.00
01:44:21         38      0.00      0.00      0.00      0.00      0.00    100.00
01:44:21         39      0.00      0.00      0.00      0.00      0.00    100.00

01:44:21        CPU     %user     %nice   %system   %iowait    %steal     %idle
01:44:22        all      0.02      0.00      0.02      0.00      0.00     99.95
01:44:22          0      0.00      0.00      0.99      0.00      0.00     99.01
01:44:22          1      0.00      0.00      0.00      0.00      0.00    100.00
01:44:22          2      0.00      0.00      0.00      0.00      0.00    100.00
01:44:22          3      0.00      0.00      0.00      0.00      0.00    100.00
01:44:22          4      0.00      0.00      0.00      0.00      0.00    100.00
01:44:22          5      0.00      0.00      0.00      0.00      0.00    100.00
01:44:22          6      0.00      0.00      0.00      0.00      0.00    100.00
01:44:22          7      0.00      0.00      0.00      0.00      0.00    100.00
01:44:22          8      0.00      0.00      0.00      0.00      0.00    100.00
01:44:22          9      0.00      0.00      0.00      0.00      0.00    100.00
01:44:22         10      0.00      0.00      0.00      0.00      0.00    100.00
01:44:22         11      0.00      0.00      0.00      0.00      0.00    100.00
01:44:22         12      0.00      0.00      0.99      0.00      0.00     99.01
01:44:22         13      0.99      0.00      0.00      0.00      0.00     99.01
01:44:22         14      0.00      0.00      0.00      0.00      0.00    100.00
01:44:22         15      0.00      0.00      0.00      0.00      0.00    100.00
01:44:22         16      0.00      0.00      0.00      0.00      0.00    100.00
01:44:22         17      0.00      0.00      0.00      0.00      0.00    100.00
01:44:22         18      0.00      0.00      0.00      0.00      0.00    100.00
01:44:22         19      0.00      0.00      0.00      0.00      0.00    100.00
01:44:22         20      0.00      0.00      0.00      0.00      0.00    100.00
01:44:22         21      0.00      0.00      0.00      0.00      0.00    100.00
01:44:22         22      0.00      0.00      0.00      0.00      0.00    100.00
01:44:22         23      0.00      0.00      0.00      0.00      0.00    100.00
01:44:22         24      0.00      0.00      0.00      0.00      0.00    100.00
01:44:22         25      0.00      0.00      0.00      0.00      0.00    100.00
01:44:22         26      0.00      0.00      0.00      0.00      0.00    100.00
01:44:22         27      0.00      0.00      0.00      0.00      0.00    100.00
01:44:22         28      0.00      0.00      0.00      0.00      0.00    100.00
01:44:22         29      0.00      0.00      0.00      0.00      0.00    100.00
01:44:22         30      0.00      0.00      0.00      0.00      0.00    100.00
01:44:22         31      0.00      0.00      0.00      0.00      0.00    100.00
01:44:22         32      0.00      0.00      0.00      0.00      0.00    100.00
01:44:22         33      0.00      0.00      0.00      0.00      0.00    100.00
01:44:22         34      0.00      0.00      0.00      0.00      0.00    100.00
01:44:22         35      0.00      0.00      0.00      0.00      0.00    100.00
01:44:22         36      0.00      0.00      0.00      0.00      0.00    100.00
01:44:22         37      0.00      0.00      0.00      0.00      0.00    100.00
01:44:22         38      0.00      0.00      0.00      0.00      0.00    100.00
01:44:22         39      0.00      0.00      0.00      0.00      0.00    100.00

01:44:22        CPU     %user     %nice   %system   %iowait    %steal     %idle
01:44:23        all      0.03      0.00      0.03      0.00      0.00     99.95
01:44:23          0      0.00      0.00      0.00      0.00      0.00    100.00
01:44:23          1      0.00      0.00      0.00      0.00      0.00    100.00
01:44:23          2      0.00      0.00      0.00      0.00      0.00    100.00
01:44:23          3      0.00      0.00      0.00      0.00      0.00    100.00
01:44:23          4      0.00      0.00      0.00      0.00      0.00    100.00
01:44:23          5      0.00      0.00      0.00      0.00      0.00    100.00
01:44:23          6      0.00      0.00      0.00      0.00      0.00    100.00
01:44:23          7      0.00      0.00      0.00      0.00      0.00    100.00
01:44:23          8      0.00      0.00      0.00      0.00      0.00    100.00
01:44:23          9      0.00      0.00      0.00      0.00      0.00    100.00
01:44:23         10      0.00      0.00      0.00      0.00      0.00    100.00
01:44:23         11      1.00      0.00      0.00      0.00      0.00     99.00
01:44:23         12      0.00      0.00      0.00      0.00      0.00    100.00
01:44:23         13      0.00      0.00      0.00      0.00      0.00    100.00
01:44:23         14      0.00      0.00      0.00      0.00      0.00    100.00
01:44:23         15      0.00      0.00      0.00      0.00      0.00    100.00
01:44:23         16      0.00      0.00      0.00      0.00      0.00    100.00
01:44:23         17      0.00      0.00      0.00      0.00      0.00    100.00
01:44:23         18      0.00      0.00      0.00      0.00      0.00    100.00
01:44:23         19      0.00      0.00      0.00      0.00      0.00    100.00
01:44:23         20      0.00      0.00      0.00      0.00      0.00    100.00
01:44:23         21      0.00      0.00      0.00      0.00      0.00    100.00
01:44:23         22      0.00      0.00      0.00      0.00      0.00    100.00
01:44:23         23      0.00      0.00      0.00      0.00      0.00    100.00
01:44:23         24      0.00      0.00      0.00      0.00      0.00    100.00
01:44:23         25      0.00      0.00      0.00      0.00      0.00    100.00
01:44:23         26      0.00      0.00      0.00      0.00      0.00    100.00
01:44:23         27      0.00      0.00      0.00      0.00      0.00    100.00
01:44:23         28      0.00      0.00      0.00      0.00      0.00    100.00
01:44:23         29      0.00      0.00      0.00      0.00      0.00    100.00
01:44:23         30      0.00      0.00      0.00      0.00      0.00    100.00
01:44:23         31      0.00      0.00      0.00      0.00      0.00    100.00
01:44:23         32      0.00      0.00      0.00      0.00      0.00    100.00
01:44:23         33      0.00      0.00      0.00      0.00      0.00    100.00
01:44:23         34      0.00      0.00      0.00      0.00      0.00    100.00
01:44:23         35      0.00      0.00      0.00      0.00      0.00    100.00
01:44:23         36      0.00      0.00      0.00      0.00      0.00    100.00
01:44:23         37      0.00      0.00      0.00      0.00      0.00    100.00
01:44:23         38      0.00      0.00      0.00      0.00      0.00    100.00
01:44:23         39      0.00      0.00      0.00      0.00      0.00    100.00

01:44:23        CPU     %user     %nice   %system   %iowait    %steal     %idle
01:44:24        all      0.03      0.00      0.03      0.00      0.00     99.95
01:44:24          0      0.00      0.00      0.00      0.00      0.00    100.00
01:44:24          1      0.00      0.00      0.00      0.00      0.00    100.00
01:44:24          2      0.00      0.00      0.00      0.00      0.00    100.00
01:44:24          3      0.00      0.00      0.00      0.00      0.00    100.00
01:44:24          4      0.00      0.00      0.00      0.00      0.00    100.00
01:44:24          5      0.00      0.00      0.00      0.00      0.00    100.00
01:44:24          6      0.00      0.00      0.00      0.00      0.00    100.00
01:44:24          7      0.00      0.00      0.00      0.00      0.00    100.00
01:44:24          8      0.00      0.00      0.00      0.00      0.00    100.00
01:44:24          9      0.00      0.00      0.00      0.00      0.00    100.00
01:44:24         10      0.00      0.00      0.00      0.00      0.00    100.00
01:44:24         11      0.00      0.00      0.00      0.00      0.00    100.00
01:44:24         12      0.00      0.00      0.00      0.00      0.00    100.00
01:44:24         13      0.00      0.00      0.99      0.00      0.00     99.01
01:44:24         14      0.00      0.00      0.00      0.00      0.00    100.00
01:44:24         15      0.00      0.00      0.00      0.00      0.00    100.00
01:44:24         16      0.00      0.00      0.00      0.00      0.00    100.00
01:44:24         17      0.00      0.00      0.00      0.00      0.00    100.00
01:44:24         18      0.00      0.00      0.00      0.00      0.00    100.00
01:44:24         19      0.00      0.00      0.00      0.00      0.00    100.00
01:44:24         20      0.00      0.00      0.00      0.00      0.00    100.00
01:44:24         21      0.00      0.00      0.00      0.00      0.00    100.00
01:44:24         22      0.00      0.00      0.00      0.00      0.00    100.00
01:44:24         23      0.00      0.00      0.00      0.00      0.00    100.00
01:44:24         24      0.00      0.00      0.00      0.00      0.00    100.00
01:44:24         25      0.00      0.00      0.00      0.00      0.00    100.00
01:44:24         26      0.00      0.00      0.00      0.00      0.00    100.00
01:44:24         27      0.00      0.00      0.00      0.00      0.00    100.00
01:44:24         28      0.00      0.00      0.00      0.00      0.00    100.00
01:44:24         29      0.00      0.00      0.00      0.00      0.00    100.00
01:44:24         30      0.00      0.00      0.00      0.00      0.00    100.00
01:44:24         31      0.00      0.00      0.00      0.00      0.00    100.00
01:44:24         32      0.00      0.00      0.00      0.00      0.00    100.00
01:44:24         33      0.00      0.00      0.00      0.00      0.00    100.00
01:44:24         34      0.00      0.00      0.00      0.00      0.00    100.00
01:44:24         35      0.00      0.00      0.00      0.00      0.00    100.00
01:44:24         36      0.00      0.00      0.00      0.00      0.00    100.00
01:44:24         37      0.00      0.00      0.00      0.00      0.00    100.00
01:44:24         38      0.00      0.00      0.00      0.00      0.00    100.00
01:44:24         39      0.00      0.00      0.00      0.00      0.00    100.00

01:44:24        CPU     %user     %nice   %system   %iowait    %steal     %idle
01:44:25        all      0.00      0.00      0.03      0.03      0.00     99.95
01:44:25          0      0.00      0.00      0.99      0.00      0.00     99.01
01:44:25          1      0.00      0.00      0.00      0.00      0.00    100.00
01:44:25          2      0.00      0.00      0.00      0.00      0.00    100.00
01:44:25          3      0.00      0.00      0.00      0.00      0.00    100.00
01:44:25          4      0.00      0.00      0.00      0.00      0.00    100.00
01:44:25          5      0.00      0.00      0.99      0.00      0.00     99.01
01:44:25          6      0.00      0.00      0.00      0.00      0.00    100.00
01:44:25          7      0.00      0.00      0.00      0.00      0.00    100.00
01:44:25          8      0.00      0.00      0.00      0.00      0.00    100.00
01:44:25          9      0.00      0.00      0.00      0.00      0.00    100.00
01:44:25         10      0.00      0.00      0.00      0.00      0.00    100.00
01:44:25         11      0.00      0.00      0.00      0.00      0.00    100.00
01:44:25         12      0.00      0.00      0.00      0.00      0.00    100.00
01:44:25         13      0.00      0.00      0.00      0.00      0.00    100.00
01:44:25         14      0.00      0.00      0.00      0.00      0.00    100.00
01:44:25         15      0.00      0.00      0.00      0.00      0.00    100.00
01:44:25         16      0.00      0.00      0.00      0.00      0.00    100.00
01:44:25         17      0.00      0.00      0.00      0.00      0.00    100.00
01:44:25         18      0.00      0.00      0.00      0.00      0.00    100.00
01:44:25         19      0.00      0.00      0.00      0.00      0.00    100.00
01:44:25         20      0.00      0.00      0.00      0.00      0.00    100.00
01:44:25         21      0.00      0.00      0.00      0.00      0.00    100.00
01:44:25         22      0.00      0.00      0.00      1.00      0.00     99.00
01:44:25         23      0.00      0.00      0.00      0.00      0.00    100.00
01:44:25         24      0.00      0.00      0.00      0.00      0.00    100.00
01:44:25         25      0.00      0.00      0.00      0.00      0.00    100.00
01:44:25         26      0.00      0.00      0.00      0.00      0.00    100.00
01:44:25         27      0.00      0.00      0.00      0.00      0.00    100.00
01:44:25         28      0.00      0.00      0.00      0.00      0.00    100.00
01:44:25         29      0.00      0.00      0.00      0.00      0.00    100.00
01:44:25         30      0.00      0.00      0.00      0.00      0.00    100.00
01:44:25         31      0.00      0.00      0.00      0.00      0.00    100.00
01:44:25         32      0.00      0.00      0.00      0.00      0.00    100.00
01:44:25         33      0.00      0.00      0.00      0.00      0.00    100.00
01:44:25         34      0.00      0.00      0.00      0.00      0.00    100.00
01:44:25         35      0.00      0.00      0.00      0.00      0.00    100.00
01:44:25         36      0.00      0.00      0.00      0.00      0.00    100.00
01:44:25         37      0.00      0.00      0.00      0.00      0.00    100.00
01:44:25         38      0.00      0.00      0.00      0.00      0.00    100.00
01:44:25         39      0.00      0.00      0.00      0.00      0.00    100.00

01:44:25        CPU     %user     %nice   %system   %iowait    %steal     %idle
01:44:26        all      0.05      0.00      0.02      0.00      0.00     99.93
01:44:26          0      0.00      0.00      0.00      0.00      0.00    100.00
01:44:26          1      0.00      0.00      0.00      0.00      0.00    100.00
01:44:26          2      0.00      0.00      0.00      0.00      0.00    100.00
01:44:26          3      0.00      0.00      0.00      0.00      0.00    100.00
01:44:26          4      0.99      0.00      0.00      0.00      0.00     99.01
01:44:26          5      0.00      0.00      0.00      0.00      0.00    100.00
01:44:26          6      0.00      0.00      0.00      0.00      0.00    100.00
01:44:26          7      0.00      0.00      0.00      0.00      0.00    100.00
01:44:26          8      0.00      0.00      0.00      0.00      0.00    100.00
01:44:26          9      0.00      0.00      0.00      0.00      0.00    100.00
01:44:26         10      0.00      0.00      0.00      0.00      0.00    100.00
01:44:26         11      0.00      0.00      0.00      0.00      0.00    100.00
01:44:26         12      0.00      0.00      0.99      0.00      0.00     99.01
01:44:26         13      0.99      0.00      0.00      0.00      0.00     99.01
01:44:26         14      0.00      0.00      0.00      0.00      0.00    100.00
01:44:26         15      0.00      0.00      0.00      0.00      0.00    100.00
01:44:26         16      0.00      0.00      0.00      0.00      0.00    100.00
01:44:26         17      0.00      0.00      0.00      0.00      0.00    100.00
01:44:26         18      0.00      0.00      0.00      0.00      0.00    100.00
01:44:26         19      0.00      0.00      0.00      0.00      0.00    100.00
01:44:26         20      0.00      0.00      0.00      0.00      0.00    100.00
01:44:26         21      0.00      0.00      0.00      0.00      0.00    100.00
01:44:26         22      0.00      0.00      0.00      0.00      0.00    100.00
01:44:26         23      0.00      0.00      0.00      0.00      0.00    100.00
01:44:26         24      0.00      0.00      0.00      0.00      0.00    100.00
01:44:26         25      0.00      0.00      0.99      0.00      0.00     99.01
01:44:26         26      0.00      0.00      0.00      0.00      0.00    100.00
01:44:26         27      0.00      0.00      0.00      0.00      0.00    100.00
01:44:26         28      0.00      0.00      0.00      0.00      0.00    100.00
01:44:26         29      0.00      0.00      0.00      0.00      0.00    100.00
01:44:26         30      0.00      0.00      0.00      0.00      0.00    100.00
01:44:26         31      0.00      0.00      0.00      0.00      0.00    100.00
01:44:26         32      0.00      0.00      0.00      0.00      0.00    100.00
01:44:26         33      0.00      0.00      0.00      0.00      0.00    100.00
01:44:26         34      0.00      0.00      0.00      0.00      0.00    100.00
01:44:26         35      0.00      0.00      0.00      0.00      0.00    100.00
01:44:26         36      0.00      0.00      0.00      0.00      0.00    100.00
01:44:26         37      0.00      0.00      0.00      0.00      0.00    100.00
01:44:26         38      0.00      0.00      0.00      0.00      0.00    100.00
01:44:26         39      0.00      0.00      0.00      0.00      0.00    100.00

01:44:26        CPU     %user     %nice   %system   %iowait    %steal     %idle
01:44:27        all      0.00      0.00      0.05      0.00      0.00     99.95
01:44:27          0      0.00      0.00      0.00      0.00      0.00    100.00
01:44:27          1      0.00      0.00      0.00      0.00      0.00    100.00
01:44:27          2      0.00      0.00      0.00      0.00      0.00    100.00
01:44:27          3      0.00      0.00      0.00      0.00      0.00    100.00
01:44:27          4      0.00      0.00      1.00      0.00      0.00     99.00
01:44:27          5      0.00      0.00      0.00      0.00      0.00    100.00
01:44:27          6      0.00      0.00      0.00      0.00      0.00    100.00
01:44:27          7      0.00      0.00      0.00      0.00      0.00    100.00
01:44:27          8      0.00      0.00      0.00      0.00      0.00    100.00
01:44:27          9      0.00      0.00      0.00      0.00      0.00    100.00
01:44:27         10      0.00      0.00      0.00      0.00      0.00    100.00
01:44:27         11      0.00      0.00      0.00      0.00      0.00    100.00
01:44:27         12      0.99      0.00      0.00      0.00      0.00     99.01
01:44:27         13      0.00      0.00      0.00      0.00      0.00    100.00
01:44:27         14      0.00      0.00      0.00      0.00      0.00    100.00
01:44:27         15      0.00      0.00      0.00      0.00      0.00    100.00
01:44:27         16      0.00      0.00      0.00      0.00      0.00    100.00
01:44:27         17      0.00      0.00      0.00      0.00      0.00    100.00
01:44:27         18      0.00      0.00      0.00      0.00      0.00    100.00
01:44:27         19      0.00      0.00      0.00      0.00      0.00    100.00
01:44:27         20      0.00      0.00      0.00      0.00      0.00    100.00
01:44:27         21      0.00      0.00      0.00      0.00      0.00    100.00
01:44:27         22      0.00      0.00      0.00      0.00      0.00    100.00
01:44:27         23      0.00      0.00      0.00      0.00      0.00    100.00
01:44:27         24      0.00      0.00      0.00      0.00      0.00    100.00
01:44:27         25      0.00      0.00      0.00      0.00      0.00    100.00
01:44:27         26      0.00      0.00      0.00      0.00      0.00    100.00
01:44:27         27      0.00      0.00      0.00      0.00      0.00    100.00
01:44:27         28      0.00      0.00      0.00      0.00      0.00    100.00
01:44:27         29      0.00      0.00      0.00      0.00      0.00    100.00
01:44:27         30      0.00      0.00      0.00      0.00      0.00    100.00
01:44:27         31      0.00      0.00      0.00      0.00      0.00    100.00
01:44:27         32      0.00      0.00      0.00      0.00      0.00    100.00
01:44:27         33      0.00      0.00      0.00      0.00      0.00    100.00
01:44:27         34      0.00      0.00      0.00      0.00      0.00    100.00
01:44:27         35      0.00      0.00      0.00      0.00      0.00    100.00
01:44:27         36      0.00      0.00      0.00      0.00      0.00    100.00
01:44:27         37      0.00      0.00      0.00      0.00      0.00    100.00
01:44:27         38      0.00      0.00      0.00      0.00      0.00    100.00
01:44:27         39      0.00      0.00      0.00      0.00      0.00    100.00

01:44:27        CPU     %user     %nice   %system   %iowait    %steal     %idle
01:44:28        all      0.02      0.00      0.02      0.00      0.00     99.95
01:44:28          0      0.00      0.00      0.00      0.00      0.00    100.00
01:44:28          1      0.00      0.00      0.00      0.00      0.00    100.00
01:44:28          2      0.00      0.00      0.00      0.00      0.00    100.00
01:44:28          3      0.00      0.00      0.00      0.00      0.00    100.00
01:44:28          4      0.00      0.00      0.00      0.00      0.00    100.00
01:44:28          5      0.00      0.00      0.00      0.00      0.00    100.00
01:44:28          6      0.00      0.00      0.00      0.00      0.00    100.00
01:44:28          7      0.00      0.00      0.00      0.00      0.00    100.00
01:44:28          8      0.00      0.00      0.00      0.00      0.00    100.00
01:44:28          9      0.00      0.00      0.00      0.00      0.00    100.00
01:44:28         10      0.00      0.00      0.00      0.00      0.00    100.00
01:44:28         11      0.00      0.00      0.00      0.00      0.00    100.00
01:44:28         12      0.00      0.00      0.00      0.00      0.00    100.00
01:44:28         13      0.00      0.00      0.00      0.00      0.00    100.00
01:44:28         14      0.00      0.00      0.00      0.00      0.00    100.00
01:44:28         15      0.00      0.00      0.00      0.00      0.00    100.00
01:44:28         16      0.00      0.00      0.00      0.00      0.00    100.00
01:44:28         17      0.00      0.00      0.00      0.00      0.00    100.00
01:44:28         18      0.00      0.00      0.00      0.00      0.00    100.00
01:44:28         19      0.00      0.00      0.00      0.00      0.00    100.00
01:44:28         20      0.00      0.00      0.00      0.00      0.00    100.00
01:44:28         21      0.00      0.00      0.00      0.00      0.00    100.00
01:44:28         22      0.00      0.00      0.00      0.00      0.00    100.00
01:44:28         23      0.00      0.00      0.00      0.00      0.00    100.00
01:44:28         24      0.00      0.00      0.00      0.00      0.00    100.00
01:44:28         25      0.00      0.00      0.00      0.00      0.00    100.00
01:44:28         26      0.00      0.00      0.00      0.00      0.00    100.00
01:44:28         27      0.00      0.00      0.00      0.00      0.00    100.00
01:44:28         28      0.00      0.00      0.00      0.00      0.00    100.00
01:44:28         29      0.00      0.00      0.00      0.00      0.00    100.00
01:44:28         30      0.00      0.00      0.00      0.00      0.00    100.00
01:44:28         31      0.00      0.00      0.00      0.00      0.00    100.00
01:44:28         32      0.00      0.00      0.00      0.00      0.00    100.00
01:44:28         33      0.00      0.00      0.00      0.00      0.00    100.00
01:44:28         34      0.00      0.00      0.00      0.00      0.00    100.00
01:44:28         35      0.00      0.00      0.00      0.00      0.00    100.00
01:44:28         36      0.00      0.00      0.00      0.00      0.00    100.00
01:44:28         37      0.00      0.00      0.00      0.00      0.00    100.00
01:44:28         38      0.00      0.00      0.00      0.00      0.00    100.00
01:44:28         39      0.00      0.00      0.00      0.00      0.00    100.00

01:44:28        CPU     %user     %nice   %system   %iowait    %steal     %idle
01:44:29        all      0.03      0.00      0.00      0.00      0.00     99.98
01:44:29          0      0.99      0.00      0.00      0.00      0.00     99.01
01:44:29          1      0.00      0.00      0.00      0.00      0.00    100.00
01:44:29          2      0.00      0.00      0.00      0.00      0.00    100.00
01:44:29          3      0.00      0.00      0.00      0.00      0.00    100.00
01:44:29          4      0.00      0.00      0.00      0.00      0.00    100.00
01:44:29          5      0.00      0.00      0.00      0.00      0.00    100.00
01:44:29          6      0.00      0.00      0.00      0.00      0.00    100.00
01:44:29          7      0.00      0.00      0.00      0.00      0.00    100.00
01:44:29          8      0.00      0.00      0.00      0.00      0.00    100.00
01:44:29          9      0.00      0.00      0.00      0.00      0.00    100.00
01:44:29         10      0.00      0.00      0.00      0.00      0.00    100.00
01:44:29         11      0.00      0.00      0.00      0.00      0.00    100.00
01:44:29         12      0.00      0.00      0.00      0.00      0.00    100.00
01:44:29         13      0.00      0.00      0.00      0.00      0.00    100.00
01:44:29         14      0.00      0.00      0.00      0.00      0.00    100.00
01:44:29         15      0.00      0.00      0.00      0.00      0.00    100.00
01:44:29         16      0.00      0.00      0.00      0.00      0.00    100.00
01:44:29         17      0.00      0.00      0.00      0.00      0.00    100.00
01:44:29         18      0.00      0.00      0.00      0.00      0.00    100.00
01:44:29         19      0.00      0.00      0.00      0.00      0.00    100.00
01:44:29         20      0.00      0.00      0.00      0.00      0.00    100.00
01:44:29         21      0.00      0.00      0.00      0.00      0.00    100.00
01:44:29         22      0.00      0.00      0.00      0.00      0.00    100.00
01:44:29         23      0.00      0.00      0.00      0.00      0.00    100.00
01:44:29         24      0.00      0.00      0.00      0.00      0.00    100.00
01:44:29         25      0.00      0.00      1.00      0.00      0.00     99.00
01:44:29         26      0.00      0.00      0.00      0.00      0.00    100.00
01:44:29         27      0.00      0.00      0.00      0.00      0.00    100.00
01:44:29         28      0.00      0.00      0.00      0.00      0.00    100.00
01:44:29         29      0.00      0.00      0.00      0.00      0.00    100.00
01:44:29         30      0.00      0.00      0.00      0.00      0.00    100.00
01:44:29         31      0.00      0.00      0.00      0.00      0.00    100.00
01:44:29         32      0.00      0.00      0.00      0.00      0.00    100.00
01:44:29         33      0.00      0.00      0.00      0.00      0.00    100.00
01:44:29         34      0.00      0.00      0.00      0.00      0.00    100.00
01:44:29         35      0.00      0.00      0.00      0.00      0.00    100.00
01:44:29         36      0.00      0.00      0.00      0.00      0.00    100.00
01:44:29         37      0.00      0.00      0.00      0.00      0.00    100.00
01:44:29         38      0.00      0.00      0.00      0.00      0.00    100.00
01:44:29         39      0.00      0.00      0.00      0.00      0.00    100.00

01:44:29        CPU     %user     %nice   %system   %iowait    %steal     %idle
01:44:30        all      0.03      0.00      0.03      0.00      0.00     99.95
01:44:30          0      0.00      0.00      0.00      0.00      0.00    100.00
01:44:30          1      0.00      0.00      0.00      0.00      0.00    100.00
01:44:30          2      0.00      0.00      0.00      0.00      0.00    100.00
01:44:30          3      0.00      0.00      0.00      0.00      0.00    100.00
01:44:30          4      0.99      0.00      0.00      0.00      0.00     99.01
01:44:30          5      0.00      0.00      0.00      0.00      0.00    100.00
01:44:30          6      0.00      0.00      0.00      0.00      0.00    100.00
01:44:30          7      0.00      0.00      0.99      0.00      0.00     99.01
01:44:30          8      0.00      0.00      0.00      0.00      0.00    100.00
01:44:30          9      0.00      0.00      0.00      0.00      0.00    100.00
01:44:30         10      0.00      0.00      0.00      0.00      0.00    100.00
01:44:30         11      0.00      0.00      0.00      0.00      0.00    100.00
01:44:30         12      0.00      0.00      0.00      0.00      0.00    100.00
01:44:30         13      0.00      0.00      0.00      0.00      0.00    100.00
01:44:30         14      0.00      0.00      0.00      0.00      0.00    100.00
01:44:30         15      0.00      0.00      0.00      0.00      0.00    100.00
01:44:30         16      0.00      0.00      0.00      0.00      0.00    100.00
01:44:30         17      0.00      0.00      0.00      0.00      0.00    100.00
01:44:30         18      0.00      0.00      0.00      0.00      0.00    100.00
01:44:30         19      0.00      0.00      0.00      0.00      0.00    100.00
01:44:30         20      0.00      0.00      0.00      0.00      0.00    100.00
01:44:30         21      0.00      0.00      0.00      0.00      0.00    100.00
01:44:30         22      0.00      0.00      0.00      0.00      0.00    100.00
01:44:30         23      0.00      0.00      0.00      0.00      0.00    100.00
01:44:30         24      0.00      0.00      0.00      0.00      0.00    100.00
01:44:30         25      0.00      0.00      0.00      0.00      0.00    100.00
01:44:30         26      0.00      0.00      0.00      0.00      0.00    100.00
01:44:30         27      0.00      0.00      0.00      0.00      0.00    100.00
01:44:30         28      0.00      0.00      0.00      0.00      0.00    100.00
01:44:30         29      0.00      0.00      0.00      0.00      0.00    100.00
01:44:30         30      0.00      0.00      0.00      0.00      0.00    100.00
01:44:30         31      0.00      0.00      0.00      0.00      0.00    100.00
01:44:30         32      0.00      0.00      0.00      0.00      0.00    100.00
01:44:30         33      0.00      0.00      0.00      0.00      0.00    100.00
01:44:30         34      0.00      0.00      0.00      0.00      0.00    100.00
01:44:30         35      0.00      0.00      0.00      0.00      0.00    100.00
01:44:30         36      0.00      0.00      0.00      0.00      0.00    100.00
01:44:30         37      0.00      0.00      0.00      0.00      0.00    100.00
01:44:30         38      0.00      0.00      0.00      0.00      0.00    100.00
01:44:30         39      0.00      0.00      0.00      0.00      0.00    100.00

01:44:30        CPU     %user     %nice   %system   %iowait    %steal     %idle
01:44:31        all      0.02      0.00      0.02      0.00      0.00     99.95
01:44:31          0      0.00      0.00      1.00      0.00      0.00     99.00
01:44:31          1      0.00      0.00      0.00      0.00      0.00    100.00
01:44:31          2      0.00      0.00      0.00      0.00      0.00    100.00
01:44:31          3      0.99      0.00      0.00      0.00      0.00     99.01
01:44:31          4      0.00      0.00      0.99      0.00      0.00     99.01
01:44:31          5      0.00      0.00      0.00      0.00      0.00    100.00
01:44:31          6      0.00      0.00      0.00      0.00      0.00    100.00
01:44:31          7      0.00      0.00      0.00      0.00      0.00    100.00
01:44:31          8      0.00      0.00      0.00      0.00      0.00    100.00
01:44:31          9      0.00      0.00      0.00      0.00      0.00    100.00
01:44:31         10      0.00      0.00      0.00      0.00      0.00    100.00
01:44:31         11      0.00      0.00      0.00      0.00      0.00    100.00
01:44:31         12      0.00      0.00      0.00      0.00      0.00    100.00
01:44:31         13      0.00      0.00      0.00      0.00      0.00    100.00
01:44:31         14      0.00      0.00      0.00      0.00      0.00    100.00
01:44:31         15      0.00      0.00      0.00      0.00      0.00    100.00
01:44:31         16      0.00      0.00      0.00      0.00      0.00    100.00
01:44:31         17      0.00      0.00      0.00      0.00      0.00    100.00
01:44:31         18      0.00      0.00      0.00      0.00      0.00    100.00
01:44:31         19      0.00      0.00      0.00      0.00      0.00    100.00
01:44:31         20      0.00      0.00      0.00      0.00      0.00    100.00
01:44:31         21      0.00      0.00      0.00      0.00      0.00    100.00
01:44:31         22      0.00      0.00      0.00      0.00      0.00    100.00
01:44:31         23      0.00      0.00      0.00      0.00      0.00    100.00
01:44:31         24      0.00      0.00      0.00      0.00      0.00    100.00
01:44:31         25      0.00      0.00      0.00      0.00      0.00    100.00
01:44:31         26      0.00      0.00      0.00      0.00      0.00    100.00
01:44:31         27      0.00      0.00      0.00      0.00      0.00    100.00
01:44:31         28      0.00      0.00      0.00      0.00      0.00    100.00
01:44:31         29      0.00      0.00      0.00      0.00      0.00    100.00
01:44:31         30      0.00      0.00      0.00      0.00      0.00    100.00
01:44:31         31      0.00      0.00      0.00      0.00      0.00    100.00
01:44:31         32      0.00      0.00      0.00      0.00      0.00    100.00
01:44:31         33      0.00      0.00      0.00      0.00      0.00    100.00
01:44:31         34      0.00      0.00      0.00      0.00      0.00    100.00
01:44:31         35      0.00      0.00      0.00      0.00      0.00    100.00
01:44:31         36      0.00      0.00      0.00      0.00      0.00    100.00
01:44:31         37      0.00      0.00      0.00      0.00      0.00    100.00
01:44:31         38      0.00      0.00      0.00      0.00      0.00    100.00
01:44:31         39      0.00      0.00      0.00      0.00      0.00    100.00

01:44:31        CPU     %user     %nice   %system   %iowait    %steal     %idle
01:44:32        all      1.95      0.00      0.45      0.00      0.00     97.60
01:44:32          0      1.00      0.00      0.00      0.00      0.00     99.00
01:44:32          1      8.00      0.00      0.00      0.00      0.00     92.00
01:44:32          2      0.00      0.00      1.00      0.00      0.00     99.00
01:44:32          3      0.00      0.00      1.00      0.00      0.00     99.00
01:44:32          4      0.00      0.00      1.00      0.00      0.00     99.00
01:44:32          5     13.86      0.00      1.98      0.00      0.00     84.16
01:44:32          6      0.00      0.00      0.00      0.00      0.00    100.00
01:44:32          7      0.00      0.00      1.98      0.00      0.00     98.02
01:44:32          8      0.00      0.00      0.00      0.00      0.00    100.00
01:44:32          9      0.00      0.00      1.00      0.00      0.00     99.00
01:44:32         10      0.00      0.00      0.00      0.00      0.00    100.00
01:44:32         11      5.94      0.00      0.99      0.00      0.00     93.07
01:44:32         12      1.00      0.00      0.00      0.00      0.00     99.00
01:44:32         13      8.08      0.00      1.01      0.00      0.00     90.91
01:44:32         14     10.89      0.00      0.99      0.00      0.00     88.12
01:44:32         15      2.00      0.00      0.00      0.00      0.00     98.00
01:44:32         16      1.00      0.00      0.00      0.00      0.00     99.00
01:44:32         17     12.12      0.00      1.01      0.00      0.00     86.87
01:44:32         18      0.00      0.00      0.00      0.00      0.00    100.00
01:44:32         19      0.00      0.00      0.00      0.00      0.00    100.00
01:44:32         20      0.99      0.00      0.00      0.00      0.00     99.01
01:44:32         21      5.00      0.00      1.00      0.00      0.00     94.00
01:44:32         22      0.00      0.00      0.00      0.00      0.00    100.00
01:44:32         23      1.00      0.00      0.00      0.00      0.00     99.00
01:44:32         24      2.02      0.00      0.00      0.00      0.00     97.98
01:44:32         25      1.00      0.00      0.00      0.00      0.00     99.00
01:44:32         26      0.00      0.00      0.00      0.00      0.00    100.00
01:44:32         27      0.00      0.00      0.00      0.00      0.00    100.00
01:44:32         28      0.00      0.00      0.00      0.00      0.00    100.00
01:44:32         29      0.00      0.00      0.00      0.00      0.00    100.00
01:44:32         30      0.00      0.00      0.00      0.00      0.00    100.00
01:44:32         31      1.00      0.00      1.00      0.00      0.00     98.00
01:44:32         32      0.00      0.00      0.00      0.00      0.00    100.00
01:44:32         33      0.00      0.00      1.01      0.00      0.00     98.99
01:44:32         34      1.98      0.00      0.00      0.00      0.00     98.02
01:44:32         35      0.00      0.00      0.00      0.00      0.00    100.00
01:44:32         36      0.00      0.00      0.00      0.00      0.00    100.00
01:44:32         37      1.01      0.00      1.01      0.00      0.00     97.98
01:44:32         38      0.00      0.00      1.98      0.00      0.00     98.02
01:44:32         39      0.00      0.00      0.00      0.00      0.00    100.00

01:44:32        CPU     %user     %nice   %system   %iowait    %steal     %idle
01:44:33        all      6.55      0.00      1.51      0.20      0.00     91.75
01:44:33          0      1.98      0.00      0.99      0.00      0.00     97.03
01:44:33          1      4.00      0.00      1.00      0.00      0.00     95.00
01:44:33          2      1.01      0.00      0.00      0.00      0.00     98.99
01:44:33          3      4.00      0.00      1.00      0.00      0.00     95.00
01:44:33          4     20.20      0.00      3.03      0.00      0.00     76.77
01:44:33          5      6.06      0.00      2.02      0.00      0.00     91.92
01:44:33          6     29.29      0.00      5.05      0.00      0.00     65.66
01:44:33          7      6.06      0.00      1.01      0.00      0.00     92.93
01:44:33          8      6.06      0.00      1.01      0.00      0.00     92.93
01:44:33          9      1.01      0.00      1.01      0.00      0.00     97.98
01:44:33         10      1.01      0.00      0.00      0.00      0.00     98.99
01:44:33         11      2.00      0.00      1.00      0.00      0.00     97.00
01:44:33         12      6.06      0.00      1.01      0.00      0.00     92.93
01:44:33         13     12.87      0.00      2.97      1.98      0.00     82.18
01:44:33         14     33.33      0.00      3.03      0.00      0.00     63.64
01:44:33         15      1.01      0.00      1.01      0.00      0.00     97.98
01:44:33         16      5.94      0.00      2.97      0.00      0.00     91.09
01:44:33         17     24.75      0.00      3.96      0.00      0.00     71.29
01:44:33         18      2.97      0.00      0.99      0.00      0.00     96.04
01:44:33         19     21.21      0.00      4.04      0.00      0.00     74.75
01:44:33         20      3.00      0.00      0.00      0.00      0.00     97.00
01:44:33         21      0.99      0.00      1.98      0.00      0.00     97.03
01:44:33         22      0.00      0.00      0.00      1.03      0.00     98.97
01:44:33         23      0.00      0.00      1.01      1.01      0.00     97.98
01:44:33         24     16.16      0.00      3.03      0.00      0.00     80.81
01:44:33         25      1.00      0.00      1.00      0.00      0.00     98.00
01:44:33         26      5.94      0.00      0.99      0.00      0.00     93.07
01:44:33         27      1.01      0.00      1.01      0.00      0.00     97.98
01:44:33         28      0.00      0.00      0.00      0.00      0.00    100.00
01:44:33         29      0.00      0.00      0.00      0.00      0.00    100.00
01:44:33         30      0.00      0.00      1.98      0.00      0.00     98.02
01:44:33         31      6.06      0.00      0.00      0.00      0.00     93.94
01:44:33         32      0.99      0.00      1.98      0.00      0.00     97.03
01:44:33         33      0.00      0.00      1.00      0.00      0.00     99.00
01:44:33         34     15.31      0.00      1.02      0.00      0.00     83.67
01:44:33         35      0.00      0.00      1.01      1.01      0.00     97.98
01:44:33         36      0.00      0.00      0.00      1.01      0.00     98.99
01:44:33         37     13.00      0.00      4.00      0.00      0.00     83.00
01:44:33         38      0.00      0.00      1.00      0.00      0.00     99.00
01:44:33         39      8.00      0.00      1.00      0.00      0.00     91.00

01:44:33        CPU     %user     %nice   %system   %iowait    %steal     %idle
01:44:34        all      0.00      0.00      0.05      0.00      0.00     99.95
01:44:34          0      0.00      0.00      0.00      0.00      0.00    100.00
01:44:34          1      0.00      0.00      0.99      0.00      0.00     99.01
01:44:34          2      0.00      0.00      0.00      0.00      0.00    100.00
01:44:34          3      0.00      0.00      0.00      0.00      0.00    100.00
01:44:34          4      0.00      0.00      0.99      0.00      0.00     99.01
01:44:34          5      0.00      0.00      0.00      0.00      0.00    100.00
01:44:34          6      0.00      0.00      0.00      0.00      0.00    100.00
01:44:34          7      0.00      0.00      0.00      0.00      0.00    100.00
01:44:34          8      0.00      0.00      0.00      0.00      0.00    100.00
01:44:34          9      0.00      0.00      0.00      0.00      0.00    100.00
01:44:34         10      0.00      0.00      0.00      0.00      0.00    100.00
01:44:34         11      0.00      0.00      0.00      0.00      0.00    100.00
01:44:34         12      0.00      0.00      0.00      0.00      0.00    100.00
01:44:34         13      0.00      0.00      0.00      0.00      0.00    100.00
01:44:34         14      0.00      0.00      0.00      0.00      0.00    100.00
01:44:34         15      0.00      0.00      0.00      0.00      0.00    100.00
01:44:34         16      0.00      0.00      0.00      0.00      0.00    100.00
01:44:34         17      0.00      0.00      0.00      0.00      0.00    100.00
01:44:34         18      0.00      0.00      0.00      0.00      0.00    100.00
01:44:34         19      0.00      0.00      0.00      0.00      0.00    100.00
01:44:34         20      0.00      0.00      0.00      0.00      0.00    100.00
01:44:34         21      0.00      0.00      0.00      0.00      0.00    100.00
01:44:34         22      0.00      0.00      0.00      0.00      0.00    100.00
01:44:34         23      0.00      0.00      0.00      0.00      0.00    100.00
01:44:34         24      0.00      0.00      0.00      0.00      0.00    100.00
01:44:34         25      0.00      0.00      0.00      0.00      0.00    100.00
01:44:34         26      0.00      0.00      0.00      0.00      0.00    100.00
01:44:34         27      0.00      0.00      0.00      0.00      0.00    100.00
01:44:34         28      0.00      0.00      0.00      0.00      0.00    100.00
01:44:34         29      0.00      0.00      0.00      0.00      0.00    100.00
01:44:34         30      0.00      0.00      0.00      0.00      0.00    100.00
01:44:34         31      0.00      0.00      0.00      0.00      0.00    100.00
01:44:34         32      0.00      0.00      0.00      0.00      0.00    100.00
01:44:34         33      0.00      0.00      0.00      0.00      0.00    100.00
01:44:34         34      0.00      0.00      0.00      0.00      0.00    100.00
01:44:34         35      0.00      0.00      0.00      0.00      0.00    100.00
01:44:34         36      0.00      0.00      0.00      0.00      0.00    100.00
01:44:34         37      0.00      0.00      0.00      0.00      0.00    100.00
01:44:34         38      0.00      0.00      0.00      0.00      0.00    100.00
01:44:34         39      0.00      0.00      0.00      0.00      0.00    100.00

01:44:34        CPU     %user     %nice   %system   %iowait    %steal     %idle
01:44:35        all      0.03      0.00      0.03      0.05      0.00     99.90
01:44:35          0      0.00      0.00      0.00      0.00      0.00    100.00
01:44:35          1      0.00      0.00      0.00      0.00      0.00    100.00
01:44:35          2      0.00      0.00      0.00      0.00      0.00    100.00
01:44:35          3      0.00      0.00      0.00      0.00      0.00    100.00
01:44:35          4      0.00      0.00      0.00      0.00      0.00    100.00
01:44:35          5      0.00      0.00      0.00      0.00      0.00    100.00
01:44:35          6      0.00      0.00      0.00      0.00      0.00    100.00
01:44:35          7      0.00      0.00      0.00      0.00      0.00    100.00
01:44:35          8      0.00      0.00      0.00      0.00      0.00    100.00
01:44:35          9      0.00      0.00      0.00      0.00      0.00    100.00
01:44:35         10      0.00      0.00      0.00      0.00      0.00    100.00
01:44:35         11      0.00      0.00      0.00      0.00      0.00    100.00
01:44:35         12      0.00      0.00      0.00      0.00      0.00    100.00
01:44:35         13      0.00      0.00      0.00      0.00      0.00    100.00
01:44:35         14      0.00      0.00      0.00      0.00      0.00    100.00
01:44:35         15      0.00      0.00      0.00      0.00      0.00    100.00
01:44:35         16      0.00      0.00      0.00      0.00      0.00    100.00
01:44:35         17      0.00      0.00      0.00      0.00      0.00    100.00
01:44:35         18      0.00      0.00      0.00      0.00      0.00    100.00
01:44:35         19      0.00      0.00      0.00      0.00      0.00    100.00
01:44:35         20      0.00      0.00      0.00      3.00      0.00     97.00
01:44:35         21      0.00      0.00      0.00      0.00      0.00    100.00
01:44:35         22      0.00      0.00      0.00      0.00      0.00    100.00
01:44:35         23      0.00      0.00      0.00      0.00      0.00    100.00
01:44:35         24      0.00      0.00      0.00      0.00      0.00    100.00
01:44:35         25      0.00      0.00      0.00      0.00      0.00    100.00
01:44:35         26      0.00      0.00      0.00      0.00      0.00    100.00
01:44:35         27      0.00      0.00      0.00      0.00      0.00    100.00
01:44:35         28      0.00      0.00      0.00      0.00      0.00    100.00
01:44:35         29      0.00      0.00      0.00      0.00      0.00    100.00
01:44:35         30      0.00      0.00      0.00      0.00      0.00    100.00
01:44:35         31      0.00      0.00      0.00      0.00      0.00    100.00
01:44:35         32      0.00      0.00      0.00      0.00      0.00    100.00
01:44:35         33      0.00      0.00      0.00      0.00      0.00    100.00
01:44:35         34      0.00      0.00      0.00      0.00      0.00    100.00
01:44:35         35      0.00      0.00      0.00      0.00      0.00    100.00
01:44:35         36      0.00      0.00      0.00      0.00      0.00    100.00
01:44:35         37      0.00      0.00      0.00      0.00      0.00    100.00
01:44:35         38      0.00      0.00      0.00      0.00      0.00    100.00
01:44:35         39      0.00      0.00      0.00      0.00      0.00    100.00

01:44:35        CPU     %user     %nice   %system   %iowait    %steal     %idle
01:44:36        all      0.00      0.00      0.03      0.00      0.00     99.97
01:44:36          0      0.00      0.00      1.00      0.00      0.00     99.00
01:44:36          1      0.00      0.00      0.00      0.00      0.00    100.00
01:44:36          2      0.00      0.00      0.00      0.00      0.00    100.00
01:44:36          3      0.00      0.00      0.99      0.00      0.00     99.01
01:44:36          4      0.00      0.00      0.00      0.00      0.00    100.00
01:44:36          5      0.00      0.00      0.00      0.00      0.00    100.00
01:44:36          6      0.00      0.00      0.00      0.00      0.00    100.00
01:44:36          7      0.99      0.00      0.00      0.00      0.00     99.01
01:44:36          8      0.00      0.00      0.00      0.00      0.00    100.00
01:44:36          9      0.00      0.00      0.00      0.00      0.00    100.00
01:44:36         10      0.00      0.00      0.00      0.00      0.00    100.00
01:44:36         11      0.00      0.00      0.00      0.00      0.00    100.00
01:44:36         12      0.00      0.00      0.00      0.00      0.00    100.00
01:44:36         13      0.00      0.00      0.00      0.00      0.00    100.00
01:44:36         14      0.00      0.00      0.00      0.00      0.00    100.00
01:44:36         15      0.00      0.00      0.00      0.00      0.00    100.00
01:44:36         16      0.00      0.00      0.00      0.00      0.00    100.00
01:44:36         17      0.00      0.00      0.00      0.00      0.00    100.00
01:44:36         18      0.00      0.00      0.00      0.00      0.00    100.00
01:44:36         19      0.00      0.00      0.00      0.00      0.00    100.00
01:44:36         20      0.00      0.00      0.00      0.00      0.00    100.00
01:44:36         21      0.00      0.00      0.00      0.00      0.00    100.00
01:44:36         22      0.00      0.00      0.00      0.00      0.00    100.00
01:44:36         23      0.00      0.00      0.00      0.00      0.00    100.00
01:44:36         24      0.00      0.00      0.00      0.00      0.00    100.00
01:44:36         25      0.00      0.00      0.00      0.00      0.00    100.00
01:44:36         26      0.00      0.00      0.00      0.00      0.00    100.00
01:44:36         27      0.00      0.00      0.00      0.00      0.00    100.00
01:44:36         28      0.00      0.00      0.00      0.00      0.00    100.00
01:44:36         29      0.00      0.00      0.00      0.00      0.00    100.00
01:44:36         30      0.00      0.00      0.00      0.00      0.00    100.00
01:44:36         31      0.00      0.00      0.00      0.00      0.00    100.00
01:44:36         32      0.00      0.00      0.00      0.00      0.00    100.00
01:44:36         33      0.00      0.00      0.00      0.00      0.00    100.00
01:44:36         34      0.00      0.00      0.00      0.00      0.00    100.00
01:44:36         35      0.00      0.00      0.00      0.00      0.00    100.00
01:44:36         36      0.00      0.00      0.00      0.00      0.00    100.00
01:44:36         37      0.00      0.00      0.00      0.00      0.00    100.00
01:44:36         38      0.00      0.00      0.00      0.00      0.00    100.00
01:44:36         39      0.00      0.00      0.00      0.00      0.00    100.00

01:44:36        CPU     %user     %nice   %system   %iowait    %steal     %idle
01:44:37        all      0.03      0.00      0.00      0.00      0.00     99.98
01:44:37          0      0.99      0.00      0.00      0.00      0.00     99.01
01:44:37          1      0.00      0.00      0.00      0.00      0.00    100.00
01:44:37          2      0.00      0.00      0.00      0.00      0.00    100.00
01:44:37          3      0.00      0.00      0.00      0.00      0.00    100.00
01:44:37          4      0.00      0.00      0.00      0.00      0.00    100.00
01:44:37          5      0.00      0.00      0.00      0.00      0.00    100.00
01:44:37          6      0.00      0.00      0.00      0.00      0.00    100.00
01:44:37          7      0.00      0.00      0.00      0.00      0.00    100.00
01:44:37          8      0.00      0.00      0.00      0.00      0.00    100.00
01:44:37          9      0.00      0.00      0.00      0.00      0.00    100.00
01:44:37         10      0.00      0.00      0.00      0.00      0.00    100.00
01:44:37         11      0.00      0.00      0.00      0.00      0.00    100.00
01:44:37         12      0.00      0.00      0.00      0.00      0.00    100.00
01:44:37         13      0.99      0.00      0.00      0.00      0.00     99.01
01:44:37         14      0.00      0.00      0.00      0.00      0.00    100.00
01:44:37         15      0.00      0.00      0.00      0.00      0.00    100.00
01:44:37         16      0.00      0.00      0.00      0.00      0.00    100.00
01:44:37         17      0.00      0.00      0.00      0.00      0.00    100.00
01:44:37         18      0.00      0.00      0.00      0.00      0.00    100.00
01:44:37         19      0.00      0.00      0.00      0.00      0.00    100.00
01:44:37         20      0.00      0.00      0.00      0.00      0.00    100.00
01:44:37         21      0.00      0.00      0.00      0.00      0.00    100.00
01:44:37         22      0.00      0.00      0.00      0.00      0.00    100.00
01:44:37         23      0.00      0.00      0.00      0.00      0.00    100.00
01:44:37         24      0.00      0.00      0.00      0.00      0.00    100.00
01:44:37         25      0.00      0.00      1.00      0.00      0.00     99.00
01:44:37         26      0.00      0.00      0.00      0.00      0.00    100.00
01:44:37         27      0.00      0.00      0.00      0.00      0.00    100.00
01:44:37         28      0.00      0.00      0.00      0.00      0.00    100.00
01:44:37         29      0.00      0.00      0.00      0.00      0.00    100.00
01:44:37         30      0.00      0.00      0.00      0.00      0.00    100.00
01:44:37         31      0.00      0.00      0.00      0.00      0.00    100.00
01:44:37         32      0.00      0.00      0.00      0.00      0.00    100.00
01:44:37         33      0.00      0.00      0.00      0.00      0.00    100.00
01:44:37         34      0.00      0.00      0.00      0.00      0.00    100.00
01:44:37         35      0.00      0.00      0.00      0.00      0.00    100.00
01:44:37         36      0.00      0.00      0.00      0.00      0.00    100.00
01:44:37         37      0.00      0.00      0.00      0.00      0.00    100.00
01:44:37         38      0.00      0.00      0.00      0.00      0.00    100.00
01:44:37         39      0.00      0.00      0.00      0.00      0.00    100.00

01:44:37        CPU     %user     %nice   %system   %iowait    %steal     %idle
01:44:38        all      0.03      0.00      0.03      0.00      0.00     99.95
01:44:38          0      0.00      0.00      0.00      0.00      0.00    100.00
01:44:38          1      0.00      0.00      0.00      0.00      0.00    100.00
01:44:38          2      0.00      0.00      0.00      0.00      0.00    100.00
01:44:38          3      0.00      0.00      0.00      0.00      0.00    100.00
01:44:38          4      0.00      0.00      0.00      0.00      0.00    100.00
01:44:38          5      0.00      0.00      0.00      0.00      0.00    100.00
01:44:38          6      0.00      0.00      0.00      0.00      0.00    100.00
01:44:38          7      0.00      0.00      1.00      0.00      0.00     99.00
01:44:38          8      0.00      0.00      0.00      0.00      0.00    100.00
01:44:38          9      0.00      0.00      0.00      0.00      0.00    100.00
01:44:38         10      0.00      0.00      0.00      0.00      0.00    100.00
01:44:38         11      0.00      0.00      0.00      0.00      0.00    100.00
01:44:38         12      0.00      0.00      0.00      0.00      0.00    100.00
01:44:38         13      0.00      0.00      0.00      0.00      0.00    100.00
01:44:38         14      0.00      0.00      0.00      0.00      0.00    100.00
01:44:38         15      0.00      0.00      0.00      0.00      0.00    100.00
01:44:38         16      0.00      0.00      0.00      0.00      0.00    100.00
01:44:38         17      0.00      0.00      0.00      0.00      0.00    100.00
01:44:38         18      0.00      0.00      0.00      0.00      0.00    100.00
01:44:38         19      0.00      0.00      0.00      0.00      0.00    100.00
01:44:38         20      0.00      0.00      0.00      0.00      0.00    100.00
01:44:38         21      0.00      0.00      0.00      0.00      0.00    100.00
01:44:38         22      0.00      0.00      0.00      0.00      0.00    100.00
01:44:38         23      0.00      0.00      0.00      0.00      0.00    100.00
01:44:38         24      0.00      0.00      0.00      0.00      0.00    100.00
01:44:38         25      0.00      0.00      0.00      0.00      0.00    100.00
01:44:38         26      0.00      0.00      0.00      0.00      0.00    100.00
01:44:38         27      0.00      0.00      0.00      0.00      0.00    100.00
01:44:38         28      0.00      0.00      0.00      0.00      0.00    100.00
01:44:38         29      0.00      0.00      0.00      0.00      0.00    100.00
01:44:38         30      0.00      0.00      0.00      0.00      0.00    100.00
01:44:38         31      0.00      0.00      0.00      0.00      0.00    100.00
01:44:38         32      0.00      0.00      0.00      0.00      0.00    100.00
01:44:38         33      0.00      0.00      0.00      0.00      0.00    100.00
01:44:38         34      0.00      0.00      0.00      0.00      0.00    100.00
01:44:38         35      0.00      0.00      0.00      0.00      0.00    100.00
01:44:38         36      0.00      0.00      0.00      0.00      0.00    100.00
01:44:38         37      0.00      0.00      0.00      0.00      0.00    100.00
01:44:38         38      0.00      0.00      0.00      0.00      0.00    100.00
01:44:38         39      0.00      0.00      0.00      0.00      0.00    100.00

01:44:38        CPU     %user     %nice   %system   %iowait    %steal     %idle
01:44:39        all      0.03      0.00      0.03      0.00      0.00     99.95
01:44:39          0      0.99      0.00      0.00      0.00      0.00     99.01
01:44:39          1      0.00      0.00      0.00      0.00      0.00    100.00
01:44:39          2      0.00      0.00      0.00      0.00      0.00    100.00
01:44:39          3      0.98      0.00      0.98      0.00      0.00     98.04
01:44:39          4      0.00      0.00      0.00      0.00      0.00    100.00
01:44:39          5      0.00      0.00      0.00      0.00      0.00    100.00
01:44:39          6      0.00      0.00      0.00      0.00      0.00    100.00
01:44:39          7      0.00      0.00      0.00      0.00      0.00    100.00
01:44:39          8      0.00      0.00      0.00      0.00      0.00    100.00
01:44:39          9      0.00      0.00      0.00      0.00      0.00    100.00
01:44:39         10      0.00      0.00      0.00      0.00      0.00    100.00
01:44:39         11      0.00      0.00      0.00      0.00      0.00    100.00
01:44:39         12      0.00      0.00      0.00      0.00      0.00    100.00
01:44:39         13      0.00      0.00      0.00      0.00      0.00    100.00
01:44:39         14      0.00      0.00      0.00      0.00      0.00    100.00
01:44:39         15      0.00      0.00      0.00      0.00      0.00    100.00
01:44:39         16      0.00      0.00      0.00      0.00      0.00    100.00
01:44:39         17      0.00      0.00      0.00      0.00      0.00    100.00
01:44:39         18      0.00      0.00      0.00      0.00      0.00    100.00
01:44:39         19      0.00      0.00      0.00      0.00      0.00    100.00
01:44:39         20      0.00      0.00      0.00      0.00      0.00    100.00
01:44:39         21      0.00      0.00      0.00      0.00      0.00    100.00
01:44:39         22      0.00      0.00      0.00      0.00      0.00    100.00
01:44:39         23      0.00      0.00      0.00      0.00      0.00    100.00
01:44:39         24      0.00      0.00      0.00      0.00      0.00    100.00
01:44:39         25      0.00      0.00      0.00      0.00      0.00    100.00
01:44:39         26      0.00      0.00      0.00      0.00      0.00    100.00
01:44:39         27      0.00      0.00      0.00      0.00      0.00    100.00
01:44:39         28      0.00      0.00      0.00      0.00      0.00    100.00
01:44:39         29      0.00      0.00      0.00      0.00      0.00    100.00
01:44:39         30      0.00      0.00      0.00      0.00      0.00    100.00
01:44:39         31      0.00      0.00      0.00      0.00      0.00    100.00
01:44:39         32      0.00      0.00      0.00      0.00      0.00    100.00
01:44:39         33      0.00      0.00      0.00      0.00      0.00    100.00
01:44:39         34      0.00      0.00      0.00      0.00      0.00    100.00
01:44:39         35      0.00      0.00      0.00      0.00      0.00    100.00
01:44:39         36      0.00      0.00      0.00      0.00      0.00    100.00
01:44:39         37      0.00      0.00      0.00      0.00      0.00    100.00
01:44:39         38      0.00      0.00      0.00      0.00      0.00    100.00
01:44:39         39      0.00      0.00      0.00      0.00      0.00    100.00

01:44:39        CPU     %user     %nice   %system   %iowait    %steal     %idle
01:44:40        all      0.00      0.00      0.03      0.00      0.00     99.98
01:44:40          0      0.00      0.00      0.00      0.00      0.00    100.00
01:44:40          1      0.00      0.00      0.00      0.00      0.00    100.00
01:44:40          2      0.00      0.00      0.00      0.00      0.00    100.00
01:44:40          3      0.00      0.00      0.00      0.00      0.00    100.00
01:44:40          4      0.00      0.00      0.00      0.00      0.00    100.00
01:44:40          5      0.00      0.00      0.00      0.00      0.00    100.00
01:44:40          6      0.00      0.00      0.00      0.00      0.00    100.00
01:44:40          7      0.00      0.00      0.00      0.00      0.00    100.00
01:44:40          8      0.00      0.00      0.00      0.00      0.00    100.00
01:44:40          9      0.00      0.00      0.00      0.00      0.00    100.00
01:44:40         10      0.00      0.00      0.00      0.00      0.00    100.00
01:44:40         11      0.00      0.00      0.00      0.00      0.00    100.00
01:44:40         12      0.00      0.00      0.00      0.00      0.00    100.00
01:44:40         13      0.00      0.00      0.00      0.00      0.00    100.00
01:44:40         14      0.00      0.00      0.00      0.00      0.00    100.00
01:44:40         15      0.00      0.00      0.00      0.00      0.00    100.00
01:44:40         16      0.00      0.00      0.00      0.00      0.00    100.00
01:44:40         17      0.00      0.00      0.00      0.00      0.00    100.00
01:44:40         18      0.00      0.00      0.00      0.00      0.00    100.00
01:44:40         19      0.00      0.00      0.00      0.00      0.00    100.00
01:44:40         20      0.00      0.00      0.00      0.00      0.00    100.00
01:44:40         21      0.00      0.00      0.00      0.00      0.00    100.00
01:44:40         22      0.00      0.00      0.00      0.00      0.00    100.00
01:44:40         23      0.00      0.00      0.00      0.00      0.00    100.00
01:44:40         24      0.00      0.00      0.00      0.00      0.00    100.00
01:44:40         25      0.00      0.00      0.00      0.00      0.00    100.00
01:44:40         26      0.00      0.00      0.00      0.00      0.00    100.00
01:44:40         27      0.00      0.00      0.00      0.00      0.00    100.00
01:44:40         28      0.00      0.00      0.00      0.00      0.00    100.00
01:44:40         29      0.00      0.00      0.00      0.00      0.00    100.00
01:44:40         30      0.00      0.00      0.00      0.00      0.00    100.00
01:44:40         31      0.00      0.00      0.00      0.00      0.00    100.00
01:44:40         32      0.00      0.00      0.00      0.00      0.00    100.00
01:44:40         33      0.00      0.00      0.00      0.00      0.00    100.00
01:44:40         34      0.00      0.00      0.00      0.00      0.00    100.00
01:44:40         35      0.00      0.00      0.00      0.00      0.00    100.00
01:44:40         36      0.00      0.00      0.00      0.00      0.00    100.00
01:44:40         37      0.00      0.00      0.00      0.00      0.00    100.00
01:44:40         38      0.00      0.00      0.00      0.00      0.00    100.00
01:44:40         39      0.00      0.00      0.00      0.00      0.00    100.00

01:44:40        CPU     %user     %nice   %system   %iowait    %steal     %idle
01:44:41        all      0.02      0.00      0.02      0.02      0.00     99.93
01:44:41          0      0.00      0.00      0.00      0.00      0.00    100.00
01:44:41          1      0.00      0.00      0.00      0.00      0.00    100.00
01:44:41          2      0.00      0.00      0.00      0.00      0.00    100.00
01:44:41          3      0.00      0.00      0.00      0.00      0.00    100.00
01:44:41          4      0.00      0.00      0.00      0.00      0.00    100.00
01:44:41          5      0.00      0.00      0.00      0.00      0.00    100.00
01:44:41          6      0.00      0.00      0.00      0.00      0.00    100.00
01:44:41          7      0.00      0.00      0.00      0.00      0.00    100.00
01:44:41          8      0.00      0.00      0.00      0.00      0.00    100.00
01:44:41          9      0.00      0.00      0.00      0.00      0.00    100.00
01:44:41         10      0.00      0.00      0.00      0.00      0.00    100.00
01:44:41         11      0.00      0.00      0.00      0.00      0.00    100.00
01:44:41         12      0.00      0.00      0.00      0.00      0.00    100.00
01:44:41         13      0.00      0.00      0.00      0.00      0.00    100.00
01:44:41         14      0.00      0.00      0.00      0.00      0.00    100.00
01:44:41         15      0.00      0.00      0.00      0.00      0.00    100.00
01:44:41         16      0.00      0.00      0.00      0.00      0.00    100.00
01:44:41         17      0.00      0.00      0.00      0.00      0.00    100.00
01:44:41         18      0.00      0.00      0.00      0.00      0.00    100.00
01:44:41         19      0.00      0.00      0.00      0.00      0.00    100.00
01:44:41         20      0.00      0.00      0.00      0.00      0.00    100.00
01:44:41         21      0.00      0.00      0.00      0.00      0.00    100.00
01:44:41         22      0.00      0.00      0.00      0.00      0.00    100.00
01:44:41         23      0.00      0.00      0.00      0.00      0.00    100.00
01:44:41         24      0.00      0.00      0.00      0.00      0.00    100.00
01:44:41         25      0.00      0.00      0.00      0.00      0.00    100.00
01:44:41         26      0.00      0.00      0.00      0.00      0.00    100.00
01:44:41         27      0.00      0.00      0.00      0.00      0.00    100.00
01:44:41         28      0.00      0.00      0.00      0.00      0.00    100.00
01:44:41         29      0.00      0.00      0.00      0.00      0.00    100.00
01:44:41         30      0.00      0.00      0.00      0.00      0.00    100.00
01:44:41         31      0.00      0.00      0.00      0.00      0.00    100.00
01:44:41         32      0.00      0.00      0.00      0.00      0.00    100.00
01:44:41         33      0.00      0.00      0.00      0.00      0.00    100.00
01:44:41         34      0.00      0.00      0.00      0.00      0.00    100.00
01:44:41         35      0.00      0.00      0.00      0.00      0.00    100.00
01:44:41         36      0.00      0.00      0.00      0.00      0.00    100.00
01:44:41         37      0.00      0.00      0.00      0.00      0.00    100.00
01:44:41         38      0.00      0.00      0.00      0.00      0.00    100.00
01:44:41         39      0.00      0.00      0.00      0.00      0.00    100.00

01:44:41        CPU     %user     %nice   %system   %iowait    %steal     %idle
01:44:42        all      0.43      0.00      0.10      0.00      0.00     99.47
01:44:42          0      0.00      0.00      0.00      0.00      0.00    100.00
01:44:42          1      0.00      0.00      0.00      0.00      0.00    100.00
01:44:42          2      0.00      0.00      0.00      0.00      0.00    100.00
01:44:42          3      1.00      0.00      0.00      0.00      0.00     99.00
01:44:42          4      0.00      0.00      0.00      0.00      0.00    100.00
01:44:42          5      0.00      0.00      0.00      0.00      0.00    100.00
01:44:42          6      0.00      0.00      0.00      0.00      0.00    100.00
01:44:42          7      0.00      0.00      0.00      0.00      0.00    100.00
01:44:42          8      0.00      0.00      0.00      0.00      0.00    100.00
01:44:42          9      0.00      0.00      0.00      0.00      0.00    100.00
01:44:42         10      0.00      0.00      0.00      0.00      0.00    100.00
01:44:42         11      0.00      0.00      0.00      0.00      0.00    100.00
01:44:42         12      0.00      0.00      0.00      0.00      0.00    100.00
01:44:42         13      0.00      0.00      0.00      0.00      0.00    100.00
01:44:42         14      0.00      0.00      0.99      0.00      0.00     99.01
01:44:42         15      0.00      0.00      0.00      0.00      0.00    100.00
01:44:42         16      0.00      0.00      0.00      0.00      0.00    100.00
01:44:42         17      0.00      0.00      0.00      0.00      0.00    100.00
01:44:42         18      0.00      0.00      0.00      0.00      0.00    100.00
01:44:42         19      9.00      0.00      1.00      0.00      0.00     90.00
01:44:42         20      0.00      0.00      0.00      0.00      0.00    100.00
01:44:42         21      0.00      0.00      0.00      0.00      0.00    100.00
01:44:42         22      0.00      0.00      0.00      0.00      0.00    100.00
01:44:42         23      0.00      0.00      0.00      0.00      0.00    100.00
01:44:42         24      0.99      0.00      0.00      0.00      0.00     99.01
01:44:42         25      0.00      0.00      0.00      0.00      0.00    100.00
01:44:42         26      0.00      0.00      0.00      0.00      0.00    100.00
01:44:42         27      0.00      0.00      0.00      0.00      0.00    100.00
01:44:42         28      0.00      0.00      0.00      0.00      0.00    100.00
01:44:42         29      1.98      0.00      0.99      0.00      0.00     97.03
01:44:42         30      0.00      0.00      0.00      0.00      0.00    100.00
01:44:42         31      0.00      0.00      0.00      0.00      0.00    100.00
01:44:42         32      0.00      0.00      0.00      0.00      0.00    100.00
01:44:42         33      0.00      0.00      0.00      0.00      0.00    100.00
01:44:42         34      0.00      0.00      0.00      0.00      0.00    100.00
01:44:42         35      0.00      0.00      0.00      0.00      0.00    100.00
01:44:42         36      0.00      0.00      0.00      0.00      0.00    100.00
01:44:42         37      0.00      0.00      0.00      0.00      0.00    100.00
01:44:42         38      0.00      0.00      0.00      0.00      0.00    100.00
01:44:42         39      4.00      0.00      0.00      0.00      0.00     96.00

01:44:42        CPU     %user     %nice   %system   %iowait    %steal     %idle
01:44:43        all      1.33      0.00      0.40      0.03      0.00     98.25
01:44:43          0      0.99      0.00      0.99      0.00      0.00     98.02
01:44:43          1      0.00      0.00      0.00      0.00      0.00    100.00
01:44:43          2      0.00      0.00      1.01      0.00      0.00     98.99
01:44:43          3      0.99      0.00      0.99      0.00      0.00     98.02
01:44:43          4      0.00      0.00      0.00      0.00      0.00    100.00
01:44:43          5     26.26      0.00      4.04      0.00      0.00     69.70
01:44:43          6      0.00      0.00      0.00      0.00      0.00    100.00
01:44:43          7      0.00      0.00      1.00      0.00      0.00     99.00
01:44:43          8      0.00      0.00      1.00      0.00      0.00     99.00
01:44:43          9      2.00      0.00      0.00      0.00      0.00     98.00
01:44:43         10      2.02      0.00      0.00      0.00      0.00     97.98
01:44:43         11      0.00      0.00      0.00      0.00      0.00    100.00
01:44:43         12      0.99      0.00      0.99      0.00      0.00     98.02
01:44:43         13      0.00      0.00      1.00      0.00      0.00     99.00
01:44:43         14      0.00      0.00      0.00      0.00      0.00    100.00
01:44:43         15      0.00      0.00      0.99      0.00      0.00     99.01
01:44:43         16      0.00      0.00      0.00      0.00      0.00    100.00
01:44:43         17      2.02      0.00      2.02      1.01      0.00     94.95
01:44:43         18      0.00      0.00      0.00      0.00      0.00    100.00
01:44:43         19      5.94      0.00      0.99      0.00      0.00     93.07
01:44:43         20      0.00      0.00      0.00      0.00      0.00    100.00
01:44:43         21      0.00      0.00      0.00      0.00      0.00    100.00
01:44:43         22      0.00      0.00      0.00      0.00      0.00    100.00
01:44:43         23      6.93      0.00      0.99      0.00      0.00     92.08
01:44:43         24      0.00      0.00      1.00      0.00      0.00     99.00
01:44:43         25      0.00      0.00      0.99      0.00      0.00     99.01
01:44:43         26      0.00      0.00      1.00      0.00      0.00     99.00
01:44:43         27      0.00      0.00      0.00      0.00      0.00    100.00
01:44:43         28      0.00      0.00      0.00      0.00      0.00    100.00
01:44:43         29      5.05      0.00      0.00      0.00      0.00     94.95
01:44:43         30      0.00      0.00      0.00      0.00      0.00    100.00
01:44:43         31      0.00      0.00      0.00      0.00      0.00    100.00
01:44:43         32      0.00      0.00      0.00      0.00      0.00    100.00
01:44:43         33      0.00      0.00      0.00      0.00      0.00    100.00
01:44:43         34      0.00      0.00      0.00      0.00      0.00    100.00
01:44:43         35      0.00      0.00      0.00      0.00      0.00    100.00
01:44:43         36      0.00      0.00      0.00      0.00      0.00    100.00
01:44:43         37      0.00      0.00      0.00      0.00      0.00    100.00
01:44:43         38      0.00      0.00      0.00      0.00      0.00    100.00
01:44:43         39      0.00      0.00      0.00      0.00      0.00    100.00

01:44:43        CPU     %user     %nice   %system   %iowait    %steal     %idle
01:44:44        all      0.03      0.00      0.03      0.00      0.00     99.95
01:44:44          0      0.00      0.00      0.00      0.00      0.00    100.00
01:44:44          1      0.00      0.00      0.00      0.00      0.00    100.00
01:44:44          2      0.00      0.00      0.00      0.00      0.00    100.00
01:44:44          3      0.00      0.00      0.99      0.00      0.00     99.01
01:44:44          4      0.00      0.00      0.00      0.00      0.00    100.00
01:44:44          5      0.00      0.00      0.00      0.00      0.00    100.00
01:44:44          6      0.00      0.00      0.00      0.00      0.00    100.00
01:44:44          7      0.00      0.00      0.00      0.00      0.00    100.00
01:44:44          8      0.00      0.00      0.00      0.00      0.00    100.00
01:44:44          9      0.00      0.00      0.00      0.00      0.00    100.00
01:44:44         10      0.00      0.00      0.00      0.00      0.00    100.00
01:44:44         11      0.00      0.00      0.00      0.00      0.00    100.00
01:44:44         12      0.00      0.00      0.00      0.00      0.00    100.00
01:44:44         13      0.00      0.00      0.00      0.00      0.00    100.00
01:44:44         14      0.00      0.00      0.00      0.00      0.00    100.00
01:44:44         15      0.00      0.00      0.00      0.00      0.00    100.00
01:44:44         16      0.00      0.00      0.00      0.00      0.00    100.00
01:44:44         17      0.00      0.00      0.00      0.00      0.00    100.00
01:44:44         18      0.00      0.00      0.00      0.00      0.00    100.00
01:44:44         19      0.00      0.00      0.00      0.00      0.00    100.00
01:44:44         20      0.00      0.00      0.00      0.00      0.00    100.00
01:44:44         21      0.00      0.00      0.00      0.00      0.00    100.00
01:44:44         22      0.00      0.00      0.00      0.00      0.00    100.00
01:44:44         23      0.00      0.00      0.00      0.00      0.00    100.00
01:44:44         24      0.00      0.00      0.00      0.00      0.00    100.00
01:44:44         25      0.00      0.00      0.00      0.00      0.00    100.00
01:44:44         26      0.00      0.00      0.00      0.00      0.00    100.00
01:44:44         27      0.00      0.00      0.00      0.00      0.00    100.00
01:44:44         28      0.00      0.00      0.00      0.00      0.00    100.00
01:44:44         29      0.00      0.00      0.00      0.00      0.00    100.00
01:44:44         30      0.00      0.00      0.00      0.00      0.00    100.00
01:44:44         31      0.00      0.00      0.00      0.00      0.00    100.00
01:44:44         32      0.00      0.00      0.00      0.00      0.00    100.00
01:44:44         33      0.00      0.00      0.00      0.00      0.00    100.00
01:44:44         34      0.00      0.00      0.00      0.00      0.00    100.00
01:44:44         35      0.00      0.00      0.00      0.00      0.00    100.00
01:44:44         36      0.00      0.00      0.00      0.00      0.00    100.00
01:44:44         37      0.00      0.00      0.00      0.00      0.00    100.00
01:44:44         38      0.00      0.00      0.00      0.00      0.00    100.00
01:44:44         39      0.00      0.00      0.00      0.00      0.00    100.00

01:44:44        CPU     %user     %nice   %system   %iowait    %steal     %idle
01:44:45        all      0.55      0.00      0.13      0.00      0.00     99.32
01:44:45          0      0.00      0.00      0.99      0.00      0.00     99.01
01:44:45          1      0.00      0.00      0.00      0.00      0.00    100.00
01:44:45          2     20.00      0.00      2.00      0.00      0.00     78.00
01:44:45          3      0.00      0.00      0.00      0.00      0.00    100.00
01:44:45          4      1.00      0.00      0.00      0.00      0.00     99.00
01:44:45          5      0.00      0.00      0.00      0.00      0.00    100.00
01:44:45          6      0.00      0.00      0.00      0.00      0.00    100.00
01:44:45          7      0.00      0.00      1.00      0.00      0.00     99.00
01:44:45          8      0.99      0.00      0.00      0.00      0.00     99.01
01:44:45          9      0.00      0.00      0.00      0.00      0.00    100.00
01:44:45         10      0.00      0.00      0.00      0.00      0.00    100.00
01:44:45         11      0.00      0.00      0.00      0.00      0.00    100.00
01:44:45         12      0.00      0.00      0.00      0.00      0.00    100.00
01:44:45         13      0.00      0.00      0.00      0.00      0.00    100.00
01:44:45         14      0.00      0.00      0.00      0.00      0.00    100.00
01:44:45         15      0.00      0.00      0.00      0.00      0.00    100.00
01:44:45         16      0.00      0.00      0.00      0.00      0.00    100.00
01:44:45         17      0.00      0.00      0.00      0.00      0.00    100.00
01:44:45         18      0.00      0.00      0.00      0.00      0.00    100.00
01:44:45         19      0.00      0.00      0.00      0.00      0.00    100.00
01:44:45         20      0.00      0.00      0.00      0.00      0.00    100.00
01:44:45         21      0.00      0.00      0.00      0.00      0.00    100.00
01:44:45         22      0.00      0.00      0.00      0.00      0.00    100.00
01:44:45         23      0.00      0.00      0.00      0.00      0.00    100.00
01:44:45         24      0.00      0.00      0.00      0.00      0.00    100.00
01:44:45         25      0.99      0.00      0.00      0.00      0.00     99.01
01:44:45         26      0.00      0.00      0.00      0.00      0.00    100.00
01:44:45         27      0.00      0.00      0.00      0.00      0.00    100.00
01:44:45         28      0.00      0.00      0.00      0.00      0.00    100.00
01:44:45         29      0.00      0.00      0.00      0.00      0.00    100.00
01:44:45         30      0.00      0.00      0.00      0.00      0.00    100.00
01:44:45         31      0.00      0.00      0.00      0.00      0.00    100.00
01:44:45         32      0.00      0.00      0.00      0.00      0.00    100.00
01:44:45         33      0.00      0.00      0.00      0.00      0.00    100.00
01:44:45         34      0.00      0.00      0.00      0.00      0.00    100.00
01:44:45         35      0.00      0.00      0.00      0.00      0.00    100.00
01:44:45         36      0.00      0.00      0.00      0.00      0.00    100.00
01:44:45         37      0.00      0.00      0.00      0.00      0.00    100.00
01:44:45         38      0.00      0.00      1.00      0.00      0.00     99.00
01:44:45         39      0.00      0.00      0.00      0.00      0.00    100.00
