Linux 6.6.23 (eternity2) 	05/24/25 	_x86_64_	(40 CPU)

01:44:18    kbmemfree   kbavail kbmemused  %memused kbbuffers  kbcached  kbcommit   %commit  kbactive   kbinact   kbdirty
01:44:19     64263916  64014356   1345036      2.05       244    234660   2079544      3.12     52748    277100      1096
01:44:20     64266260  64016704   1342692      2.05       244    234664   2079544      3.12     52732    276752      1508
01:44:21     64266008  64016452   1342944      2.05       244    234668   2079544      3.12     52740    276872      1520
01:44:22     64265768  64016212   1343184      2.05       244    234672   2079544      3.12     52740    276872      1524
01:44:23     64265528  64015972   1343424      2.05       244    234676   2079544      3.12     52740    276872      1528
01:44:24     64265104  64015548   1343848      2.05       244    234680   2079544      3.12     52740    276872       440
01:44:25     64264892  64015336   1344060      2.05       244    234684   2079544      3.12     52740    276872       444
01:44:26     64264892  64015336   1344060      2.05       244    234688   2079544      3.12     52740    276872       448
01:44:27     64264892  64015336   1344060      2.05       244    234692   2079544      3.12     52740    276872       452
01:44:28     64264892  64015336   1344060      2.05       244    234704   2079544      3.12     52740    276872       464
01:44:29     64264892  64015336   1344060      2.05       244    234704   2079544      3.12     52740    276864         4
01:44:30     64264892  64015336   1344060      2.05       244    234708   2079544      3.12     52740    276864        20
01:44:31     64264892  64015336   1344060      2.05       244    234712   2079544      3.12     52740    276864        24
01:44:32     64264432  64014908   1344520      2.05       244    234768   2091424      3.14     52832    287324      1888
01:44:33     64272796  64023356   1336156      2.04       244    234808   2079544      3.12     52792    277240      2436
01:44:34     64272796  64023356   1336156      2.04       244    234808   2079544      3.12     52788    277120      2436
01:44:35     64272796  64023356   1336156      2.04       244    234808   2079544      3.12     52788    277120       568
01:44:36     64272804  64023364   1336148      2.04       244    234820   2079544      3.12     52788    277120        28
01:44:37     64272824  64023384   1336128      2.04       244    234824   2079544      3.12     52788    277120        32
01:44:38     64272824  64023384   1336128      2.04       244    234828   2079544      3.12     52788    277120        36
01:44:39     64272824  64023384   1336128      2.04       244    234828   2079544      3.12     52788    277120        36
01:44:40     64272864  64023424   1336088      2.04       244    234836   2079544      3.12     52788    277120        44
01:44:41     64272864  64023424   1336088      2.04       244    234840   2079544      3.12     52788    277120        52
01:44:42     64269996  64020584   1338956      2.04       244    234852   2079552      3.12     52824    279908      1276
01:44:43     64269048  64019700   1339904      2.04       244    234984   2079544      3.12     52852    277236      1392
01:44:44     64268040  64018692   1340912      2.04       244    234992   2081888      3.13     52852    277772      1400
