Linux 6.6.23 (eternity1) 	05/24/25 	_x86_64_	(40 CPU)

01:44:06    kbmemfree   kbavail kbmemused  %memused kbbuffers  kbcached  kbcommit   %commit  kbactive   kbinact   kbdirty
01:44:07     63818436  63649532   1790432      2.73         0    393096   2965788      4.45     60820    675724      5616
01:44:08     63819048  63650144   1789820      2.73         0    393104   2965788      4.45     60792    674144      5640
01:44:09     63819084  63650180   1789784      2.73         0    393108   2965788      4.45     60792    674144      5644
01:44:10     63819288  63650396   1789580      2.73         0    393112   2965788      4.45     60792    674204      5648
01:44:11     63820160  63651268   1788708      2.73         0    393116   2965788      4.45     60792    674204      5652
01:44:12     63820160  63651268   1788708      2.73         0    393116   2965788      4.45     60792    674204      5652
01:44:13     63819984  63651092   1788884      2.73         0    393120   2965788      4.45     60792    674204      5656
01:44:14     63819984  63651092   1788884      2.73         0    393128   2965788      4.45     60792    674204      5664
01:44:15     63819496  63650604   1789372      2.73         0    393132   2965788      4.45     60792    674204      5668
01:44:16     63819544  63650652   1789324      2.73         0    393144   2965788      4.45     60792    674140      5680
01:44:17     63819448  63650556   1789420      2.73         0    393144   2965788      4.45     60792    674204      5680
01:44:18     63819052  63650160   1789816      2.73         0    393148   2965788      4.45     60792    674164      5684
01:44:19     63818800  63649908   1790068      2.73         0    393152   2965788      4.45     60792    674188      5688
01:44:20     63815560  63646736   1793308      2.73         0    393168   2967248      4.45     60808    677400      5336
01:44:21     63816996  63648360   1791872      2.73         0    393348   2967580      4.46     60880    676756      5492
01:44:22     63817944  63649392   1790924      2.73         0    393420   2965240      4.45     60892    673900      5560
01:44:23     63817960  63649408   1790908      2.73         0    393424   2965240      4.45     60892    673900      5564
01:44:24     63817960  63649408   1790908      2.73         0    393428   2965240      4.45     60892    673900      5568
01:44:25     63817960  63649408   1790908      2.73         0    393432   2965240      4.45     60892    673900      5568
01:44:26     63817960  63649408   1790908      2.73         0    393440   2965240      4.45     60892    673900      5576
01:44:27     63817960  63649408   1790908      2.73         0    393444   2965240      4.45     60892    673900      5580
01:44:28     63817720  63649168   1791148      2.73         0    393448   2965240      4.45     60892    673900      5584
01:44:29     63817720  63649168   1791148      2.73         0    393452   2965240      4.45     60892    673900      5588
01:44:30     63817720  63649168   1791148      2.73         0    393456   2965240      4.45     60892    673900      1104
01:44:31     63818352  63649800   1790516      2.73         0    393460   2965240      4.45     60892    673900      1108
01:44:32     63817860  63649308   1791008      2.73         0    393468   2969640      4.46     60896    676992       144
01:44:33     63818732  63650180   1790136      2.73         0    393468   2965240      4.45     60892    674620       144
01:44:34     63819576  63651072   1789292      2.73         0    393524   2965240      4.45     60920    673948       152
01:44:35     63819576  63651072   1789292      2.73         0    393528   2965240      4.45     60920    673948       160
01:44:36     63819324  63650820   1789544      2.73         0    393536   2965240      4.45     60920    673948        24
01:44:37     63819324  63650820   1789544      2.73         0    393540   2965240      4.45     60920    673948        28
01:44:38     63819324  63650820   1789544      2.73         0    393544   2965240      4.45     60920    673948        32
01:44:39     63819348  63650844   1789520      2.73         0    393544   2965240      4.45     60920    673948        32
01:44:40     63819108  63650664   1789760      2.73         0    393552   2965240      4.45     60920    674008        40
01:44:41     63819108  63650672   1789760      2.73         0    393564   2965240      4.45     60920    674016        16
01:44:42     63818684  63650248   1790184      2.73         0    393568   2965788      4.45     60920    674552        28
01:44:43     63814688  63646264   1794180      2.73         0    393584   2968616      4.46     60940    677200      2212
01:44:44     63816228  63647924   1792640      2.73         0    393692   2967248      4.45     61024    677440      3456
