Linux 6.6.23 (eternity1) 	05/24/25 	_x86_64_	(40 CPU)

01:55:19    kbmemfree   kbavail kbmemused  %memused kbbuffers  kbcached  kbcommit   %commit  kbactive   kbinact   kbdirty
01:55:20     63816092  63650728   1792776      2.73         0    396320   2966108      4.45     60300    678804      6200
01:55:21     63816360  63650996   1792508      2.73         0    396324   2966108      4.45     60288    678288      6204
01:55:22     63816360  63650996   1792508      2.73         0    396328   2966108      4.45     60288    678288      6208
01:55:23     63816360  63650996   1792508      2.73         0    396332   2966108      4.45     60288    678288      6212
01:55:24     63816360  63650996   1792508      2.73         0    396336   2966108      4.45     60288    678288      6216
01:55:25     63816376  63651012   1792492      2.73         0    396340   2966108      4.45     60288    678288      6220
01:55:26     63816628  63651276   1792240      2.73         0    396344   2966108      4.45     60288    678348      6224
01:55:27     63816628  63651276   1792240      2.73         0    396348   2966108      4.45     60288    678348      2192
01:55:28     63818860  63653508   1790008      2.73         0    396356   2966108      4.45     60288    678276      2068
01:55:29     63818868  63653532   1790000      2.73         0    396364   2966108      4.45     60288    678348      2076
01:55:30     63819020  63653684   1789848      2.73         0    396364   2966108      4.45     60284    678356      2076
01:55:31     63819032  63653696   1789836      2.73         0    396368   2966108      4.45     60288    678360      2080
01:55:32     63818780  63653444   1790088      2.73         0    396372   2966108      4.45     60288    678360        36
01:55:33     63794936  63629636   1813932      2.76         0    396388   2991468      4.49     60312    702052      1460
01:55:34     63792588  63627548   1816280      2.77         0    396604   2991616      4.49     60380    701648      3480
01:55:35     63808436  63643476   1800432      2.74         0    396672   2965560      4.45     60388    678028      3564
01:55:36     63808212  63643252   1800656      2.74         0    396676   2965560      4.45     60388    678028      3568
01:55:37     63808628  63643668   1800240      2.74         0    396680   2965560      4.45     60388    678028      3572
01:55:38     63808628  63643668   1800240      2.74         0    396684   2965560      4.45     60388    678028      3576
01:55:39     63808652  63643692   1800216      2.74         0    396692   2965560      4.45     60388    678028      3584
01:55:40     63808652  63643692   1800216      2.74         0    396700   2965560      4.45     60388    678028      3592
01:55:41     63808652  63643692   1800216      2.74         0    396700   2965560      4.45     60388    678028      3592
01:55:42     63808652  63643692   1800216      2.74         0    396704   2965560      4.45     60388    678028      1056
01:55:43     63808652  63643716   1800216      2.74         0    396708   2965560      4.45     60388    678052        20
01:55:44     63808652  63643716   1800216      2.74         0    396716   2965560      4.45     60388    678052        28
01:55:45     63807496  63642608   1801372      2.75         0    396768   2969960      4.46     60436    681192        32
01:55:46     63807496  63642608   1801372      2.75         0    396768   2965560      4.45     60416    678088        32
01:55:47     63808280  63643392   1800588      2.74         0    396776   2965560      4.45     60416    678088        40
01:55:48     63809220  63644332   1799648      2.74         0    396780   2965560      4.45     60416    678088        44
01:55:49     63809220  63644332   1799648      2.74         0    396788   2965560      4.45     60416    678088        52
01:55:50     63809012  63644124   1799856      2.74         0    396792   2965560      4.45     60416    678088        56
01:55:51     63809012  63644124   1799856      2.74         0    396796   2965560      4.45     60416    678088        60
01:55:52     63809012  63644124   1799856      2.74         0    396800   2965560      4.45     60416    678088        60
01:55:53     63809012  63644124   1799856      2.74         0    396808   2965560      4.45     60416    678088        12
01:55:54     63808772  63643884   1800096      2.74         0    396820   2965560      4.45     60416    678088        32
01:55:55     63808796  63643844   1800072      2.74         0    396824   2966108      4.45     60416    678620        36
01:55:56     63789256  63624304   1819612      2.77         0    396840   2990616      4.49     60440    701260      2284
01:55:57     63785672  63620924   1823196      2.78         0    397012   2991468      4.49     60508    702404      3436
