Linux 6.6.23 (eternity2) 	05/24/25 	_x86_64_	(40 CPU)

01:55:32    kbmemfree   kbavail kbmemused  %memused kbbuffers  kbcached  kbcommit   %commit  kbactive   kbinact   kbdirty
01:55:33     64265624  64017304   1343328      2.05       244    236636   2079752      3.12     52240    280336      2616
01:55:34     64265464  64017144   1343488      2.05       244    236636   2079752      3.12     52236    279660      2700
01:55:35     64265560  64017240   1343392      2.05       244    236636   2079752      3.12     52236    279660      2700
01:55:36     64265572  64017252   1343380      2.05       244    236644   2079752      3.12     52236    279660      2708
01:55:37     64265572  64017252   1343380      2.05       244    236644   2079752      3.12     52236    279660      1368
01:55:38     64265604  64017284   1343348      2.05       244    236648   2079752      3.12     52236    279712       824
01:55:39     64265620  64017300   1343332      2.05       244    236656   2079752      3.12     52236    279712       832
01:55:40     64265368  64017048   1343584      2.05       244    236660   2079752      3.12     52236    279712       836
01:55:41     64265620  64017300   1343332      2.05       244    236664   2079752      3.12     52236    279712       840
01:55:42     64265620  64017300   1343332      2.05       244    236672   2079752      3.12     52236    279712       848
01:55:43     64265620  64017300   1343332      2.05       244    236676   2079752      3.12     52236    279712       852
01:55:44     64265768  64017448   1343184      2.05       244    236680   2079752      3.12     52236    279712       856
01:55:45     64265708  64017388   1343244      2.05       244    236684   2091472      3.14     52244    281884       860
01:55:46     64268652  64020400   1340300      2.04       244    236860   2091632      3.14     52316    290472      2332
01:55:47     64275808  64027624   1333144      2.03       244    236904   2079752      3.12     52292    279992         0
01:55:48     64275568  64027384   1333384      2.03       244    236904   2079752      3.12     52292    279992         4
01:55:49     64275584  64027400   1333368      2.03       244    236912   2079752      3.12     52292    279992        24
01:55:50     64275600  64027416   1333352      2.03       244    236916   2079752      3.12     52292    279992        28
01:55:51     64275600  64027416   1333352      2.03       244    236920   2079752      3.12     52292    279992        32
01:55:52     64275600  64027416   1333352      2.03       244    236928   2079752      3.12     52292    279992        40
01:55:53     64275360  64027176   1333592      2.03       244    236932   2079752      3.12     52292    279992        44
01:55:54     64275360  64027176   1333592      2.03       244    236932   2079752      3.12     52292    279992        44
01:55:55     64274884  64026700   1334068      2.03       244    236936   2082096      3.13     52292    280428        48
01:55:56     64274272  64026096   1334680      2.03       244    236948   2079752      3.12     52312    280940      1260
01:55:57     64274268  64026092   1334684      2.03       244    236948   2079752      3.12     52352    280056      1456
01:55:58     64273392  64025284   1335560      2.04       244    237088   2082712      3.13     52360    280932        12
