Linux 6.6.23 (eternity2) 	05/24/25 	_x86_64_	(40 CPU)

01:55:30        CPU     %user     %nice   %system   %iowait    %steal     %idle
01:55:31        all      2.05      0.00      0.65      1.08      0.00     96.22
01:55:31          0      1.00      0.00      1.00      1.00      0.00     97.00
01:55:31          1      1.00      0.00      1.00      0.00      0.00     98.00
01:55:31          2      1.00      0.00      1.00      0.00      0.00     98.00
01:55:31          3      0.00      0.00      1.02      5.10      0.00     93.88
01:55:31          4     18.81      0.00      2.97      1.98      0.00     76.24
01:55:31          5      7.07      0.00      2.02     12.12      0.00     78.79
01:55:31          6      9.00      0.00      0.00      0.00      0.00     91.00
01:55:31          7      0.00      0.00      2.02     15.15      0.00     82.83
01:55:31          8      0.00      0.00      0.00      0.00      0.00    100.00
01:55:31          9      0.00      0.00      0.00      0.00      0.00    100.00
01:55:31         10      0.00      0.00      1.00      0.00      0.00     99.00
01:55:31         11      0.00      0.00      1.00      1.00      0.00     98.00
01:55:31         12      0.00      0.00      0.00      0.00      0.00    100.00
01:55:31         13      0.00      0.00      1.00      0.00      0.00     99.00
01:55:31         14     11.11      0.00      2.02      0.00      0.00     86.87
01:55:31         15      0.00      0.00      0.00      0.00      0.00    100.00
01:55:31         16      0.00      0.00      0.00      0.00      0.00    100.00
01:55:31         17      0.00      0.00      0.00      0.00      0.00    100.00
01:55:31         18      0.00      0.00      0.00      0.00      0.00    100.00
01:55:31         19      0.00      0.00      0.99      0.00      0.00     99.01
01:55:31         20      0.00      0.00      0.00      0.00      0.00    100.00
01:55:31         21      0.00      0.00      0.00      0.00      0.00    100.00
01:55:31         22      0.99      0.00      0.00      0.00      0.00     99.01
01:55:31         23      0.00      0.00      0.00      0.00      0.00    100.00
01:55:31         24      0.00      0.00      0.00      0.00      0.00    100.00
01:55:31         25      0.00      0.00      0.00      0.00      0.00    100.00
01:55:31         26      0.00      0.00      0.00      0.00      0.00    100.00
01:55:31         27      0.00      0.00      0.00      0.00      0.00    100.00
01:55:31         28      0.00      0.00      3.96      0.00      0.00     96.04
01:55:31         29      6.00      0.00      1.00      6.00      0.00     87.00
01:55:31         30      0.00      0.00      1.00      0.00      0.00     99.00
01:55:31         31      0.00      0.00      0.00      0.00      0.00    100.00
01:55:31         32      1.00      0.00      0.00      0.00      0.00     99.00
01:55:31         33      1.98      0.00      0.00      0.99      0.00     97.03
01:55:31         34     22.77      0.00      2.97      0.00      0.00     74.26
01:55:31         35      0.00      0.00      1.00      0.00      0.00     99.00
01:55:31         36      0.00      0.00      1.00      0.00      0.00     99.00
01:55:31         37      0.00      0.00      0.00      0.00      0.00    100.00
01:55:31         38      0.00      0.00      0.00      0.00      0.00    100.00
01:55:31         39      0.00      0.00      0.00      0.00      0.00    100.00

01:55:31        CPU     %user     %nice   %system   %iowait    %steal     %idle
01:55:32        all      1.88      0.00      0.40      0.10      0.00     97.62
01:55:32          0      0.00      0.00      0.00      4.04      0.00     95.96
01:55:32          1      0.00      0.00      1.01      0.00      0.00     98.99
01:55:32          2      1.00      0.00      1.00      0.00      0.00     98.00
01:55:32          3      0.00      0.00      0.00      0.00      0.00    100.00
01:55:32          4      1.01      0.00      0.00      0.00      0.00     98.99
01:55:32          5      0.00      0.00      1.00      0.00      0.00     99.00
01:55:32          6     44.00      0.00      7.00      0.00      0.00     49.00
01:55:32          7      1.98      0.00      0.00      0.00      0.00     98.02
01:55:32          8      0.00      0.00      0.00      0.00      0.00    100.00
01:55:32          9      0.00      0.00      0.00      0.00      0.00    100.00
01:55:32         10      1.00      0.00      0.00      0.00      0.00     99.00
01:55:32         11      1.00      0.00      0.00      0.00      0.00     99.00
01:55:32         12      0.00      0.00      0.00      0.00      0.00    100.00
01:55:32         13      6.00      0.00      1.00      0.00      0.00     93.00
01:55:32         14      0.00      0.00      0.00      0.00      0.00    100.00
01:55:32         15      0.00      0.00      0.00      0.00      0.00    100.00
01:55:32         16      0.00      0.00      0.00      0.00      0.00    100.00
01:55:32         17      0.00      0.00      0.00      0.00      0.00    100.00
01:55:32         18      0.00      0.00      0.00      0.00      0.00    100.00
01:55:32         19      0.00      0.00      0.00      0.00      0.00    100.00
01:55:32         20      0.00      0.00      0.00      0.00      0.00    100.00
01:55:32         21      0.00      0.00      0.00      0.00      0.00    100.00
01:55:32         22      0.00      0.00      0.00      0.00      0.00    100.00
01:55:32         23      0.00      0.00      0.00      0.00      0.00    100.00
01:55:32         24      0.00      0.00      0.00      0.00      0.00    100.00
01:55:32         25      0.00      0.00      0.00      0.00      0.00    100.00
01:55:32         26      3.03      0.00      0.00      0.00      0.00     96.97
01:55:32         27      0.99      0.00      0.00      0.00      0.00     99.01
01:55:32         28      0.99      0.00      0.00      0.00      0.00     99.01
01:55:32         29     13.00      0.00      1.00      0.00      0.00     86.00
01:55:32         30      0.00      0.00      0.00      0.00      0.00    100.00
01:55:32         31      0.00      0.00      0.00      0.00      0.00    100.00
01:55:32         32      0.00      0.00      0.00      0.00      0.00    100.00
01:55:32         33      0.00      0.00      1.00      0.00      0.00     99.00
01:55:32         34      0.00      0.00      0.00      0.00      0.00    100.00
01:55:32         35      2.00      0.00      1.00      0.00      0.00     97.00
01:55:32         36      1.00      0.00      0.00      0.00      0.00     99.00
01:55:32         37      0.00      0.00      0.00      0.00      0.00    100.00
01:55:32         38      0.00      0.00      0.00      0.00      0.00    100.00
01:55:32         39      0.00      0.00      0.00      0.00      0.00    100.00

01:55:32        CPU     %user     %nice   %system   %iowait    %steal     %idle
01:55:33        all      1.15      0.00      0.48      0.00      0.00     98.37
01:55:33          0      5.05      0.00      2.02      0.00      0.00     92.93
01:55:33          1      0.00      0.00      1.00      0.00      0.00     99.00
01:55:33          2      0.00      0.00      0.00      0.00      0.00    100.00
01:55:33          3      0.00      0.00      1.00      0.00      0.00     99.00
01:55:33          4      0.00      0.00      0.99      0.00      0.00     99.01
01:55:33          5      0.00      0.00      0.00      0.00      0.00    100.00
01:55:33          6      0.00      0.00      0.00      0.00      0.00    100.00
01:55:33          7      0.00      0.00      0.00      0.00      0.00    100.00
01:55:33          8      0.00      0.00      0.00      0.00      0.00    100.00
01:55:33          9      0.00      0.00      0.00      0.00      0.00    100.00
01:55:33         10      0.00      0.00      0.99      0.00      0.00     99.01
01:55:33         11      0.00      0.00      0.00      0.00      0.00    100.00
01:55:33         12      0.00      0.00      0.00      0.00      0.00    100.00
01:55:33         13      0.00      0.00      0.00      0.00      0.00    100.00
01:55:33         14      0.00      0.00      0.00      0.00      0.00    100.00
01:55:33         15      0.00      0.00      0.00      0.00      0.00    100.00
01:55:33         16      0.00      0.00      0.00      0.00      0.00    100.00
01:55:33         17      0.00      0.00      0.00      0.00      0.00    100.00
01:55:33         18      0.00      0.00      0.00      0.00      0.00    100.00
01:55:33         19      0.99      0.00      0.99      0.00      0.00     98.02
01:55:33         20      0.00      0.00      0.00      0.00      0.00    100.00
01:55:33         21      0.00      0.00      0.00      0.00      0.00    100.00
01:55:33         22      0.00      0.00      0.00      0.00      0.00    100.00
01:55:33         23      0.00      0.00      0.00      0.00      0.00    100.00
01:55:33         24      0.00      0.00      0.00      0.00      0.00    100.00
01:55:33         25      0.00      0.00      0.00      0.00      0.00    100.00
01:55:33         26      1.00      0.00      0.00      0.00      0.00     99.00
01:55:33         27      0.00      0.00      1.00      0.00      0.00     99.00
01:55:33         28      0.00      0.00      0.00      0.00      0.00    100.00
01:55:33         29     38.00      0.00      8.00      0.00      0.00     54.00
01:55:33         30      0.00      0.00      0.00      0.00      0.00    100.00
01:55:33         31      0.00      0.00      1.00      0.00      0.00     99.00
01:55:33         32      0.00      0.00      0.00      0.00      0.00    100.00
01:55:33         33      0.00      0.00      0.00      0.00      0.00    100.00
01:55:33         34      0.00      0.00      0.00      0.00      0.00    100.00
01:55:33         35      0.00      0.00      0.99      0.00      0.00     99.01
01:55:33         36      0.00      0.00      1.00      0.00      0.00     99.00
01:55:33         37      0.00      0.00      1.00      0.00      0.00     99.00
01:55:33         38      1.01      0.00      0.00      0.00      0.00     98.99
01:55:33         39      0.00      0.00      0.00      0.00      0.00    100.00

01:55:33        CPU     %user     %nice   %system   %iowait    %steal     %idle
01:55:34        all      0.02      0.00      0.02      0.00      0.00     99.95
01:55:34          0      0.00      0.00      0.00      0.00      0.00    100.00
01:55:34          1      0.00      0.00      0.00      0.00      0.00    100.00
01:55:34          2      0.00      0.00      0.00      0.00      0.00    100.00
01:55:34          3      0.00      0.00      0.00      0.00      0.00    100.00
01:55:34          4      0.00      0.00      0.00      0.00      0.00    100.00
01:55:34          5      0.00      0.00      0.00      0.00      0.00    100.00
01:55:34          6      0.00      0.00      0.00      0.00      0.00    100.00
01:55:34          7      0.00      0.00      0.00      0.00      0.00    100.00
01:55:34          8      0.00      0.00      0.00      0.00      0.00    100.00
01:55:34          9      0.00      0.00      0.00      0.00      0.00    100.00
01:55:34         10      0.00      0.00      0.00      0.00      0.00    100.00
01:55:34         11      0.00      0.00      0.00      0.00      0.00    100.00
01:55:34         12      0.00      0.00      0.00      0.00      0.00    100.00
01:55:34         13      0.00      0.00      0.99      0.00      0.00     99.01
01:55:34         14      0.00      0.00      0.00      0.00      0.00    100.00
01:55:34         15      0.00      0.00      0.00      0.00      0.00    100.00
01:55:34         16      0.00      0.00      0.00      0.00      0.00    100.00
01:55:34         17      0.00      0.00      0.00      0.00      0.00    100.00
01:55:34         18      0.00      0.00      0.00      0.00      0.00    100.00
01:55:34         19      0.00      0.00      0.00      0.00      0.00    100.00
01:55:34         20      0.00      0.00      0.00      0.00      0.00    100.00
01:55:34         21      0.00      0.00      0.00      0.00      0.00    100.00
01:55:34         22      0.00      0.00      0.00      0.00      0.00    100.00
01:55:34         23      0.00      0.00      0.00      0.00      0.00    100.00
01:55:34         24      0.00      0.00      0.00      0.00      0.00    100.00
01:55:34         25      0.00      0.00      0.00      0.00      0.00    100.00
01:55:34         26      0.00      0.00      0.00      0.00      0.00    100.00
01:55:34         27      0.00      0.00      0.00      0.00      0.00    100.00
01:55:34         28      0.00      0.00      0.00      0.00      0.00    100.00
01:55:34         29      0.00      0.00      0.00      0.00      0.00    100.00
01:55:34         30      0.00      0.00      0.00      0.00      0.00    100.00
01:55:34         31      0.00      0.00      0.00      0.00      0.00    100.00
01:55:34         32      0.00      0.00      0.00      0.00      0.00    100.00
01:55:34         33      0.00      0.00      0.00      0.00      0.00    100.00
01:55:34         34      0.00      0.00      0.00      0.00      0.00    100.00
01:55:34         35      0.00      0.00      0.00      0.00      0.00    100.00
01:55:34         36      0.00      0.00      0.00      0.00      0.00    100.00
01:55:34         37      0.00      0.00      0.00      0.00      0.00    100.00
01:55:34         38      0.00      0.00      0.00      0.00      0.00    100.00
01:55:34         39      0.00      0.00      0.00      0.00      0.00    100.00

01:55:34        CPU     %user     %nice   %system   %iowait    %steal     %idle
01:55:35        all      0.00      0.00      0.00      0.00      0.00    100.00
01:55:35          0      0.00      0.00      0.00      0.00      0.00    100.00
01:55:35          1      0.00      0.00      0.00      0.00      0.00    100.00
01:55:35          2      0.00      0.00      0.00      0.00      0.00    100.00
01:55:35          3      0.00      0.00      0.00      0.00      0.00    100.00
01:55:35          4      0.00      0.00      0.00      0.00      0.00    100.00
01:55:35          5      0.00      0.00      0.00      0.00      0.00    100.00
01:55:35          6      0.00      0.00      0.00      0.00      0.00    100.00
01:55:35          7      0.00      0.00      0.00      0.00      0.00    100.00
01:55:35          8      0.00      0.00      0.00      0.00      0.00    100.00
01:55:35          9      0.00      0.00      0.00      0.00      0.00    100.00
01:55:35         10      0.00      0.00      0.00      0.00      0.00    100.00
01:55:35         11      0.00      0.00      0.00      0.00      0.00    100.00
01:55:35         12      0.00      0.00      0.00      0.00      0.00    100.00
01:55:35         13      1.00      0.00      0.00      0.00      0.00     99.00
01:55:35         14      0.00      0.00      0.00      0.00      0.00    100.00
01:55:35         15      0.00      0.00      0.00      0.00      0.00    100.00
01:55:35         16      0.00      0.00      0.00      0.00      0.00    100.00
01:55:35         17      0.00      0.00      0.00      0.00      0.00    100.00
01:55:35         18      0.00      0.00      0.00      0.00      0.00    100.00
01:55:35         19      0.00      0.00      0.00      0.00      0.00    100.00
01:55:35         20      0.00      0.00      0.00      0.00      0.00    100.00
01:55:35         21      0.00      0.00      0.00      0.00      0.00    100.00
01:55:35         22      0.00      0.00      0.00      0.00      0.00    100.00
01:55:35         23      0.00      0.00      0.00      0.00      0.00    100.00
01:55:35         24      0.00      0.00      0.00      0.00      0.00    100.00
01:55:35         25      0.00      0.00      0.00      0.00      0.00    100.00
01:55:35         26      0.00      0.00      0.00      0.00      0.00    100.00
01:55:35         27      0.00      0.00      0.00      0.00      0.00    100.00
01:55:35         28      0.00      0.00      0.00      0.00      0.00    100.00
01:55:35         29      0.00      0.00      0.00      0.00      0.00    100.00
01:55:35         30      0.99      0.00      0.00      0.00      0.00     99.01
01:55:35         31      0.00      0.00      0.00      0.00      0.00    100.00
01:55:35         32      0.00      0.00      0.00      0.00      0.00    100.00
01:55:35         33      0.00      0.00      0.00      0.00      0.00    100.00
01:55:35         34      0.00      0.00      0.00      0.00      0.00    100.00
01:55:35         35      0.00      0.00      0.00      0.00      0.00    100.00
01:55:35         36      0.00      0.00      0.00      0.00      0.00    100.00
01:55:35         37      0.00      0.00      0.00      0.00      0.00    100.00
01:55:35         38      0.00      0.00      0.00      0.00      0.00    100.00
01:55:35         39      0.00      0.00      0.00      0.00      0.00    100.00

01:55:35        CPU     %user     %nice   %system   %iowait    %steal     %idle
01:55:36        all      0.03      0.00      0.00      0.00      0.00     99.98
01:55:36          0      0.00      0.00      0.00      0.00      0.00    100.00
01:55:36          1      0.00      0.00      0.00      0.00      0.00    100.00
01:55:36          2      0.00      0.00      0.00      0.00      0.00    100.00
01:55:36          3      0.00      0.00      0.00      0.00      0.00    100.00
01:55:36          4      0.00      0.00      0.00      0.00      0.00    100.00
01:55:36          5      0.00      0.00      0.00      0.00      0.00    100.00
01:55:36          6      0.00      0.00      0.00      0.00      0.00    100.00
01:55:36          7      0.00      0.00      0.00      0.00      0.00    100.00
01:55:36          8      0.00      0.00      0.00      0.00      0.00    100.00
01:55:36          9      0.00      0.00      0.00      0.00      0.00    100.00
01:55:36         10      0.00      0.00      0.00      0.00      0.00    100.00
01:55:36         11      0.00      0.00      0.00      0.00      0.00    100.00
01:55:36         12      0.00      0.00      0.00      0.00      0.00    100.00
01:55:36         13      0.00      0.00      0.00      0.00      0.00    100.00
01:55:36         14      0.00      0.00      0.00      0.00      0.00    100.00
01:55:36         15      0.00      0.00      0.00      0.00      0.00    100.00
01:55:36         16      0.00      0.00      0.00      0.00      0.00    100.00
01:55:36         17      0.00      0.00      0.00      0.00      0.00    100.00
01:55:36         18      0.00      0.00      0.00      0.00      0.00    100.00
01:55:36         19      0.00      0.00      0.00      0.00      0.00    100.00
01:55:36         20      0.00      0.00      0.00      0.00      0.00    100.00
01:55:36         21      0.00      0.00      0.00      0.00      0.00    100.00
01:55:36         22      0.00      0.00      0.00      0.00      0.00    100.00
01:55:36         23      0.00      0.00      0.00      0.00      0.00    100.00
01:55:36         24      0.00      0.00      0.00      0.00      0.00    100.00
01:55:36         25      0.00      0.00      0.00      0.00      0.00    100.00
01:55:36         26      0.00      0.00      0.00      0.00      0.00    100.00
01:55:36         27      0.00      0.00      0.00      0.00      0.00    100.00
01:55:36         28      0.00      0.00      0.00      0.00      0.00    100.00
01:55:36         29      0.00      0.00      0.00      0.00      0.00    100.00
01:55:36         30      0.00      0.00      0.00      0.00      0.00    100.00
01:55:36         31      0.00      0.00      0.00      0.00      0.00    100.00
01:55:36         32      0.00      0.00      0.00      0.00      0.00    100.00
01:55:36         33      0.00      0.00      0.00      0.00      0.00    100.00
01:55:36         34      0.00      0.00      0.00      0.00      0.00    100.00
01:55:36         35      0.00      0.00      0.00      0.00      0.00    100.00
01:55:36         36      0.00      0.00      0.00      0.00      0.00    100.00
01:55:36         37      0.00      0.00      0.00      0.00      0.00    100.00
01:55:36         38      0.00      0.00      0.00      0.00      0.00    100.00
01:55:36         39      0.00      0.00      0.00      0.00      0.00    100.00

01:55:36        CPU     %user     %nice   %system   %iowait    %steal     %idle
01:55:37        all      0.00      0.00      0.00      0.03      0.00     99.97
01:55:37          0      0.00      0.00      0.00      0.00      0.00    100.00
01:55:37          1      0.00      0.00      0.00      1.01      0.00     98.99
01:55:37          2      0.00      0.00      0.00      0.00      0.00    100.00
01:55:37          3      0.00      0.00      0.00      0.00      0.00    100.00
01:55:37          4      0.00      0.00      0.00      0.00      0.00    100.00
01:55:37          5      0.00      0.00      0.00      0.00      0.00    100.00
01:55:37          6      0.00      0.00      0.00      0.00      0.00    100.00
01:55:37          7      0.00      0.00      0.00      0.00      0.00    100.00
01:55:37          8      0.00      0.00      0.00      0.00      0.00    100.00
01:55:37          9      0.00      0.00      0.00      0.00      0.00    100.00
01:55:37         10      0.00      0.00      0.00      0.00      0.00    100.00
01:55:37         11      0.00      0.00      0.00      0.00      0.00    100.00
01:55:37         12      0.00      0.00      0.00      0.00      0.00    100.00
01:55:37         13      0.00      0.00      0.00      0.00      0.00    100.00
01:55:37         14      0.00      0.00      0.00      0.00      0.00    100.00
01:55:37         15      0.00      0.00      0.00      0.00      0.00    100.00
01:55:37         16      0.00      0.00      0.00      0.00      0.00    100.00
01:55:37         17      0.00      0.00      0.00      0.00      0.00    100.00
01:55:37         18      0.00      0.00      0.00      0.00      0.00    100.00
01:55:37         19      0.00      0.00      0.00      0.00      0.00    100.00
01:55:37         20      0.00      0.00      0.00      0.00      0.00    100.00
01:55:37         21      0.00      0.00      0.00      0.00      0.00    100.00
01:55:37         22      0.00      0.00      0.00      0.00      0.00    100.00
01:55:37         23      0.00      0.00      0.00      0.00      0.00    100.00
01:55:37         24      0.00      0.00      0.00      0.00      0.00    100.00
01:55:37         25      0.00      0.00      0.00      0.00      0.00    100.00
01:55:37         26      0.00      0.00      0.00      0.00      0.00    100.00
01:55:37         27      0.00      0.00      0.00      0.00      0.00    100.00
01:55:37         28      0.00      0.00      0.00      0.00      0.00    100.00
01:55:37         29      0.00      0.00      0.00      0.00      0.00    100.00
01:55:37         30      0.00      0.00      0.00      0.00      0.00    100.00
01:55:37         31      0.00      0.00      0.00      0.00      0.00    100.00
01:55:37         32      0.00      0.00      0.00      0.00      0.00    100.00
01:55:37         33      0.00      0.00      0.00      0.00      0.00    100.00
01:55:37         34      0.00      0.00      0.00      0.00      0.00    100.00
01:55:37         35      0.00      0.00      0.00      0.00      0.00    100.00
01:55:37         36      0.00      0.00      0.00      0.00      0.00    100.00
01:55:37         37      0.00      0.00      0.00      0.00      0.00    100.00
01:55:37         38      0.00      0.00      0.00      0.00      0.00    100.00
01:55:37         39      0.00      0.00      0.00      0.00      0.00    100.00

01:55:37        CPU     %user     %nice   %system   %iowait    %steal     %idle
01:55:38        all      0.03      0.00      0.03      0.00      0.00     99.95
01:55:38          0      0.00      0.00      0.00      0.00      0.00    100.00
01:55:38          1      0.00      0.00      1.00      0.00      0.00     99.00
01:55:38          2      0.00      0.00      0.00      0.00      0.00    100.00
01:55:38          3      0.00      0.00      0.00      0.00      0.00    100.00
01:55:38          4      0.00      0.00      0.00      0.00      0.00    100.00
01:55:38          5      0.00      0.00      0.00      0.00      0.00    100.00
01:55:38          6      0.00      0.00      0.00      0.00      0.00    100.00
01:55:38          7      0.00      0.00      0.00      0.00      0.00    100.00
01:55:38          8      0.00      0.00      0.00      0.00      0.00    100.00
01:55:38          9      0.00      0.00      0.00      0.00      0.00    100.00
01:55:38         10      0.00      0.00      0.00      0.00      0.00    100.00
01:55:38         11      0.00      0.00      0.00      0.00      0.00    100.00
01:55:38         12      0.00      0.00      0.00      0.00      0.00    100.00
01:55:38         13      0.00      0.00      0.00      0.00      0.00    100.00
01:55:38         14      0.00      0.00      0.00      0.00      0.00    100.00
01:55:38         15      0.00      0.00      0.00      0.00      0.00    100.00
01:55:38         16      0.00      0.00      0.00      0.00      0.00    100.00
01:55:38         17      0.00      0.00      0.00      0.00      0.00    100.00
01:55:38         18      0.00      0.00      0.00      0.00      0.00    100.00
01:55:38         19      0.00      0.00      0.00      0.00      0.00    100.00
01:55:38         20      0.00      0.00      0.00      0.00      0.00    100.00
01:55:38         21      0.00      0.00      0.00      0.00      0.00    100.00
01:55:38         22      0.00      0.00      0.00      0.00      0.00    100.00
01:55:38         23      0.00      0.00      0.00      0.00      0.00    100.00
01:55:38         24      0.00      0.00      0.00      0.00      0.00    100.00
01:55:38         25      0.00      0.00      0.00      0.00      0.00    100.00
01:55:38         26      0.00      0.00      0.00      0.00      0.00    100.00
01:55:38         27      0.00      0.00      0.00      0.00      0.00    100.00
01:55:38         28      0.00      0.00      0.00      0.00      0.00    100.00
01:55:38         29      0.00      0.00      0.00      0.00      0.00    100.00
01:55:38         30      0.00      0.00      0.00      0.00      0.00    100.00
01:55:38         31      0.00      0.00      0.00      0.00      0.00    100.00
01:55:38         32      0.00      0.00      0.00      0.00      0.00    100.00
01:55:38         33      0.00      0.00      0.00      0.00      0.00    100.00
01:55:38         34      0.00      0.00      0.00      0.00      0.00    100.00
01:55:38         35      0.99      0.00      0.00      0.00      0.00     99.01
01:55:38         36      0.00      0.00      0.00      0.00      0.00    100.00
01:55:38         37      0.00      0.00      0.00      0.00      0.00    100.00
01:55:38         38      0.00      0.00      0.00      0.00      0.00    100.00
01:55:38         39      0.00      0.00      0.00      0.00      0.00    100.00

01:55:38        CPU     %user     %nice   %system   %iowait    %steal     %idle
01:55:39        all      0.00      0.00      0.00      0.00      0.00    100.00
01:55:39          0      0.00      0.00      0.00      0.00      0.00    100.00
01:55:39          1      0.00      0.00      0.00      0.00      0.00    100.00
01:55:39          2      0.00      0.00      0.00      0.00      0.00    100.00
01:55:39          3      0.00      0.00      0.00      0.00      0.00    100.00
01:55:39          4      0.00      0.00      0.00      0.00      0.00    100.00
01:55:39          5      0.00      0.00      0.00      0.00      0.00    100.00
01:55:39          6      0.00      0.00      0.00      0.00      0.00    100.00
01:55:39          7      0.00      0.00      0.00      0.00      0.00    100.00
01:55:39          8      0.00      0.00      0.00      0.00      0.00    100.00
01:55:39          9      0.00      0.00      0.00      0.00      0.00    100.00
01:55:39         10      0.00      0.00      0.00      0.00      0.00    100.00
01:55:39         11      0.00      0.00      0.00      0.00      0.00    100.00
01:55:39         12      0.00      0.00      0.00      0.00      0.00    100.00
01:55:39         13      0.00      0.00      0.00      0.00      0.00    100.00
01:55:39         14      0.00      0.00      0.00      0.00      0.00    100.00
01:55:39         15      0.00      0.00      0.00      0.00      0.00    100.00
01:55:39         16      0.00      0.00      0.00      0.00      0.00    100.00
01:55:39         17      0.00      0.00      0.00      0.00      0.00    100.00
01:55:39         18      0.00      0.00      0.00      0.00      0.00    100.00
01:55:39         19      0.00      0.00      0.00      0.00      0.00    100.00
01:55:39         20      0.00      0.00      0.00      0.00      0.00    100.00
01:55:39         21      0.00      0.00      0.00      0.00      0.00    100.00
01:55:39         22      0.00      0.00      0.00      0.00      0.00    100.00
01:55:39         23      0.00      0.00      0.00      0.00      0.00    100.00
01:55:39         24      0.00      0.00      0.00      0.00      0.00    100.00
01:55:39         25      0.00      0.00      0.00      0.00      0.00    100.00
01:55:39         26      0.00      0.00      0.00      0.00      0.00    100.00
01:55:39         27      0.00      0.00      0.00      0.00      0.00    100.00
01:55:39         28      0.00      0.00      0.00      0.00      0.00    100.00
01:55:39         29      0.00      0.00      0.00      0.00      0.00    100.00
01:55:39         30      0.00      0.00      0.00      0.00      0.00    100.00
01:55:39         31      0.00      0.00      0.00      0.00      0.00    100.00
01:55:39         32      0.00      0.00      0.00      0.00      0.00    100.00
01:55:39         33      0.00      0.00      0.00      0.00      0.00    100.00
01:55:39         34      0.00      0.00      0.00      0.00      0.00    100.00
01:55:39         35      0.00      0.00      0.00      0.00      0.00    100.00
01:55:39         36      0.00      0.00      0.00      0.00      0.00    100.00
01:55:39         37      0.00      0.00      0.00      0.00      0.00    100.00
01:55:39         38      0.00      0.00      0.00      0.00      0.00    100.00
01:55:39         39      0.00      0.00      0.00      0.00      0.00    100.00

01:55:39        CPU     %user     %nice   %system   %iowait    %steal     %idle
01:55:40        all      0.00      0.00      0.00      0.00      0.00    100.00
01:55:40          0      0.00      0.00      0.00      0.00      0.00    100.00
01:55:40          1      0.00      0.00      0.00      0.00      0.00    100.00
01:55:40          2      0.00      0.00      0.00      0.00      0.00    100.00
01:55:40          3      0.00      0.00      0.00      0.00      0.00    100.00
01:55:40          4      0.00      0.00      0.00      0.00      0.00    100.00
01:55:40          5      0.00      0.00      0.00      0.00      0.00    100.00
01:55:40          6      0.00      0.00      0.00      0.00      0.00    100.00
01:55:40          7      0.00      0.00      0.00      0.00      0.00    100.00
01:55:40          8      0.00      0.00      0.00      0.00      0.00    100.00
01:55:40          9      0.00      0.00      0.00      0.00      0.00    100.00
01:55:40         10      0.00      0.00      0.00      0.00      0.00    100.00
01:55:40         11      0.00      0.00      0.00      0.00      0.00    100.00
01:55:40         12      0.00      0.00      0.00      0.00      0.00    100.00
01:55:40         13      0.00      0.00      0.00      0.00      0.00    100.00
01:55:40         14      0.00      0.00      0.00      0.00      0.00    100.00
01:55:40         15      0.00      0.00      0.00      0.00      0.00    100.00
01:55:40         16      0.00      0.00      0.00      0.00      0.00    100.00
01:55:40         17      0.00      0.00      0.00      0.00      0.00    100.00
01:55:40         18      0.00      0.00      0.00      0.00      0.00    100.00
01:55:40         19      0.00      0.00      0.00      0.00      0.00    100.00
01:55:40         20      0.00      0.00      0.00      0.00      0.00    100.00
01:55:40         21      0.00      0.00      0.00      0.00      0.00    100.00
01:55:40         22      0.00      0.00      0.00      0.00      0.00    100.00
01:55:40         23      0.00      0.00      0.00      0.00      0.00    100.00
01:55:40         24      0.00      0.00      0.00      0.00      0.00    100.00
01:55:40         25      0.00      0.00      0.00      0.00      0.00    100.00
01:55:40         26      0.00      0.00      0.00      0.00      0.00    100.00
01:55:40         27      0.00      0.00      0.00      0.00      0.00    100.00
01:55:40         28      0.00      0.00      0.00      0.00      0.00    100.00
01:55:40         29      0.00      0.00      0.00      0.00      0.00    100.00
01:55:40         30      0.00      0.00      0.00      0.00      0.00    100.00
01:55:40         31      0.00      0.00      0.00      0.00      0.00    100.00
01:55:40         32      0.00      0.00      0.00      0.00      0.00    100.00
01:55:40         33      0.00      0.00      0.00      0.00      0.00    100.00
01:55:40         34      0.00      0.00      0.00      0.00      0.00    100.00
01:55:40         35      0.00      0.00      0.00      0.00      0.00    100.00
01:55:40         36      0.00      0.00      0.00      0.00      0.00    100.00
01:55:40         37      0.00      0.00      0.00      0.00      0.00    100.00
01:55:40         38      0.00      0.00      0.00      0.00      0.00    100.00
01:55:40         39      0.00      0.00      0.00      0.00      0.00    100.00

01:55:40        CPU     %user     %nice   %system   %iowait    %steal     %idle
01:55:41        all      0.00      0.00      0.03      0.00      0.00     99.98
01:55:41          0      0.00      0.00      0.00      0.00      0.00    100.00
01:55:41          1      0.00      0.00      0.00      0.00      0.00    100.00
01:55:41          2      0.00      0.00      0.00      0.00      0.00    100.00
01:55:41          3      0.00      0.00      0.00      0.00      0.00    100.00
01:55:41          4      0.00      0.00      0.00      0.00      0.00    100.00
01:55:41          5      0.00      0.00      0.00      0.00      0.00    100.00
01:55:41          6      0.00      0.00      0.00      0.00      0.00    100.00
01:55:41          7      0.00      0.00      0.99      0.00      0.00     99.01
01:55:41          8      0.00      0.00      0.00      0.00      0.00    100.00
01:55:41          9      0.00      0.00      0.00      0.00      0.00    100.00
01:55:41         10      0.00      0.00      0.00      0.00      0.00    100.00
01:55:41         11      0.00      0.00      0.00      0.00      0.00    100.00
01:55:41         12      0.00      0.00      0.00      0.00      0.00    100.00
01:55:41         13      0.00      0.00      0.00      0.00      0.00    100.00
01:55:41         14      0.00      0.00      0.00      0.00      0.00    100.00
01:55:41         15      0.00      0.00      0.00      0.00      0.00    100.00
01:55:41         16      0.00      0.00      0.00      0.00      0.00    100.00
01:55:41         17      0.00      0.00      0.00      0.00      0.00    100.00
01:55:41         18      0.00      0.00      0.00      0.00      0.00    100.00
01:55:41         19      0.00      0.00      0.00      0.00      0.00    100.00
01:55:41         20      0.00      0.00      0.00      0.00      0.00    100.00
01:55:41         21      0.00      0.00      0.00      0.00      0.00    100.00
01:55:41         22      0.00      0.00      0.00      0.00      0.00    100.00
01:55:41         23      0.00      0.00      0.00      0.00      0.00    100.00
01:55:41         24      0.00      0.00      0.00      0.00      0.00    100.00
01:55:41         25      0.00      0.00      0.00      0.00      0.00    100.00
01:55:41         26      0.00      0.00      0.00      0.00      0.00    100.00
01:55:41         27      0.00      0.00      0.00      0.00      0.00    100.00
01:55:41         28      0.00      0.00      0.00      0.00      0.00    100.00
01:55:41         29      0.00      0.00      0.00      0.00      0.00    100.00
01:55:41         30      0.00      0.00      0.00      0.00      0.00    100.00
01:55:41         31      0.00      0.00      0.00      0.00      0.00    100.00
01:55:41         32      0.00      0.00      0.00      0.00      0.00    100.00
01:55:41         33      0.00      0.00      0.00      0.00      0.00    100.00
01:55:41         34      0.00      0.00      0.00      0.00      0.00    100.00
01:55:41         35      0.00      0.00      0.00      0.00      0.00    100.00
01:55:41         36      0.00      0.00      0.00      0.00      0.00    100.00
01:55:41         37      0.00      0.00      0.00      0.00      0.00    100.00
01:55:41         38      0.00      0.00      0.00      0.00      0.00    100.00
01:55:41         39      0.00      0.00      0.00      0.00      0.00    100.00

01:55:41        CPU     %user     %nice   %system   %iowait    %steal     %idle
01:55:42        all      0.00      0.00      0.00      0.00      0.00    100.00
01:55:42          0      0.00      0.00      0.00      0.00      0.00    100.00
01:55:42          1      0.00      0.00      0.00      0.00      0.00    100.00
01:55:42          2      0.00      0.00      0.00      0.00      0.00    100.00
01:55:42          3      0.00      0.00      0.00      0.00      0.00    100.00
01:55:42          4      0.00      0.00      0.00      0.00      0.00    100.00
01:55:42          5      0.00      0.00      0.00      0.00      0.00    100.00
01:55:42          6      0.00      0.00      0.00      0.00      0.00    100.00
01:55:42          7      0.00      0.00      0.00      0.00      0.00    100.00
01:55:42          8      0.00      0.00      0.00      0.00      0.00    100.00
01:55:42          9      0.00      0.00      0.00      0.00      0.00    100.00
01:55:42         10      0.00      0.00      0.00      0.00      0.00    100.00
01:55:42         11      0.00      0.00      0.00      0.00      0.00    100.00
01:55:42         12      0.00      0.00      0.00      0.00      0.00    100.00
01:55:42         13      0.00      0.00      0.00      0.00      0.00    100.00
01:55:42         14      0.00      0.00      0.00      0.00      0.00    100.00
01:55:42         15      0.00      0.00      0.00      0.00      0.00    100.00
01:55:42         16      0.00      0.00      0.00      0.00      0.00    100.00
01:55:42         17      0.00      0.00      0.00      0.00      0.00    100.00
01:55:42         18      0.00      0.00      0.00      0.00      0.00    100.00
01:55:42         19      0.00      0.00      0.00      0.00      0.00    100.00
01:55:42         20      0.00      0.00      0.00      0.00      0.00    100.00
01:55:42         21      0.00      0.00      0.00      0.00      0.00    100.00
01:55:42         22      0.00      0.00      0.00      0.00      0.00    100.00
01:55:42         23      0.00      0.00      0.00      0.00      0.00    100.00
01:55:42         24      0.00      0.00      0.00      0.00      0.00    100.00
01:55:42         25      0.00      0.00      0.00      0.00      0.00    100.00
01:55:42         26      0.00      0.00      0.00      0.00      0.00    100.00
01:55:42         27      0.00      0.00      0.00      0.00      0.00    100.00
01:55:42         28      0.00      0.00      0.00      0.00      0.00    100.00
01:55:42         29      0.00      0.00      0.00      0.00      0.00    100.00
01:55:42         30      0.00      0.00      0.00      0.00      0.00    100.00
01:55:42         31      0.00      0.00      0.00      0.00      0.00    100.00
01:55:42         32      0.00      0.00      0.00      0.00      0.00    100.00
01:55:42         33      0.00      0.00      0.00      0.00      0.00    100.00
01:55:42         34      0.00      0.00      0.00      0.00      0.00    100.00
01:55:42         35      0.00      0.00      0.00      0.00      0.00    100.00
01:55:42         36      0.00      0.00      0.00      0.00      0.00    100.00
01:55:42         37      0.00      0.00      0.00      0.00      0.00    100.00
01:55:42         38      0.00      0.00      0.00      0.00      0.00    100.00
01:55:42         39      0.00      0.00      0.00      0.00      0.00    100.00

01:55:42        CPU     %user     %nice   %system   %iowait    %steal     %idle
01:55:43        all      0.03      0.00      0.03      0.00      0.00     99.95
01:55:43          0      0.00      0.00      0.00      0.00      0.00    100.00
01:55:43          1      0.00      0.00      0.00      0.00      0.00    100.00
01:55:43          2      0.00      0.00      0.00      0.00      0.00    100.00
01:55:43          3      0.00      0.00      0.00      0.00      0.00    100.00
01:55:43          4      0.00      0.00      0.00      0.00      0.00    100.00
01:55:43          5      0.00      0.00      0.00      0.00      0.00    100.00
01:55:43          6      0.00      0.00      0.00      0.00      0.00    100.00
01:55:43          7      0.00      0.00      0.00      0.00      0.00    100.00
01:55:43          8      0.00      0.00      0.00      0.00      0.00    100.00
01:55:43          9      0.99      0.00      0.00      0.00      0.00     99.01
01:55:43         10      0.00      0.00      0.00      0.00      0.00    100.00
01:55:43         11      0.00      0.00      0.00      0.00      0.00    100.00
01:55:43         12      0.00      0.00      0.00      0.00      0.00    100.00
01:55:43         13      0.00      0.00      0.00      0.00      0.00    100.00
01:55:43         14      0.00      0.00      0.00      0.00      0.00    100.00
01:55:43         15      0.00      0.00      0.00      0.00      0.00    100.00
01:55:43         16      0.00      0.00      0.00      0.00      0.00    100.00
01:55:43         17      0.00      0.00      0.00      0.00      0.00    100.00
01:55:43         18      0.00      0.00      0.00      0.00      0.00    100.00
01:55:43         19      0.00      0.00      0.00      0.00      0.00    100.00
01:55:43         20      0.00      0.00      0.00      0.00      0.00    100.00
01:55:43         21      0.00      0.00      0.00      0.00      0.00    100.00
01:55:43         22      0.00      0.00      0.00      0.00      0.00    100.00
01:55:43         23      0.00      0.00      0.00      0.00      0.00    100.00
01:55:43         24      0.00      0.00      0.00      0.00      0.00    100.00
01:55:43         25      0.00      0.00      0.00      0.00      0.00    100.00
01:55:43         26      0.00      0.00      0.00      0.00      0.00    100.00
01:55:43         27      0.00      0.00      0.00      0.00      0.00    100.00
01:55:43         28      0.00      0.00      0.00      0.00      0.00    100.00
01:55:43         29      0.00      0.00      0.00      0.00      0.00    100.00
01:55:43         30      0.00      0.00      0.00      0.00      0.00    100.00
01:55:43         31      0.00      0.00      0.00      0.00      0.00    100.00
01:55:43         32      0.00      0.00      0.00      0.00      0.00    100.00
01:55:43         33      0.00      0.00      0.00      0.00      0.00    100.00
01:55:43         34      0.00      0.00      0.00      0.00      0.00    100.00
01:55:43         35      0.00      0.00      0.00      0.00      0.00    100.00
01:55:43         36      0.00      0.00      0.00      0.00      0.00    100.00
01:55:43         37      0.00      0.00      0.00      0.00      0.00    100.00
01:55:43         38      0.00      0.00      0.00      0.00      0.00    100.00
01:55:43         39      0.00      0.00      0.00      0.00      0.00    100.00

01:55:43        CPU     %user     %nice   %system   %iowait    %steal     %idle
01:55:44        all      0.00      0.00      0.00      0.00      0.00    100.00
01:55:44          0      0.00      0.00      0.00      0.00      0.00    100.00
01:55:44          1      0.00      0.00      0.00      0.00      0.00    100.00
01:55:44          2      0.00      0.00      0.00      0.00      0.00    100.00
01:55:44          3      0.00      0.00      0.00      0.00      0.00    100.00
01:55:44          4      0.00      0.00      0.00      0.00      0.00    100.00
01:55:44          5      0.00      0.00      0.00      0.00      0.00    100.00
01:55:44          6      0.00      0.00      0.00      0.00      0.00    100.00
01:55:44          7      0.00      0.00      0.00      0.00      0.00    100.00
01:55:44          8      0.00      0.00      0.99      0.00      0.00     99.01
01:55:44          9      0.00      0.00      0.00      0.00      0.00    100.00
01:55:44         10      0.00      0.00      0.00      0.00      0.00    100.00
01:55:44         11      0.00      0.00      0.00      0.00      0.00    100.00
01:55:44         12      0.00      0.00      0.00      0.00      0.00    100.00
01:55:44         13      0.00      0.00      0.00      0.00      0.00    100.00
01:55:44         14      0.00      0.00      0.00      0.00      0.00    100.00
01:55:44         15      0.00      0.00      0.00      0.00      0.00    100.00
01:55:44         16      0.00      0.00      0.00      0.00      0.00    100.00
01:55:44         17      0.00      0.00      0.00      0.00      0.00    100.00
01:55:44         18      0.00      0.00      0.00      0.00      0.00    100.00
01:55:44         19      0.00      0.00      0.00      0.00      0.00    100.00
01:55:44         20      0.00      0.00      0.00      0.00      0.00    100.00
01:55:44         21      0.00      0.00      0.00      0.00      0.00    100.00
01:55:44         22      0.00      0.00      0.00      0.00      0.00    100.00
01:55:44         23      0.00      0.00      0.00      0.00      0.00    100.00
01:55:44         24      0.00      0.00      0.00      0.00      0.00    100.00
01:55:44         25      0.00      0.00      0.00      0.00      0.00    100.00
01:55:44         26      0.00      0.00      0.00      0.00      0.00    100.00
01:55:44         27      0.00      0.00      0.00      0.00      0.00    100.00
01:55:44         28      0.00      0.00      0.00      0.00      0.00    100.00
01:55:44         29      0.00      0.00      0.00      0.00      0.00    100.00
01:55:44         30      0.00      0.00      0.00      0.00      0.00    100.00
01:55:44         31      0.00      0.00      0.00      0.00      0.00    100.00
01:55:44         32      0.00      0.00      0.00      0.00      0.00    100.00
01:55:44         33      0.00      0.00      0.00      0.00      0.00    100.00
01:55:44         34      0.00      0.00      0.00      0.00      0.00    100.00
01:55:44         35      0.00      0.00      0.00      0.00      0.00    100.00
01:55:44         36      0.00      0.00      0.00      0.00      0.00    100.00
01:55:44         37      0.00      0.00      0.00      0.00      0.00    100.00
01:55:44         38      0.00      0.00      0.00      0.00      0.00    100.00
01:55:44         39      0.00      0.00      0.00      0.00      0.00    100.00

01:55:44        CPU     %user     %nice   %system   %iowait    %steal     %idle
01:55:45        all      1.85      0.00      0.40      0.00      0.00     97.75
01:55:45          0      5.00      0.00      1.00      0.00      0.00     94.00
01:55:45          1      4.04      0.00      0.00      0.00      0.00     95.96
01:55:45          2      0.00      0.00      0.00      0.00      0.00    100.00
01:55:45          3      0.00      0.00      0.00      0.00      0.00    100.00
01:55:45          4     12.12      0.00      1.01      0.00      0.00     86.87
01:55:45          5      0.00      0.00      0.00      0.00      0.00    100.00
01:55:45          6      0.00      0.00      0.00      0.00      0.00    100.00
01:55:45          7      0.00      0.00      1.00      0.00      0.00     99.00
01:55:45          8      0.00      0.00      0.00      0.00      0.00    100.00
01:55:45          9      1.00      0.00      1.00      0.00      0.00     98.00
01:55:45         10      0.00      0.00      1.01      0.00      0.00     98.99
01:55:45         11      3.00      0.00      1.00      0.00      0.00     96.00
01:55:45         12      0.00      0.00      0.00      0.00      0.00    100.00
01:55:45         13      0.00      0.00      1.00      0.00      0.00     99.00
01:55:45         14      0.00      0.00      0.00      0.00      0.00    100.00
01:55:45         15      0.99      0.00      0.00      0.00      0.00     99.01
01:55:45         16      0.00      0.00      0.00      0.00      0.00    100.00
01:55:45         17      0.00      0.00      0.00      0.00      0.00    100.00
01:55:45         18      0.00      0.00      0.99      0.00      0.00     99.01
01:55:45         19      0.00      0.00      0.00      0.00      0.00    100.00
01:55:45         20      9.00      0.00      0.00      0.00      0.00     91.00
01:55:45         21      1.00      0.00      0.00      0.00      0.00     99.00
01:55:45         22     12.00      0.00      2.00      0.00      0.00     86.00
01:55:45         23      1.00      0.00      1.00      0.00      0.00     98.00
01:55:45         24      9.09      0.00      1.01      0.00      0.00     89.90
01:55:45         25      0.00      0.00      0.00      0.00      0.00    100.00
01:55:45         26      0.00      0.00      1.00      0.00      0.00     99.00
01:55:45         27      0.00      0.00      0.00      0.00      0.00    100.00
01:55:45         28      0.00      0.00      0.00      0.00      0.00    100.00
01:55:45         29     11.11      0.00      1.01      0.00      0.00     87.88
01:55:45         30      2.00      0.00      0.00      0.00      0.00     98.00
01:55:45         31      0.00      0.00      0.00      0.00      0.00    100.00
01:55:45         32      0.00      0.00      1.01      0.00      0.00     98.99
01:55:45         33      0.00      0.00      0.00      0.00      0.00    100.00
01:55:45         34      0.00      0.00      0.00      0.00      0.00    100.00
01:55:45         35      0.00      0.00      0.00      0.00      0.00    100.00
01:55:45         36      0.00      0.00      0.00      0.00      0.00    100.00
01:55:45         37      0.00      0.00      0.00      0.00      0.00    100.00
01:55:45         38      0.00      0.00      0.00      0.00      0.00    100.00
01:55:45         39      0.99      0.00      0.00      0.00      0.00     99.01

01:55:45        CPU     %user     %nice   %system   %iowait    %steal     %idle
01:55:46        all      6.63      0.00      1.90      0.30      0.00     91.17
01:55:46          0     39.39      0.00      9.09      0.00      0.00     51.52
01:55:46          1     12.24      0.00      1.02      0.00      0.00     86.73
01:55:46          2     10.00      0.00      3.00      0.00      0.00     87.00
01:55:46          3      2.00      0.00      0.00      0.00      0.00     98.00
01:55:46          4     16.00      0.00      2.00      0.00      0.00     82.00
01:55:46          5      0.00      0.00      0.00      0.00      0.00    100.00
01:55:46          6     20.79      0.00      5.94      0.00      0.00     73.27
01:55:46          7     19.19      0.00      7.07      0.00      0.00     73.74
01:55:46          8      1.00      0.00      0.00      0.00      0.00     99.00
01:55:46          9      6.93      0.00      1.98      0.00      0.00     91.09
01:55:46         10      1.00      0.00      1.00      0.00      0.00     98.00
01:55:46         11      5.05      0.00      0.00      0.00      0.00     94.95
01:55:46         12     30.00      0.00      6.00      0.00      0.00     64.00
01:55:46         13      2.00      0.00      2.00      0.00      0.00     96.00
01:55:46         14      0.00      0.00      0.99      0.00      0.00     99.01
01:55:46         15      1.00      0.00      2.00      0.00      0.00     97.00
01:55:46         16      1.98      0.00      1.98      0.00      0.00     96.04
01:55:46         17      1.00      0.00      0.00      0.00      0.00     99.00
01:55:46         18      0.00      0.00      2.02      3.03      0.00     94.95
01:55:46         19      0.00      0.00      2.02      0.00      0.00     97.98
01:55:46         20      1.00      0.00      1.00      0.00      0.00     98.00
01:55:46         21      2.00      0.00      1.00      0.00      0.00     97.00
01:55:46         22      1.00      0.00      1.00      2.00      0.00     96.00
01:55:46         23      9.00      0.00      2.00      0.00      0.00     89.00
01:55:46         24     12.00      0.00      2.00      0.00      0.00     86.00
01:55:46         25      2.02      0.00      1.01      2.02      0.00     94.95
01:55:46         26      0.00      0.00      1.00      0.00      0.00     99.00
01:55:46         27     10.00      0.00      0.00      0.00      0.00     90.00
01:55:46         28      1.00      0.00      1.00      0.00      0.00     98.00
01:55:46         29      7.92      0.00      1.98      1.98      0.00     88.12
01:55:46         30      1.00      0.00      2.00      0.00      0.00     97.00
01:55:46         31      0.00      0.00      1.00      2.00      0.00     97.00
01:55:46         32      6.06      0.00      2.02      0.00      0.00     91.92
01:55:46         33      0.00      0.00      0.00      0.00      0.00    100.00
01:55:46         34      2.00      0.00      1.00      0.00      0.00     97.00
01:55:46         35      4.04      0.00      1.01      0.00      0.00     94.95
01:55:46         36     32.67      0.00      5.94      0.00      0.00     61.39
01:55:46         37      6.00      0.00      3.00      0.00      0.00     91.00
01:55:46         38      0.00      0.00      0.00      0.00      0.00    100.00
01:55:46         39      0.00      0.00      0.00      0.00      0.00    100.00

01:55:46        CPU     %user     %nice   %system   %iowait    %steal     %idle
01:55:47        all      0.00      0.00      0.03      0.08      0.00     99.90
01:55:47          0      0.00      0.00      0.00      3.96      0.00     96.04
01:55:47          1      0.00      0.00      0.00      0.00      0.00    100.00
01:55:47          2      0.00      0.00      0.00      0.00      0.00    100.00
01:55:47          3      0.00      0.00      0.00      0.00      0.00    100.00
01:55:47          4      0.00      0.00      0.00      0.00      0.00    100.00
01:55:47          5      0.00      0.00      0.00      0.00      0.00    100.00
01:55:47          6      0.00      0.00      0.00      0.00      0.00    100.00
01:55:47          7      0.00      0.00      0.00      0.00      0.00    100.00
01:55:47          8      0.00      0.00      0.00      0.00      0.00    100.00
01:55:47          9      0.00      0.00      0.00      0.00      0.00    100.00
01:55:47         10      0.00      0.00      0.00      0.00      0.00    100.00
01:55:47         11      0.00      0.00      0.00      0.00      0.00    100.00
01:55:47         12      0.00      0.00      0.00      0.00      0.00    100.00
01:55:47         13      0.00      0.00      0.00      0.00      0.00    100.00
01:55:47         14      0.00      0.00      0.00      0.00      0.00    100.00
01:55:47         15      0.00      0.00      0.00      0.00      0.00    100.00
01:55:47         16      0.00      0.00      0.00      0.00      0.00    100.00
01:55:47         17      0.00      0.00      0.00      0.00      0.00    100.00
01:55:47         18      0.00      0.00      0.00      0.00      0.00    100.00
01:55:47         19      0.00      0.00      0.00      0.00      0.00    100.00
01:55:47         20      0.00      0.00      0.00      0.00      0.00    100.00
01:55:47         21      0.00      0.00      0.00      0.00      0.00    100.00
01:55:47         22      0.00      0.00      0.00      0.00      0.00    100.00
01:55:47         23      0.00      0.00      0.00      0.00      0.00    100.00
01:55:47         24      0.00      0.00      0.00      0.00      0.00    100.00
01:55:47         25      0.00      0.00      0.00      0.00      0.00    100.00
01:55:47         26      0.00      0.00      0.00      0.00      0.00    100.00
01:55:47         27      0.00      0.00      0.00      0.00      0.00    100.00
01:55:47         28      0.00      0.00      0.00      0.00      0.00    100.00
01:55:47         29      0.00      0.00      0.00      0.00      0.00    100.00
01:55:47         30      0.00      0.00      0.00      0.00      0.00    100.00
01:55:47         31      0.00      0.00      0.00      0.00      0.00    100.00
01:55:47         32      0.00      0.00      0.00      0.00      0.00    100.00
01:55:47         33      0.00      0.00      0.00      0.00      0.00    100.00
01:55:47         34      0.00      0.00      0.00      0.00      0.00    100.00
01:55:47         35      0.00      0.00      0.00      0.00      0.00    100.00
01:55:47         36      0.00      0.00      0.00      0.00      0.00    100.00
01:55:47         37      0.00      0.00      0.00      0.00      0.00    100.00
01:55:47         38      0.00      0.00      0.00      0.00      0.00    100.00
01:55:47         39      0.00      0.00      0.00      0.00      0.00    100.00

01:55:47        CPU     %user     %nice   %system   %iowait    %steal     %idle
01:55:48        all      0.00      0.00      0.03      0.00      0.00     99.98
01:55:48          0      0.00      0.00      0.00      0.00      0.00    100.00
01:55:48          1      0.00      0.00      0.00      0.00      0.00    100.00
01:55:48          2      0.00      0.00      0.00      0.00      0.00    100.00
01:55:48          3      0.00      0.00      0.00      0.00      0.00    100.00
01:55:48          4      0.00      0.00      0.00      0.00      0.00    100.00
01:55:48          5      0.00      0.00      0.99      0.00      0.00     99.01
01:55:48          6      0.00      0.00      0.00      0.00      0.00    100.00
01:55:48          7      0.00      0.00      0.00      0.00      0.00    100.00
01:55:48          8      0.00      0.00      0.00      0.00      0.00    100.00
01:55:48          9      0.00      0.00      0.00      0.00      0.00    100.00
01:55:48         10      0.00      0.00      0.00      0.00      0.00    100.00
01:55:48         11      0.00      0.00      0.00      0.00      0.00    100.00
01:55:48         12      0.00      0.00      0.00      0.00      0.00    100.00
01:55:48         13      0.00      0.00      0.99      0.00      0.00     99.01
01:55:48         14      0.00      0.00      0.00      0.00      0.00    100.00
01:55:48         15      0.00      0.00      0.00      0.00      0.00    100.00
01:55:48         16      0.00      0.00      0.00      0.00      0.00    100.00
01:55:48         17      0.00      0.00      0.00      0.00      0.00    100.00
01:55:48         18      0.00      0.00      0.00      0.00      0.00    100.00
01:55:48         19      0.00      0.00      0.00      0.00      0.00    100.00
01:55:48         20      0.00      0.00      0.00      0.00      0.00    100.00
01:55:48         21      0.00      0.00      0.00      0.00      0.00    100.00
01:55:48         22      0.00      0.00      0.00      0.00      0.00    100.00
01:55:48         23      0.00      0.00      0.00      0.00      0.00    100.00
01:55:48         24      0.00      0.00      0.00      0.00      0.00    100.00
01:55:48         25      0.00      0.00      0.00      0.00      0.00    100.00
01:55:48         26      0.00      0.00      0.00      0.00      0.00    100.00
01:55:48         27      0.00      0.00      0.00      0.00      0.00    100.00
01:55:48         28      0.00      0.00      0.00      0.00      0.00    100.00
01:55:48         29      0.00      0.00      0.00      0.00      0.00    100.00
01:55:48         30      0.00      0.00      0.00      0.00      0.00    100.00
01:55:48         31      0.00      0.00      0.00      0.00      0.00    100.00
01:55:48         32      0.00      0.00      0.00      0.00      0.00    100.00
01:55:48         33      0.00      0.00      0.00      0.00      0.00    100.00
01:55:48         34      0.00      0.00      0.00      0.00      0.00    100.00
01:55:48         35      0.00      0.00      0.00      0.00      0.00    100.00
01:55:48         36      0.00      0.00      0.00      0.00      0.00    100.00
01:55:48         37      0.00      0.00      0.00      0.00      0.00    100.00
01:55:48         38      0.00      0.00      0.00      0.00      0.00    100.00
01:55:48         39      0.00      0.00      0.00      0.00      0.00    100.00

01:55:48        CPU     %user     %nice   %system   %iowait    %steal     %idle
01:55:49        all      0.00      0.00      0.00      0.00      0.00    100.00
01:55:49          0      0.00      0.00      0.00      0.00      0.00    100.00
01:55:49          1      0.00      0.00      0.00      0.00      0.00    100.00
01:55:49          2      0.00      0.00      0.00      0.00      0.00    100.00
01:55:49          3      0.00      0.00      0.00      0.00      0.00    100.00
01:55:49          4      0.00      0.00      0.00      0.00      0.00    100.00
01:55:49          5      0.00      0.00      0.00      0.00      0.00    100.00
01:55:49          6      0.00      0.00      0.00      0.00      0.00    100.00
01:55:49          7      0.00      0.00      0.00      0.00      0.00    100.00
01:55:49          8      0.00      0.00      0.00      0.00      0.00    100.00
01:55:49          9      0.00      0.00      0.00      0.00      0.00    100.00
01:55:49         10      0.00      0.00      0.00      0.00      0.00    100.00
01:55:49         11      0.00      0.00      0.00      0.00      0.00    100.00
01:55:49         12      0.00      0.00      0.00      0.00      0.00    100.00
01:55:49         13      0.00      0.00      0.00      0.00      0.00    100.00
01:55:49         14      0.00      0.00      0.00      0.00      0.00    100.00
01:55:49         15      0.00      0.00      0.00      0.00      0.00    100.00
01:55:49         16      0.00      0.00      0.00      0.00      0.00    100.00
01:55:49         17      0.00      0.00      0.00      0.00      0.00    100.00
01:55:49         18      0.00      0.00      0.00      0.00      0.00    100.00
01:55:49         19      0.00      0.00      0.00      0.00      0.00    100.00
01:55:49         20      0.00      0.00      0.00      0.00      0.00    100.00
01:55:49         21      0.00      0.00      0.00      0.00      0.00    100.00
01:55:49         22      0.00      0.00      0.00      0.00      0.00    100.00
01:55:49         23      0.00      0.00      0.00      0.00      0.00    100.00
01:55:49         24      0.00      0.00      0.00      0.00      0.00    100.00
01:55:49         25      0.00      0.00      0.00      0.00      0.00    100.00
01:55:49         26      0.00      0.00      0.00      0.00      0.00    100.00
01:55:49         27      0.00      0.00      0.00      0.00      0.00    100.00
01:55:49         28      0.00      0.00      0.00      0.00      0.00    100.00
01:55:49         29      0.00      0.00      0.00      0.00      0.00    100.00
01:55:49         30      0.00      0.00      0.00      0.00      0.00    100.00
01:55:49         31      0.00      0.00      0.00      0.00      0.00    100.00
01:55:49         32      0.00      0.00      0.00      0.00      0.00    100.00
01:55:49         33      0.00      0.00      0.00      0.00      0.00    100.00
01:55:49         34      0.00      0.00      0.00      0.00      0.00    100.00
01:55:49         35      0.00      0.00      0.00      0.00      0.00    100.00
01:55:49         36      0.00      0.00      0.00      0.00      0.00    100.00
01:55:49         37      0.00      0.00      0.00      0.00      0.00    100.00
01:55:49         38      0.00      0.00      0.00      0.00      0.00    100.00
01:55:49         39      0.00      0.00      0.00      0.00      0.00    100.00

01:55:49        CPU     %user     %nice   %system   %iowait    %steal     %idle
01:55:50        all      0.00      0.00      0.00      0.00      0.00    100.00
01:55:50          0      0.00      0.00      0.00      0.00      0.00    100.00
01:55:50          1      0.00      0.00      0.00      0.00      0.00    100.00
01:55:50          2      0.00      0.00      0.00      0.00      0.00    100.00
01:55:50          3      0.00      0.00      0.00      0.00      0.00    100.00
01:55:50          4      0.00      0.00      0.00      0.00      0.00    100.00
01:55:50          5      0.00      0.00      0.00      0.00      0.00    100.00
01:55:50          6      0.00      0.00      0.00      0.00      0.00    100.00
01:55:50          7      0.00      0.00      0.00      0.00      0.00    100.00
01:55:50          8      0.00      0.00      0.00      0.00      0.00    100.00
01:55:50          9      0.00      0.00      0.00      0.00      0.00    100.00
01:55:50         10      0.00      0.00      0.00      0.00      0.00    100.00
01:55:50         11      0.00      0.00      0.00      0.00      0.00    100.00
01:55:50         12      0.00      0.00      0.00      0.00      0.00    100.00
01:55:50         13      0.00      0.00      0.00      0.00      0.00    100.00
01:55:50         14      0.00      0.00      0.00      0.00      0.00    100.00
01:55:50         15      0.00      0.00      0.00      0.00      0.00    100.00
01:55:50         16      0.00      0.00      0.00      0.00      0.00    100.00
01:55:50         17      0.00      0.00      0.00      0.00      0.00    100.00
01:55:50         18      0.00      0.00      0.00      0.00      0.00    100.00
01:55:50         19      0.00      0.00      0.00      0.00      0.00    100.00
01:55:50         20      0.00      0.00      0.00      0.00      0.00    100.00
01:55:50         21      0.00      0.00      0.00      0.00      0.00    100.00
01:55:50         22      0.00      0.00      0.00      0.00      0.00    100.00
01:55:50         23      0.00      0.00      0.00      0.00      0.00    100.00
01:55:50         24      0.00      0.00      0.00      0.00      0.00    100.00
01:55:50         25      0.00      0.00      0.00      0.00      0.00    100.00
01:55:50         26      0.00      0.00      0.00      0.00      0.00    100.00
01:55:50         27      0.00      0.00      0.00      0.00      0.00    100.00
01:55:50         28      0.00      0.00      0.00      0.00      0.00    100.00
01:55:50         29      0.00      0.00      0.00      0.00      0.00    100.00
01:55:50         30      0.00      0.00      0.00      0.00      0.00    100.00
01:55:50         31      0.00      0.00      0.00      0.00      0.00    100.00
01:55:50         32      0.00      0.00      0.00      0.00      0.00    100.00
01:55:50         33      0.00      0.00      0.00      0.00      0.00    100.00
01:55:50         34      0.00      0.00      0.00      0.00      0.00    100.00
01:55:50         35      0.00      0.00      0.00      0.00      0.00    100.00
01:55:50         36      0.00      0.00      0.00      0.00      0.00    100.00
01:55:50         37      0.00      0.00      0.00      0.00      0.00    100.00
01:55:50         38      0.00      0.00      0.00      0.00      0.00    100.00
01:55:50         39      0.00      0.00      0.00      0.00      0.00    100.00

01:55:50        CPU     %user     %nice   %system   %iowait    %steal     %idle
01:55:51        all      0.00      0.00      0.03      0.00      0.00     99.97
01:55:51          0      0.00      0.00      0.00      0.00      0.00    100.00
01:55:51          1      0.00      0.00      0.00      0.00      0.00    100.00
01:55:51          2      0.00      0.00      0.00      0.00      0.00    100.00
01:55:51          3      0.00      0.00      0.00      0.00      0.00    100.00
01:55:51          4      0.00      0.00      0.00      0.00      0.00    100.00
01:55:51          5      0.00      0.00      0.00      0.00      0.00    100.00
01:55:51          6      0.00      0.00      0.00      0.00      0.00    100.00
01:55:51          7      0.00      0.00      0.00      0.00      0.00    100.00
01:55:51          8      0.00      0.00      0.00      0.00      0.00    100.00
01:55:51          9      0.00      0.00      1.00      0.00      0.00     99.00
01:55:51         10      0.00      0.00      0.00      0.00      0.00    100.00
01:55:51         11      0.00      0.00      0.00      0.00      0.00    100.00
01:55:51         12      0.00      0.00      0.00      0.00      0.00    100.00
01:55:51         13      0.00      0.00      0.00      0.00      0.00    100.00
01:55:51         14      0.00      0.00      0.00      0.00      0.00    100.00
01:55:51         15      0.00      0.00      0.00      0.00      0.00    100.00
01:55:51         16      0.00      0.00      0.00      0.00      0.00    100.00
01:55:51         17      0.00      0.00      0.00      0.00      0.00    100.00
01:55:51         18      0.00      0.00      0.00      0.00      0.00    100.00
01:55:51         19      0.00      0.00      0.00      0.00      0.00    100.00
01:55:51         20      0.00      0.00      0.00      0.00      0.00    100.00
01:55:51         21      0.00      0.00      0.00      0.00      0.00    100.00
01:55:51         22      0.00      0.00      0.00      0.00      0.00    100.00
01:55:51         23      0.00      0.00      0.00      0.00      0.00    100.00
01:55:51         24      0.00      0.00      0.00      0.00      0.00    100.00
01:55:51         25      0.00      0.00      0.00      0.00      0.00    100.00
01:55:51         26      0.00      0.00      0.00      0.00      0.00    100.00
01:55:51         27      0.00      0.00      0.00      0.00      0.00    100.00
01:55:51         28      0.00      0.00      0.00      0.00      0.00    100.00
01:55:51         29      0.00      0.00      0.00      0.00      0.00    100.00
01:55:51         30      0.00      0.00      0.00      0.00      0.00    100.00
01:55:51         31      0.00      0.00      0.00      0.00      0.00    100.00
01:55:51         32      0.00      0.00      0.00      0.00      0.00    100.00
01:55:51         33      0.00      0.00      0.00      0.00      0.00    100.00
01:55:51         34      0.00      0.00      0.00      0.00      0.00    100.00
01:55:51         35      0.00      0.00      0.00      0.00      0.00    100.00
01:55:51         36      0.00      0.00      0.00      0.00      0.00    100.00
01:55:51         37      0.00      0.00      0.00      0.00      0.00    100.00
01:55:51         38      0.00      0.00      0.00      0.00      0.00    100.00
01:55:51         39      0.00      0.00      0.00      0.00      0.00    100.00

01:55:51        CPU     %user     %nice   %system   %iowait    %steal     %idle
01:55:52        all      0.00      0.00      0.00      0.00      0.00    100.00
01:55:52          0      0.00      0.00      0.00      0.00      0.00    100.00
01:55:52          1      0.00      0.00      0.00      0.00      0.00    100.00
01:55:52          2      0.00      0.00      0.00      0.00      0.00    100.00
01:55:52          3      0.00      0.00      0.00      0.00      0.00    100.00
01:55:52          4      0.00      0.00      0.00      0.00      0.00    100.00
01:55:52          5      0.00      0.00      0.00      0.00      0.00    100.00
01:55:52          6      0.00      0.00      0.00      0.00      0.00    100.00
01:55:52          7      0.00      0.00      0.00      0.00      0.00    100.00
01:55:52          8      0.00      0.00      0.00      0.00      0.00    100.00
01:55:52          9      0.00      0.00      0.00      0.00      0.00    100.00
01:55:52         10      0.00      0.00      0.00      0.00      0.00    100.00
01:55:52         11      0.00      0.00      0.00      0.00      0.00    100.00
01:55:52         12      0.00      0.00      0.00      0.00      0.00    100.00
01:55:52         13      0.00      0.00      0.00      0.00      0.00    100.00
01:55:52         14      0.00      0.00      0.00      0.00      0.00    100.00
01:55:52         15      0.00      0.00      0.00      0.00      0.00    100.00
01:55:52         16      0.00      0.00      0.00      0.00      0.00    100.00
01:55:52         17      0.00      0.00      0.00      0.00      0.00    100.00
01:55:52         18      0.00      0.00      0.00      0.00      0.00    100.00
01:55:52         19      0.00      0.00      0.00      0.00      0.00    100.00
01:55:52         20      0.00      0.00      0.00      0.00      0.00    100.00
01:55:52         21      0.00      0.00      0.00      0.00      0.00    100.00
01:55:52         22      0.00      0.00      0.00      0.00      0.00    100.00
01:55:52         23      0.00      0.00      0.00      0.00      0.00    100.00
01:55:52         24      0.00      0.00      0.00      0.00      0.00    100.00
01:55:52         25      0.00      0.00      0.00      0.00      0.00    100.00
01:55:52         26      0.00      0.00      0.00      0.00      0.00    100.00
01:55:52         27      0.00      0.00      0.00      0.00      0.00    100.00
01:55:52         28      0.00      0.00      0.00      0.00      0.00    100.00
01:55:52         29      0.00      0.00      0.00      0.00      0.00    100.00
01:55:52         30      0.00      0.00      0.00      0.00      0.00    100.00
01:55:52         31      0.00      0.00      0.00      0.00      0.00    100.00
01:55:52         32      0.00      0.00      0.00      0.00      0.00    100.00
01:55:52         33      0.00      0.00      0.00      0.00      0.00    100.00
01:55:52         34      0.00      0.00      0.00      0.00      0.00    100.00
01:55:52         35      0.00      0.00      0.00      0.00      0.00    100.00
01:55:52         36      0.00      0.00      0.00      0.00      0.00    100.00
01:55:52         37      0.00      0.00      0.00      0.00      0.00    100.00
01:55:52         38      0.00      0.00      0.00      0.00      0.00    100.00
01:55:52         39      0.00      0.00      0.00      0.00      0.00    100.00

01:55:52        CPU     %user     %nice   %system   %iowait    %steal     %idle
01:55:53        all      0.00      0.00      0.00      0.00      0.00    100.00
01:55:53          0      0.00      0.00      0.00      0.00      0.00    100.00
01:55:53          1      0.00      0.00      1.00      0.00      0.00     99.00
01:55:53          2      0.00      0.00      0.00      0.00      0.00    100.00
01:55:53          3      0.00      0.00      0.00      0.00      0.00    100.00
01:55:53          4      0.00      0.00      0.00      0.00      0.00    100.00
01:55:53          5      0.00      0.00      0.00      0.00      0.00    100.00
01:55:53          6      0.00      0.00      0.00      0.00      0.00    100.00
01:55:53          7      0.00      0.00      0.00      0.00      0.00    100.00
01:55:53          8      0.00      0.00      0.00      0.00      0.00    100.00
01:55:53          9      0.00      0.00      0.00      0.00      0.00    100.00
01:55:53         10      0.00      0.00      0.00      0.00      0.00    100.00
01:55:53         11      0.00      0.00      0.00      0.00      0.00    100.00
01:55:53         12      0.00      0.00      0.00      0.00      0.00    100.00
01:55:53         13      0.00      0.00      0.00      0.00      0.00    100.00
01:55:53         14      0.00      0.00      0.00      0.00      0.00    100.00
01:55:53         15      0.00      0.00      0.00      0.00      0.00    100.00
01:55:53         16      0.00      0.00      0.00      0.00      0.00    100.00
01:55:53         17      0.00      0.00      0.00      0.00      0.00    100.00
01:55:53         18      0.00      0.00      0.00      0.00      0.00    100.00
01:55:53         19      0.00      0.00      0.00      0.00      0.00    100.00
01:55:53         20      0.00      0.00      0.00      0.00      0.00    100.00
01:55:53         21      0.00      0.00      0.00      0.00      0.00    100.00
01:55:53         22      0.00      0.00      0.00      0.00      0.00    100.00
01:55:53         23      0.00      0.00      0.00      0.00      0.00    100.00
01:55:53         24      0.00      0.00      0.00      0.00      0.00    100.00
01:55:53         25      0.00      0.00      0.00      0.00      0.00    100.00
01:55:53         26      0.00      0.00      0.00      0.00      0.00    100.00
01:55:53         27      0.00      0.00      0.00      0.00      0.00    100.00
01:55:53         28      0.00      0.00      0.00      0.00      0.00    100.00
01:55:53         29      0.00      0.00      0.00      0.00      0.00    100.00
01:55:53         30      0.00      0.00      0.00      0.00      0.00    100.00
01:55:53         31      0.00      0.00      0.00      0.00      0.00    100.00
01:55:53         32      0.00      0.00      0.00      0.00      0.00    100.00
01:55:53         33      0.00      0.00      0.00      0.00      0.00    100.00
01:55:53         34      0.00      0.00      0.00      0.00      0.00    100.00
01:55:53         35      0.00      0.00      0.00      0.00      0.00    100.00
01:55:53         36      0.00      0.00      0.00      0.00      0.00    100.00
01:55:53         37      0.00      0.00      0.00      0.00      0.00    100.00
01:55:53         38      0.00      0.00      0.00      0.00      0.00    100.00
01:55:53         39      0.00      0.00      0.00      0.00      0.00    100.00

01:55:53        CPU     %user     %nice   %system   %iowait    %steal     %idle
01:55:54        all      0.00      0.00      0.03      0.00      0.00     99.97
01:55:54          0      0.00      0.00      0.00      0.00      0.00    100.00
01:55:54          1      0.00      0.00      0.00      0.00      0.00    100.00
01:55:54          2      0.00      0.00      0.00      0.00      0.00    100.00
01:55:54          3      0.00      0.00      0.00      0.00      0.00    100.00
01:55:54          4      0.00      0.00      0.00      0.00      0.00    100.00
01:55:54          5      0.00      0.00      0.00      0.00      0.00    100.00
01:55:54          6      0.00      0.00      0.00      0.00      0.00    100.00
01:55:54          7      0.00      0.00      1.00      0.00      0.00     99.00
01:55:54          8      0.00      0.00      0.00      0.00      0.00    100.00
01:55:54          9      0.00      0.00      0.00      0.00      0.00    100.00
01:55:54         10      0.00      0.00      0.00      0.00      0.00    100.00
01:55:54         11      0.00      0.00      0.00      0.00      0.00    100.00
01:55:54         12      0.00      0.00      0.00      0.00      0.00    100.00
01:55:54         13      0.00      0.00      0.00      0.00      0.00    100.00
01:55:54         14      0.00      0.00      0.00      0.00      0.00    100.00
01:55:54         15      0.00      0.00      0.00      0.00      0.00    100.00
01:55:54         16      0.00      0.00      0.00      0.00      0.00    100.00
01:55:54         17      0.00      0.00      0.00      0.00      0.00    100.00
01:55:54         18      0.00      0.00      0.00      0.00      0.00    100.00
01:55:54         19      0.00      0.00      0.00      0.00      0.00    100.00
01:55:54         20      0.00      0.00      0.00      0.00      0.00    100.00
01:55:54         21      0.00      0.00      0.00      0.00      0.00    100.00
01:55:54         22      0.00      0.00      0.00      0.00      0.00    100.00
01:55:54         23      0.00      0.00      0.00      0.00      0.00    100.00
01:55:54         24      0.00      0.00      0.00      0.00      0.00    100.00
01:55:54         25      0.00      0.00      0.00      0.00      0.00    100.00
01:55:54         26      0.00      0.00      0.00      0.00      0.00    100.00
01:55:54         27      0.00      0.00      0.00      0.00      0.00    100.00
01:55:54         28      0.00      0.00      0.00      0.00      0.00    100.00
01:55:54         29      0.00      0.00      0.00      0.00      0.00    100.00
01:55:54         30      0.00      0.00      0.00      0.00      0.00    100.00
01:55:54         31      0.00      0.00      0.00      0.00      0.00    100.00
01:55:54         32      0.00      0.00      0.00      0.00      0.00    100.00
01:55:54         33      0.00      0.00      0.00      0.00      0.00    100.00
01:55:54         34      0.00      0.00      0.00      0.00      0.00    100.00
01:55:54         35      0.00      0.00      0.00      0.00      0.00    100.00
01:55:54         36      0.00      0.00      0.00      0.00      0.00    100.00
01:55:54         37      0.00      0.00      0.00      0.00      0.00    100.00
01:55:54         38      0.00      0.00      0.00      0.00      0.00    100.00
01:55:54         39      0.00      0.00      0.00      0.00      0.00    100.00

01:55:54        CPU     %user     %nice   %system   %iowait    %steal     %idle
01:55:55        all      0.45      0.00      0.05      0.00      0.00     99.50
01:55:55          0      0.00      0.00      0.00      0.00      0.00    100.00
01:55:55          1      1.00      0.00      0.00      0.00      0.00     99.00
01:55:55          2      0.00      0.00      0.00      0.00      0.00    100.00
01:55:55          3      0.00      0.00      0.00      0.00      0.00    100.00
01:55:55          4      0.00      0.00      0.00      0.00      0.00    100.00
01:55:55          5      0.00      0.00      0.00      0.00      0.00    100.00
01:55:55          6      0.00      0.00      0.00      0.00      0.00    100.00
01:55:55          7      0.00      0.00      0.00      0.00      0.00    100.00
01:55:55          8      0.00      0.00      0.00      0.00      0.00    100.00
01:55:55          9      1.00      0.00      0.00      0.00      0.00     99.00
01:55:55         10      0.00      0.00      0.00      0.00      0.00    100.00
01:55:55         11      0.00      0.00      0.00      0.00      0.00    100.00
01:55:55         12      0.00      0.00      0.00      0.00      0.00    100.00
01:55:55         13      0.00      0.00      0.00      0.00      0.00    100.00
01:55:55         14      0.00      0.00      0.00      0.00      0.00    100.00
01:55:55         15      0.00      0.00      0.00      0.00      0.00    100.00
01:55:55         16      0.00      0.00      0.00      0.00      0.00    100.00
01:55:55         17      0.00      0.00      0.00      0.00      0.00    100.00
01:55:55         18      0.00      0.00      0.00      0.00      0.00    100.00
01:55:55         19      0.00      0.00      0.00      0.00      0.00    100.00
01:55:55         20      0.00      0.00      0.00      0.00      0.00    100.00
01:55:55         21      0.00      0.00      0.00      0.00      0.00    100.00
01:55:55         22      0.00      0.00      0.00      0.00      0.00    100.00
01:55:55         23      0.00      0.00      0.00      0.00      0.00    100.00
01:55:55         24      0.00      0.00      0.00      0.00      0.00    100.00
01:55:55         25      0.00      0.00      0.00      0.00      0.00    100.00
01:55:55         26      0.00      0.00      0.00      0.00      0.00    100.00
01:55:55         27      0.00      0.00      0.00      0.00      0.00    100.00
01:55:55         28      0.00      0.00      0.00      0.00      0.00    100.00
01:55:55         29      0.00      0.00      0.00      0.00      0.00    100.00
01:55:55         30      0.00      0.00      0.00      0.00      0.00    100.00
01:55:55         31      0.00      0.00      0.00      0.00      0.00    100.00
01:55:55         32      0.00      0.00      0.00      0.00      0.00    100.00
01:55:55         33     16.00      0.00      1.00      0.00      0.00     83.00
01:55:55         34      0.00      0.00      0.00      0.00      0.00    100.00
01:55:55         35      0.00      0.00      0.00      0.00      0.00    100.00
01:55:55         36      0.00      0.00      0.00      0.00      0.00    100.00
01:55:55         37      0.00      0.00      0.00      0.00      0.00    100.00
01:55:55         38      0.00      0.00      0.00      0.00      0.00    100.00
01:55:55         39      0.00      0.00      0.00      0.00      0.00    100.00

01:55:55        CPU     %user     %nice   %system   %iowait    %steal     %idle
01:55:56        all      1.30      0.00      0.40      0.05      0.00     98.25
01:55:56          0      0.00      0.00      1.01      0.00      0.00     98.99
01:55:56          1      0.00      0.00      1.01      0.00      0.00     98.99
01:55:56          2      1.98      0.00      3.96      0.00      0.00     94.06
01:55:56          3      0.00      0.00      0.00      0.00      0.00    100.00
01:55:56          4      5.00      0.00      0.00      0.00      0.00     95.00
01:55:56          5      0.00      0.00      0.00      0.00      0.00    100.00
01:55:56          6      0.00      0.00      0.00      0.00      0.00    100.00
01:55:56          7      0.00      0.00      2.00      0.00      0.00     98.00
01:55:56          8      0.00      0.00      0.00      0.00      0.00    100.00
01:55:56          9      0.00      0.00      0.00      0.00      0.00    100.00
01:55:56         10      0.00      0.00      1.00      0.00      0.00     99.00
01:55:56         11     32.67      0.00      5.94      0.00      0.00     61.39
01:55:56         12      0.00      0.00      0.00      0.00      0.00    100.00
01:55:56         13      0.00      0.00      0.00      0.00      0.00    100.00
01:55:56         14      0.99      0.00      0.00      0.00      0.00     99.01
01:55:56         15      0.00      0.00      0.00      0.00      0.00    100.00
01:55:56         16      0.00      0.00      0.00      0.00      0.00    100.00
01:55:56         17      0.00      0.00      0.00      0.00      0.00    100.00
01:55:56         18      0.00      0.00      0.00      0.00      0.00    100.00
01:55:56         19      0.00      0.00      0.00      0.00      0.00    100.00
01:55:56         20      0.00      0.00      0.00      0.00      0.00    100.00
01:55:56         21      0.00      0.00      0.00      0.00      0.00    100.00
01:55:56         22      0.00      0.00      0.00      0.00      0.00    100.00
01:55:56         23      0.00      0.00      0.00      0.00      0.00    100.00
01:55:56         24      2.00      0.00      1.00      0.00      0.00     97.00
01:55:56         25      0.00      0.00      0.00      0.00      0.00    100.00
01:55:56         26      0.00      0.00      0.00      0.00      0.00    100.00
01:55:56         27      0.00      0.00      0.00      0.00      0.00    100.00
01:55:56         28      0.00      0.00      0.00      1.01      0.00     98.99
01:55:56         29      0.00      0.00      1.00      0.00      0.00     99.00
01:55:56         30      0.00      0.00      0.00      0.00      0.00    100.00
01:55:56         31      0.00      0.00      0.00      0.00      0.00    100.00
01:55:56         32      0.99      0.00      0.00      0.00      0.00     99.01
01:55:56         33      6.00      0.00      0.00      0.00      0.00     94.00
01:55:56         34      0.00      0.00      0.00      0.00      0.00    100.00
01:55:56         35      0.00      0.00      0.00      0.00      0.00    100.00
01:55:56         36      0.00      0.00      0.00      0.00      0.00    100.00
01:55:56         37      0.00      0.00      0.00      0.00      0.00    100.00
01:55:56         38      0.00      0.00      0.00      0.00      0.00    100.00
01:55:56         39      0.00      0.00      0.00      0.00      0.00    100.00

01:55:56        CPU     %user     %nice   %system   %iowait    %steal     %idle
01:55:57        all      0.00      0.00      0.00      0.03      0.00     99.97
01:55:57          0      0.00      0.00      0.00      0.00      0.00    100.00
01:55:57          1      0.00      0.00      0.00      0.00      0.00    100.00
01:55:57          2      0.00      0.00      0.00      0.00      0.00    100.00
01:55:57          3      0.00      0.00      0.00      1.00      0.00     99.00
01:55:57          4      0.00      0.00      0.00      0.00      0.00    100.00
01:55:57          5      0.00      0.00      0.00      0.00      0.00    100.00
01:55:57          6      0.00      0.00      0.00      0.00      0.00    100.00
01:55:57          7      0.00      0.00      0.00      0.00      0.00    100.00
01:55:57          8      0.00      0.00      0.00      0.00      0.00    100.00
01:55:57          9      0.00      0.00      0.00      0.00      0.00    100.00
01:55:57         10      0.00      0.00      0.00      0.00      0.00    100.00
01:55:57         11      0.00      0.00      0.00      0.00      0.00    100.00
01:55:57         12      0.00      0.00      0.00      0.00      0.00    100.00
01:55:57         13      0.99      0.00      0.00      0.00      0.00     99.01
01:55:57         14      0.00      0.00      0.00      0.00      0.00    100.00
01:55:57         15      0.00      0.00      0.00      0.00      0.00    100.00
01:55:57         16      0.00      0.00      0.00      0.00      0.00    100.00
01:55:57         17      0.00      0.00      0.00      0.00      0.00    100.00
01:55:57         18      0.00      0.00      0.00      0.00      0.00    100.00
01:55:57         19      0.00      0.00      0.00      0.00      0.00    100.00
01:55:57         20      0.00      0.00      0.00      0.00      0.00    100.00
01:55:57         21      0.00      0.00      0.00      0.00      0.00    100.00
01:55:57         22      0.00      0.00      0.00      0.00      0.00    100.00
01:55:57         23      0.00      0.00      0.00      0.00      0.00    100.00
01:55:57         24      0.00      0.00      0.00      0.00      0.00    100.00
01:55:57         25      0.00      0.00      0.00      0.00      0.00    100.00
01:55:57         26      0.00      0.00      0.00      0.00      0.00    100.00
01:55:57         27      0.00      0.00      0.00      0.00      0.00    100.00
01:55:57         28      0.00      0.00      0.00      0.00      0.00    100.00
01:55:57         29      0.00      0.00      0.00      0.00      0.00    100.00
01:55:57         30      0.00      0.00      0.00      0.00      0.00    100.00
01:55:57         31      0.00      0.00      0.00      0.00      0.00    100.00
01:55:57         32      0.00      0.00      0.00      0.00      0.00    100.00
01:55:57         33      0.00      0.00      0.00      0.00      0.00    100.00
01:55:57         34      0.00      0.00      0.00      0.00      0.00    100.00
01:55:57         35      0.00      0.00      0.00      0.00      0.00    100.00
01:55:57         36      0.00      0.00      0.00      0.00      0.00    100.00
01:55:57         37      0.00      0.00      0.00      0.00      0.00    100.00
01:55:57         38      0.00      0.00      0.00      0.00      0.00    100.00
01:55:57         39      0.00      0.00      0.00      0.00      0.00    100.00

01:55:57        CPU     %user     %nice   %system   %iowait    %steal     %idle
01:55:58        all      0.53      0.00      0.10      0.00      0.00     99.37
01:55:58          0      1.00      0.00      0.00      0.00      0.00     99.00
01:55:58          1      0.00      0.00      0.00      0.00      0.00    100.00
01:55:58          2      0.00      0.00      0.00      0.00      0.00    100.00
01:55:58          3      0.00      0.00      1.00      0.00      0.00     99.00
01:55:58          4      0.00      0.00      0.00      0.00      0.00    100.00
01:55:58          5      0.00      0.00      0.00      0.00      0.00    100.00
01:55:58          6     18.81      0.00      1.98      0.00      0.00     79.21
01:55:58          7      1.00      0.00      0.00      0.00      0.00     99.00
01:55:58          8      0.00      0.00      1.00      0.00      0.00     99.00
01:55:58          9      0.00      0.00      0.00      0.00      0.00    100.00
01:55:58         10      0.00      0.00      0.00      0.00      0.00    100.00
01:55:58         11      0.00      0.00      0.00      0.00      0.00    100.00
01:55:58         12      0.00      0.00      0.00      0.00      0.00    100.00
01:55:58         13      0.00      0.00      0.00      0.00      0.00    100.00
01:55:58         14      0.00      0.00      0.00      0.00      0.00    100.00
01:55:58         15      0.00      0.00      0.00      0.00      0.00    100.00
01:55:58         16      0.00      0.00      0.00      0.00      0.00    100.00
01:55:58         17      0.00      0.00      0.00      0.00      0.00    100.00
01:55:58         18      0.00      0.00      0.00      0.00      0.00    100.00
01:55:58         19      0.00      0.00      0.00      0.00      0.00    100.00
01:55:58         20      0.00      0.00      0.00      0.00      0.00    100.00
01:55:58         21      0.00      0.00      0.00      0.00      0.00    100.00
01:55:58         22      0.00      0.00      0.00      0.00      0.00    100.00
01:55:58         23      0.00      0.00      0.00      0.00      0.00    100.00
01:55:58         24      0.00      0.00      0.00      0.00      0.00    100.00
01:55:58         25      0.00      0.00      0.00      0.00      0.00    100.00
01:55:58         26      0.00      0.00      0.00      0.00      0.00    100.00
01:55:58         27      0.00      0.00      0.00      0.00      0.00    100.00
01:55:58         28      0.00      0.00      0.00      0.00      0.00    100.00
01:55:58         29      0.00      0.00      0.00      0.00      0.00    100.00
01:55:58         30      0.00      0.00      0.00      0.00      0.00    100.00
01:55:58         31      0.00      0.00      0.00      0.00      0.00    100.00
01:55:58         32      0.00      0.00      0.00      0.00      0.00    100.00
01:55:58         33      0.00      0.00      0.00      0.00      0.00    100.00
01:55:58         34      0.00      0.00      0.00      0.00      0.00    100.00
01:55:58         35      0.00      0.00      0.00      0.00      0.00    100.00
01:55:58         36      0.00      0.00      0.00      0.00      0.00    100.00
01:55:58         37      0.00      0.00      0.00      0.00      0.00    100.00
01:55:58         38      0.00      0.00      0.00      0.00      0.00    100.00
01:55:58         39      0.00      0.00      0.00      0.00      0.00    100.00
