Linux 6.6.23 (eternity2) 	05/24/25 	_x86_64_	(40 CPU)

01:57:34    kbmemfree   kbavail kbmemused  %memused kbbuffers  kbcached  kbcommit   %commit  kbactive   kbinact   kbdirty
01:57:35     64267848  64019856   1341104      2.04       244    237224   2079756      3.12     52248    280964      4356
01:57:36     64267752  64019764   1341200      2.04       244    237224   2079756      3.12     52248    280328       720
01:57:37     64267512  64019524   1341440      2.04       244    237232   2079756      3.12     52248    280328       320
01:57:38     64267624  64019636   1341328      2.04       244    237236   2079756      3.12     52248    280328       324
01:57:39     64267772  64019784   1341180      2.04       244    237240   2079756      3.12     52248    280328       328
01:57:40     64267772  64019784   1341180      2.04       244    237244   2079756      3.12     52248    280328       332
01:57:41     64267772  64019784   1341180      2.04       244    237248   2079756      3.12     52248    280328       336
01:57:42     64267900  64019912   1341052      2.04       244    237248   2079756      3.12     52248    280320        40
01:57:43     64268152  64020164   1340800      2.04       244    237256   2079756      3.12     52248    280320        48
01:57:44     64268300  64020312   1340652      2.04       244    237264   2079756      3.12     52248    280320        56
01:57:45     64268300  64020312   1340652      2.04       244    237268   2079756      3.12     52248    280320        60
01:57:46     64268552  64020564   1340400      2.04       244    237268   2079756      3.12     52248    280320        60
01:57:47     64267544  64019556   1341408      2.04       244    237276   2083644      3.13     52248    280320        68
01:57:48     64268688  64020792   1340264      2.04       244    237448   2090996      3.14     52292    291200      2204
01:57:49     64278388  64030568   1330564      2.03       244    237496   2079756      3.12     52292    280676      2804
01:57:50     64278404  64030584   1330548      2.03       244    237496   2079756      3.12     52292    280676      2804
01:57:51     64278404  64030584   1330548      2.03       244    237500   2079756      3.12     52292    280676       108
01:57:52     64278404  64030584   1330548      2.03       244    237504   2079756      3.12     52292    280676        16
01:57:53     64277924  64030104   1331028      2.03       244    237512   2079756      3.12     52292    280676        28
01:57:54     64277716  64029896   1331236      2.03       244    237520   2079756      3.12     52292    280676        36
01:57:55     64277716  64029896   1331236      2.03       244    237524   2079756      3.12     52292    280676        40
01:57:56     64277716  64029880   1331236      2.03       244    237524   2079756      3.12     52292    280676        40
01:57:57     64277764  64029928   1331188      2.03       244    237524   2080444      3.12     52292    280684         0
01:57:58     64267872  64020056   1341080      2.04       244    237540   2079756      3.12     52312    283184      1200
01:57:59     64269548  64021788   1339404      2.04       244    237676   2079756      3.12     52360    280808      1332
01:58:00     64269548  64021788   1339404      2.04       244    237680   2082100      3.13     52360    281276      1336
