Linux 6.6.23 (eternity2) 	05/24/25 	_x86_64_	(40 CPU)

01:57:32        CPU     %user     %nice   %system   %iowait    %steal     %idle
01:57:33        all      2.25      0.00      0.68      0.75      0.00     96.32
01:57:33          0      0.00      0.00      1.00      0.00      0.00     99.00
01:57:33          1      4.08      0.00      1.02      1.02      0.00     93.88
01:57:33          2      0.00      0.00      1.98      0.00      0.00     98.02
01:57:33          3      0.00      0.00      2.02      5.05      0.00     92.93
01:57:33          4      0.00      0.00      0.00      0.00      0.00    100.00
01:57:33          5      1.02      0.00      0.00      0.00      0.00     98.98
01:57:33          6      8.16      0.00      0.00      0.00      0.00     91.84
01:57:33          7      0.00      0.00      1.00      0.00      0.00     99.00
01:57:33          8      0.00      0.00      0.00      0.00      0.00    100.00
01:57:33          9      0.00      0.00      0.00      0.00      0.00    100.00
01:57:33         10     47.52      0.00      5.94      0.00      0.00     46.53
01:57:33         11     15.00      0.00      2.00     12.00      0.00     71.00
01:57:33         12      0.00      0.00      0.00      0.00      0.00    100.00
01:57:33         13      0.00      0.00      0.00      0.00      0.00    100.00
01:57:33         14      0.00      0.00      0.00      0.00      0.00    100.00
01:57:33         15      0.00      0.00      0.00      0.00      0.00    100.00
01:57:33         16      0.00      0.00      0.00      0.00      0.00    100.00
01:57:33         17      0.00      0.00      0.00      0.00      0.00    100.00
01:57:33         18      0.98      0.00      1.96      0.00      0.00     97.06
01:57:33         19      0.00      0.00      0.00      0.00      0.00    100.00
01:57:33         20      0.00      0.00      0.00      0.00      0.00    100.00
01:57:33         21      0.00      0.00      0.00      0.00      0.00    100.00
01:57:33         22      0.00      0.00      0.00      0.00      0.00    100.00
01:57:33         23      0.00      0.00      0.00      0.00      0.00    100.00
01:57:33         24      1.00      0.00      1.00      0.00      0.00     98.00
01:57:33         25      0.00      0.00      0.00      0.00      0.00    100.00
01:57:33         26      4.00      0.00      1.00      8.00      0.00     87.00
01:57:33         27      0.99      0.00      1.98      0.00      0.00     97.03
01:57:33         28      1.01      0.00      0.00      4.04      0.00     94.95
01:57:33         29      0.00      0.00      3.00      0.00      0.00     97.00
01:57:33         30      4.95      0.00      0.99      0.00      0.00     94.06
01:57:33         31      0.00      0.00      0.00      0.00      0.00    100.00
01:57:33         32      0.00      0.00      2.00      0.00      0.00     98.00
01:57:33         33      0.00      0.00      1.00      0.00      0.00     99.00
01:57:33         34      0.00      0.00      0.00      0.00      0.00    100.00
01:57:33         35      1.00      0.00      0.00      0.00      0.00     99.00
01:57:33         36      0.00      0.00      0.00      0.00      0.00    100.00
01:57:33         37      2.00      0.00      0.00      0.00      0.00     98.00
01:57:33         38      0.00      0.00      0.00      0.00      0.00    100.00
01:57:33         39      0.00      0.00      0.00      0.00      0.00    100.00

01:57:33        CPU     %user     %nice   %system   %iowait    %steal     %idle
01:57:34        all      1.85      0.00      0.45      0.00      0.00     97.70
01:57:34          0     14.00      0.00      2.00      0.00      0.00     84.00
01:57:34          1      1.98      0.00      0.99      0.00      0.00     97.03
01:57:34          2      0.00      0.00      0.00      0.00      0.00    100.00
01:57:34          3      6.00      0.00      1.00      0.00      0.00     93.00
01:57:34          4     10.00      0.00      2.00      0.00      0.00     88.00
01:57:34          5      0.99      0.00      0.00      0.00      0.00     99.01
01:57:34          6     27.72      0.00      5.94      0.00      0.00     66.34
01:57:34          7      7.07      0.00      0.00      0.00      0.00     92.93
01:57:34          8      0.99      0.00      0.00      0.00      0.00     99.01
01:57:34          9      0.00      0.00      1.00      0.00      0.00     99.00
01:57:34         10      1.01      0.00      0.00      0.00      0.00     98.99
01:57:34         11      0.00      0.00      0.00      0.00      0.00    100.00
01:57:34         12      0.00      0.00      0.00      0.00      0.00    100.00
01:57:34         13      0.00      0.00      0.00      0.00      0.00    100.00
01:57:34         14      0.00      0.00      0.00      0.00      0.00    100.00
01:57:34         15      0.00      0.00      0.00      0.00      0.00    100.00
01:57:34         16      0.00      0.00      1.00      0.00      0.00     99.00
01:57:34         17      0.00      0.00      0.00      0.00      0.00    100.00
01:57:34         18      1.00      0.00      0.00      0.00      0.00     99.00
01:57:34         19      0.00      0.00      0.00      0.00      0.00    100.00
01:57:34         20      0.00      0.00      0.00      0.00      0.00    100.00
01:57:34         21      0.00      0.00      0.00      0.00      0.00    100.00
01:57:34         22      0.00      0.00      0.00      0.00      0.00    100.00
01:57:34         23      0.00      0.00      0.00      0.00      0.00    100.00
01:57:34         24      0.00      0.00      0.00      0.00      0.00    100.00
01:57:34         25      0.00      0.00      0.00      0.00      0.00    100.00
01:57:34         26      2.00      0.00      0.00      0.00      0.00     98.00
01:57:34         27      0.00      0.00      0.00      0.00      0.00    100.00
01:57:34         28      0.00      0.00      0.00      0.00      0.00    100.00
01:57:34         29      0.00      0.00      0.99      0.00      0.00     99.01
01:57:34         30      0.00      0.00      0.00      0.00      0.00    100.00
01:57:34         31      0.00      0.00      0.00      0.00      0.00    100.00
01:57:34         32      0.00      0.00      0.00      0.00      0.00    100.00
01:57:34         33      0.00      0.00      0.00      0.00      0.00    100.00
01:57:34         34      0.00      0.00      0.00      0.00      0.00    100.00
01:57:34         35      0.00      0.00      0.00      0.00      0.00    100.00
01:57:34         36      0.00      0.00      0.00      0.00      0.00    100.00
01:57:34         37      0.00      0.00      0.00      0.00      0.00    100.00
01:57:34         38      0.00      0.00      0.00      0.00      0.00    100.00
01:57:34         39      0.00      0.00      0.00      0.00      0.00    100.00

01:57:34        CPU     %user     %nice   %system   %iowait    %steal     %idle
01:57:35        all      1.23      0.00      0.35      0.07      0.00     98.35
01:57:35          0      0.99      0.00      0.00      0.00      0.00     99.01
01:57:35          1      0.99      0.00      1.98      2.97      0.00     94.06
01:57:35          2      0.00      0.00      0.00      1.01      0.00     98.99
01:57:35          3      0.00      0.00      0.00      0.00      0.00    100.00
01:57:35          4      8.91      0.00      0.99      0.00      0.00     90.10
01:57:35          5      0.00      0.00      0.00      0.00      0.00    100.00
01:57:35          6      0.00      0.00      0.00      0.00      0.00    100.00
01:57:35          7      2.94      0.00      1.96      0.00      0.00     95.10
01:57:35          8      0.00      0.00      0.00      0.00      0.00    100.00
01:57:35          9      0.00      0.00      0.00      0.00      0.00    100.00
01:57:35         10      0.00      0.00      0.00      0.00      0.00    100.00
01:57:35         11      0.00      0.00      0.00      0.00      0.00    100.00
01:57:35         12      0.00      0.00      0.00      0.00      0.00    100.00
01:57:35         13      0.00      0.00      0.00      0.00      0.00    100.00
01:57:35         14      0.00      0.00      0.00      0.00      0.00    100.00
01:57:35         15      0.00      0.00      0.00      0.00      0.00    100.00
01:57:35         16      0.00      0.00      0.00      0.00      0.00    100.00
01:57:35         17      0.00      0.00      0.00      0.00      0.00    100.00
01:57:35         18      1.02      0.00      0.00      0.00      0.00     98.98
01:57:35         19      0.00      0.00      0.00      0.00      0.00    100.00
01:57:35         20      0.00      0.00      0.00      0.00      0.00    100.00
01:57:35         21      0.00      0.00      0.00      0.00      0.00    100.00
01:57:35         22      0.00      0.00      0.00      0.00      0.00    100.00
01:57:35         23      0.00      0.00      0.99      0.00      0.00     99.01
01:57:35         24     29.29      0.00      4.04      0.00      0.00     66.67
01:57:35         25      1.98      0.00      0.99      0.00      0.00     97.03
01:57:35         26      0.00      0.00      1.00      0.00      0.00     99.00
01:57:35         27      2.00      0.00      0.00      0.00      0.00     98.00
01:57:35         28      0.00      0.00      0.99      0.00      0.00     99.01
01:57:35         29      0.00      0.00      0.00      0.00      0.00    100.00
01:57:35         30      0.00      0.00      0.00      0.00      0.00    100.00
01:57:35         31      0.00      0.00      0.00      0.00      0.00    100.00
01:57:35         32      0.00      0.00      0.00      0.00      0.00    100.00
01:57:35         33      0.00      0.00      0.00      0.00      0.00    100.00
01:57:35         34      0.00      0.00      0.00      0.00      0.00    100.00
01:57:35         35      0.00      0.00      0.00      0.00      0.00    100.00
01:57:35         36      0.00      0.00      1.00      0.00      0.00     99.00
01:57:35         37      0.99      0.00      0.00      0.00      0.00     99.01
01:57:35         38      0.00      0.00      0.00      0.00      0.00    100.00
01:57:35         39      0.00      0.00      0.00      0.00      0.00    100.00

01:57:35        CPU     %user     %nice   %system   %iowait    %steal     %idle
01:57:36        all      0.00      0.00      0.00      0.00      0.00    100.00
01:57:36          0      0.00      0.00      0.00      0.00      0.00    100.00
01:57:36          1      0.00      0.00      0.00      0.00      0.00    100.00
01:57:36          2      0.00      0.00      0.00      0.00      0.00    100.00
01:57:36          3      0.00      0.00      0.00      0.00      0.00    100.00
01:57:36          4      0.00      0.00      0.00      0.00      0.00    100.00
01:57:36          5      0.00      0.00      0.00      0.00      0.00    100.00
01:57:36          6      0.00      0.00      0.00      0.00      0.00    100.00
01:57:36          7      0.00      0.00      0.00      0.00      0.00    100.00
01:57:36          8      0.00      0.00      0.00      0.00      0.00    100.00
01:57:36          9      0.00      0.00      0.00      0.00      0.00    100.00
01:57:36         10      0.00      0.00      0.00      0.00      0.00    100.00
01:57:36         11      0.00      0.00      0.00      0.00      0.00    100.00
01:57:36         12      0.00      0.00      0.00      0.00      0.00    100.00
01:57:36         13      0.00      0.00      0.00      0.00      0.00    100.00
01:57:36         14      0.00      0.00      0.00      0.00      0.00    100.00
01:57:36         15      0.00      0.00      0.00      0.00      0.00    100.00
01:57:36         16      0.00      0.00      0.00      0.00      0.00    100.00
01:57:36         17      0.00      0.00      0.00      0.00      0.00    100.00
01:57:36         18      0.00      0.00      0.00      0.00      0.00    100.00
01:57:36         19      0.00      0.00      0.00      0.00      0.00    100.00
01:57:36         20      0.00      0.00      0.00      0.00      0.00    100.00
01:57:36         21      0.00      0.00      0.00      0.00      0.00    100.00
01:57:36         22      0.00      0.00      0.00      0.00      0.00    100.00
01:57:36         23      0.00      0.00      0.00      0.00      0.00    100.00
01:57:36         24      0.00      0.00      0.00      0.00      0.00    100.00
01:57:36         25      0.00      0.00      0.00      0.00      0.00    100.00
01:57:36         26      0.00      0.00      0.00      0.00      0.00    100.00
01:57:36         27      0.00      0.00      0.00      0.00      0.00    100.00
01:57:36         28      0.00      0.00      0.00      0.00      0.00    100.00
01:57:36         29      0.00      0.00      0.00      0.00      0.00    100.00
01:57:36         30      0.00      0.00      0.00      0.00      0.00    100.00
01:57:36         31      0.00      0.00      0.00      0.00      0.00    100.00
01:57:36         32      0.00      0.00      0.00      0.00      0.00    100.00
01:57:36         33      0.00      0.00      0.00      0.00      0.00    100.00
01:57:36         34      0.00      0.00      0.00      0.00      0.00    100.00
01:57:36         35      0.00      0.00      0.00      0.00      0.00    100.00
01:57:36         36      0.00      0.00      0.00      0.00      0.00    100.00
01:57:36         37      0.00      0.00      0.00      0.00      0.00    100.00
01:57:36         38      0.00      0.00      0.00      0.00      0.00    100.00
01:57:36         39      0.00      0.00      0.00      0.00      0.00    100.00

01:57:36        CPU     %user     %nice   %system   %iowait    %steal     %idle
01:57:37        all      0.03      0.00      0.03      0.00      0.00     99.95
01:57:37          0      0.00      0.00      0.00      0.00      0.00    100.00
01:57:37          1      0.00      0.00      0.00      0.00      0.00    100.00
01:57:37          2      0.00      0.00      1.00      0.00      0.00     99.00
01:57:37          3      0.00      0.00      0.00      0.00      0.00    100.00
01:57:37          4      0.00      0.00      0.00      0.00      0.00    100.00
01:57:37          5      0.00      0.00      0.00      0.00      0.00    100.00
01:57:37          6      0.00      0.00      0.00      0.00      0.00    100.00
01:57:37          7      0.00      0.00      0.00      0.00      0.00    100.00
01:57:37          8      0.00      0.00      0.00      0.00      0.00    100.00
01:57:37          9      0.00      0.00      0.00      0.00      0.00    100.00
01:57:37         10      0.00      0.00      0.00      0.00      0.00    100.00
01:57:37         11      0.00      0.00      0.00      0.00      0.00    100.00
01:57:37         12      0.00      0.00      0.00      0.00      0.00    100.00
01:57:37         13      1.00      0.00      0.00      0.00      0.00     99.00
01:57:37         14      0.00      0.00      0.00      0.00      0.00    100.00
01:57:37         15      0.00      0.00      0.00      0.00      0.00    100.00
01:57:37         16      0.00      0.00      0.00      0.00      0.00    100.00
01:57:37         17      0.00      0.00      0.00      0.00      0.00    100.00
01:57:37         18      0.00      0.00      0.00      0.00      0.00    100.00
01:57:37         19      0.00      0.00      0.00      0.00      0.00    100.00
01:57:37         20      0.00      0.00      0.00      0.00      0.00    100.00
01:57:37         21      0.00      0.00      0.00      0.00      0.00    100.00
01:57:37         22      0.00      0.00      0.00      0.00      0.00    100.00
01:57:37         23      0.00      0.00      0.00      0.00      0.00    100.00
01:57:37         24      0.00      0.00      0.00      0.00      0.00    100.00
01:57:37         25      0.00      0.00      0.00      0.00      0.00    100.00
01:57:37         26      0.00      0.00      0.00      0.00      0.00    100.00
01:57:37         27      0.00      0.00      0.00      0.00      0.00    100.00
01:57:37         28      0.00      0.00      0.00      0.00      0.00    100.00
01:57:37         29      0.00      0.00      0.00      0.00      0.00    100.00
01:57:37         30      0.00      0.00      0.00      0.00      0.00    100.00
01:57:37         31      0.00      0.00      0.00      0.00      0.00    100.00
01:57:37         32      0.00      0.00      0.00      0.00      0.00    100.00
01:57:37         33      0.00      0.00      0.00      0.00      0.00    100.00
01:57:37         34      0.00      0.00      0.00      0.00      0.00    100.00
01:57:37         35      0.00      0.00      0.00      0.00      0.00    100.00
01:57:37         36      0.00      0.00      0.00      0.00      0.00    100.00
01:57:37         37      0.00      0.00      0.00      0.00      0.00    100.00
01:57:37         38      0.00      0.00      0.00      0.00      0.00    100.00
01:57:37         39      0.00      0.00      0.00      0.00      0.00    100.00

01:57:37        CPU     %user     %nice   %system   %iowait    %steal     %idle
01:57:38        all      0.00      0.00      0.03      0.00      0.00     99.98
01:57:38          0      0.00      0.00      0.00      0.00      0.00    100.00
01:57:38          1      0.00      0.00      0.99      0.00      0.00     99.01
01:57:38          2      0.00      0.00      0.00      0.00      0.00    100.00
01:57:38          3      0.00      0.00      0.00      0.00      0.00    100.00
01:57:38          4      0.00      0.00      0.00      0.00      0.00    100.00
01:57:38          5      0.00      0.00      0.00      0.00      0.00    100.00
01:57:38          6      0.00      0.00      0.00      0.00      0.00    100.00
01:57:38          7      0.00      0.00      0.00      0.00      0.00    100.00
01:57:38          8      0.00      0.00      0.00      0.00      0.00    100.00
01:57:38          9      0.00      0.00      0.00      0.00      0.00    100.00
01:57:38         10      0.00      0.00      0.00      0.00      0.00    100.00
01:57:38         11      0.00      0.00      0.00      0.00      0.00    100.00
01:57:38         12      0.00      0.00      0.00      0.00      0.00    100.00
01:57:38         13      0.00      0.00      0.00      0.00      0.00    100.00
01:57:38         14      0.00      0.00      0.00      0.00      0.00    100.00
01:57:38         15      0.00      0.00      0.00      0.00      0.00    100.00
01:57:38         16      0.00      0.00      0.00      0.00      0.00    100.00
01:57:38         17      0.00      0.00      0.00      0.00      0.00    100.00
01:57:38         18      0.00      0.00      0.00      0.00      0.00    100.00
01:57:38         19      0.00      0.00      0.00      0.00      0.00    100.00
01:57:38         20      0.00      0.00      0.00      0.00      0.00    100.00
01:57:38         21      0.00      0.00      0.00      0.00      0.00    100.00
01:57:38         22      0.00      0.00      0.00      0.00      0.00    100.00
01:57:38         23      0.00      0.00      0.00      0.00      0.00    100.00
01:57:38         24      0.00      0.00      0.00      0.00      0.00    100.00
01:57:38         25      0.00      0.00      0.00      0.00      0.00    100.00
01:57:38         26      0.00      0.00      0.00      0.00      0.00    100.00
01:57:38         27      0.00      0.00      0.00      0.00      0.00    100.00
01:57:38         28      0.00      0.00      0.00      0.00      0.00    100.00
01:57:38         29      0.00      0.00      0.00      0.00      0.00    100.00
01:57:38         30      0.00      0.00      0.00      0.00      0.00    100.00
01:57:38         31      0.00      0.00      0.00      0.00      0.00    100.00
01:57:38         32      0.00      0.00      0.00      0.00      0.00    100.00
01:57:38         33      0.00      0.00      0.00      0.00      0.00    100.00
01:57:38         34      0.00      0.00      0.00      0.00      0.00    100.00
01:57:38         35      0.00      0.00      0.00      0.00      0.00    100.00
01:57:38         36      0.00      0.00      0.00      0.00      0.00    100.00
01:57:38         37      0.00      0.00      0.00      0.00      0.00    100.00
01:57:38         38      0.00      0.00      0.00      0.00      0.00    100.00
01:57:38         39      0.00      0.00      0.00      0.00      0.00    100.00

01:57:38        CPU     %user     %nice   %system   %iowait    %steal     %idle
01:57:39        all      0.00      0.00      0.03      0.00      0.00     99.97
01:57:39          0      0.00      0.00      0.00      0.00      0.00    100.00
01:57:39          1      0.00      0.00      0.00      0.00      0.00    100.00
01:57:39          2      0.00      0.00      0.99      0.00      0.00     99.01
01:57:39          3      0.00      0.00      0.00      0.00      0.00    100.00
01:57:39          4      0.00      0.00      0.00      0.00      0.00    100.00
01:57:39          5      0.00      0.00      0.00      0.00      0.00    100.00
01:57:39          6      0.00      0.00      0.00      0.00      0.00    100.00
01:57:39          7      0.00      0.00      0.00      0.00      0.00    100.00
01:57:39          8      0.00      0.00      0.00      0.00      0.00    100.00
01:57:39          9      0.00      0.00      0.00      0.00      0.00    100.00
01:57:39         10      0.00      0.00      0.00      0.00      0.00    100.00
01:57:39         11      0.00      0.00      0.00      0.00      0.00    100.00
01:57:39         12      0.00      0.00      0.00      0.00      0.00    100.00
01:57:39         13      0.00      0.00      0.00      0.00      0.00    100.00
01:57:39         14      0.00      0.00      0.00      0.00      0.00    100.00
01:57:39         15      0.00      0.00      0.00      0.00      0.00    100.00
01:57:39         16      0.00      0.00      0.00      0.00      0.00    100.00
01:57:39         17      0.00      0.00      0.00      0.00      0.00    100.00
01:57:39         18      0.00      0.00      0.00      0.00      0.00    100.00
01:57:39         19      0.00      0.00      0.00      0.00      0.00    100.00
01:57:39         20      0.00      0.00      0.00      0.00      0.00    100.00
01:57:39         21      0.00      0.00      0.00      0.00      0.00    100.00
01:57:39         22      0.00      0.00      0.00      0.00      0.00    100.00
01:57:39         23      0.00      0.00      0.00      0.00      0.00    100.00
01:57:39         24      0.00      0.00      0.00      0.00      0.00    100.00
01:57:39         25      0.00      0.00      0.00      0.00      0.00    100.00
01:57:39         26      0.00      0.00      0.00      0.00      0.00    100.00
01:57:39         27      0.00      0.00      0.00      0.00      0.00    100.00
01:57:39         28      0.00      0.00      0.00      0.00      0.00    100.00
01:57:39         29      0.00      0.00      0.00      0.00      0.00    100.00
01:57:39         30      0.00      0.00      0.00      0.00      0.00    100.00
01:57:39         31      0.00      0.00      0.00      0.00      0.00    100.00
01:57:39         32      0.00      0.00      0.00      0.00      0.00    100.00
01:57:39         33      0.00      0.00      0.00      0.00      0.00    100.00
01:57:39         34      0.00      0.00      0.00      0.00      0.00    100.00
01:57:39         35      0.00      0.00      0.00      0.00      0.00    100.00
01:57:39         36      0.00      0.00      0.00      0.00      0.00    100.00
01:57:39         37      0.00      0.00      0.00      0.00      0.00    100.00
01:57:39         38      0.00      0.00      0.00      0.00      0.00    100.00
01:57:39         39      0.00      0.00      0.00      0.00      0.00    100.00

01:57:39        CPU     %user     %nice   %system   %iowait    %steal     %idle
01:57:40        all      0.02      0.00      0.00      0.02      0.00     99.95
01:57:40          0      0.00      0.00      0.00      0.00      0.00    100.00
01:57:40          1      0.99      0.00      0.00      0.00      0.00     99.01
01:57:40          2      0.00      0.00      0.00      0.00      0.00    100.00
01:57:40          3      0.00      0.00      0.00      0.00      0.00    100.00
01:57:40          4      0.00      0.00      0.00      0.00      0.00    100.00
01:57:40          5      0.00      0.00      0.00      0.00      0.00    100.00
01:57:40          6      0.00      0.00      0.00      0.00      0.00    100.00
01:57:40          7      0.00      0.00      0.00      0.00      0.00    100.00
01:57:40          8      0.00      0.00      0.00      0.00      0.00    100.00
01:57:40          9      0.00      0.00      0.00      0.00      0.00    100.00
01:57:40         10      0.00      0.00      0.00      0.00      0.00    100.00
01:57:40         11      0.00      0.00      0.00      0.00      0.00    100.00
01:57:40         12      0.00      0.00      0.00      0.00      0.00    100.00
01:57:40         13      0.00      0.00      0.00      0.00      0.00    100.00
01:57:40         14      0.00      0.00      0.00      0.00      0.00    100.00
01:57:40         15      0.00      0.00      0.00      0.00      0.00    100.00
01:57:40         16      0.00      0.00      0.00      0.00      0.00    100.00
01:57:40         17      0.00      0.00      0.00      0.00      0.00    100.00
01:57:40         18      0.00      0.00      0.00      0.00      0.00    100.00
01:57:40         19      0.00      0.00      0.00      0.00      0.00    100.00
01:57:40         20      0.00      0.00      0.00      0.00      0.00    100.00
01:57:40         21      0.00      0.00      0.00      0.00      0.00    100.00
01:57:40         22      0.00      0.00      0.00      0.00      0.00    100.00
01:57:40         23      0.00      0.00      0.00      0.00      0.00    100.00
01:57:40         24      0.00      0.00      0.00      0.00      0.00    100.00
01:57:40         25      0.00      0.00      0.00      0.00      0.00    100.00
01:57:40         26      0.00      0.00      0.00      0.00      0.00    100.00
01:57:40         27      0.00      0.00      0.00      0.00      0.00    100.00
01:57:40         28      0.00      0.00      0.00      0.00      0.00    100.00
01:57:40         29      0.00      0.00      0.00      0.00      0.00    100.00
01:57:40         30      0.00      0.00      0.00      0.00      0.00    100.00
01:57:40         31      0.00      0.00      0.00      0.00      0.00    100.00
01:57:40         32      0.00      0.00      0.00      0.00      0.00    100.00
01:57:40         33      0.00      0.00      0.00      0.00      0.00    100.00
01:57:40         34      0.00      0.00      0.00      0.00      0.00    100.00
01:57:40         35      0.00      0.00      0.00      0.00      0.00    100.00
01:57:40         36      0.00      0.00      0.00      0.00      0.00    100.00
01:57:40         37      0.00      0.00      0.00      0.00      0.00    100.00
01:57:40         38      0.00      0.00      0.00      0.00      0.00    100.00
01:57:40         39      0.00      0.00      0.00      0.00      0.00    100.00

01:57:40        CPU     %user     %nice   %system   %iowait    %steal     %idle
01:57:41        all      0.00      0.00      0.00      0.00      0.00    100.00
01:57:41          0      0.00      0.00      0.00      0.00      0.00    100.00
01:57:41          1      0.00      0.00      0.00      0.00      0.00    100.00
01:57:41          2      1.00      0.00      0.00      0.00      0.00     99.00
01:57:41          3      0.00      0.00      0.00      0.00      0.00    100.00
01:57:41          4      0.00      0.00      0.00      0.00      0.00    100.00
01:57:41          5      0.00      0.00      0.00      0.00      0.00    100.00
01:57:41          6      0.00      0.00      0.00      0.00      0.00    100.00
01:57:41          7      0.00      0.00      0.00      0.00      0.00    100.00
01:57:41          8      0.00      0.00      0.00      0.00      0.00    100.00
01:57:41          9      0.00      0.00      0.00      0.00      0.00    100.00
01:57:41         10      0.00      0.00      0.00      0.00      0.00    100.00
01:57:41         11      0.00      0.00      0.00      0.00      0.00    100.00
01:57:41         12      0.00      0.00      0.00      0.00      0.00    100.00
01:57:41         13      0.00      0.00      0.00      0.00      0.00    100.00
01:57:41         14      0.00      0.00      0.00      0.00      0.00    100.00
01:57:41         15      0.00      0.00      0.00      0.00      0.00    100.00
01:57:41         16      0.00      0.00      0.00      0.00      0.00    100.00
01:57:41         17      0.00      0.00      0.00      0.00      0.00    100.00
01:57:41         18      0.00      0.00      0.00      0.00      0.00    100.00
01:57:41         19      0.00      0.00      0.00      0.00      0.00    100.00
01:57:41         20      0.00      0.00      0.00      0.00      0.00    100.00
01:57:41         21      0.00      0.00      0.00      0.00      0.00    100.00
01:57:41         22      0.00      0.00      0.00      0.00      0.00    100.00
01:57:41         23      0.00      0.00      0.00      0.00      0.00    100.00
01:57:41         24      0.00      0.00      0.00      0.00      0.00    100.00
01:57:41         25      0.00      0.00      0.00      0.00      0.00    100.00
01:57:41         26      0.00      0.00      0.00      0.00      0.00    100.00
01:57:41         27      0.00      0.00      0.00      0.00      0.00    100.00
01:57:41         28      0.00      0.00      0.00      0.00      0.00    100.00
01:57:41         29      0.00      0.00      0.00      0.00      0.00    100.00
01:57:41         30      0.00      0.00      0.00      0.00      0.00    100.00
01:57:41         31      0.00      0.00      0.00      0.00      0.00    100.00
01:57:41         32      0.00      0.00      0.00      0.00      0.00    100.00
01:57:41         33      0.00      0.00      0.00      0.00      0.00    100.00
01:57:41         34      0.00      0.00      0.00      0.00      0.00    100.00
01:57:41         35      0.00      0.00      0.00      0.00      0.00    100.00
01:57:41         36      0.00      0.00      0.00      0.00      0.00    100.00
01:57:41         37      0.00      0.00      0.00      0.00      0.00    100.00
01:57:41         38      0.00      0.00      0.00      0.00      0.00    100.00
01:57:41         39      0.00      0.00      0.00      0.00      0.00    100.00

01:57:41        CPU     %user     %nice   %system   %iowait    %steal     %idle
01:57:42        all      0.03      0.00      0.03      0.00      0.00     99.95
01:57:42          0      0.00      0.00      0.00      0.00      0.00    100.00
01:57:42          1      0.00      0.00      0.00      0.00      0.00    100.00
01:57:42          2      0.00      0.00      0.00      0.00      0.00    100.00
01:57:42          3      0.00      0.00      0.00      0.00      0.00    100.00
01:57:42          4      0.00      0.00      0.00      0.00      0.00    100.00
01:57:42          5      0.00      0.00      0.00      0.00      0.00    100.00
01:57:42          6      0.00      0.00      0.00      0.00      0.00    100.00
01:57:42          7      0.00      0.00      0.00      0.00      0.00    100.00
01:57:42          8      0.00      0.00      0.00      0.00      0.00    100.00
01:57:42          9      0.00      0.00      0.00      0.00      0.00    100.00
01:57:42         10      0.00      0.00      0.00      0.00      0.00    100.00
01:57:42         11      0.00      0.00      0.00      0.00      0.00    100.00
01:57:42         12      0.00      0.00      0.00      0.00      0.00    100.00
01:57:42         13      0.00      0.00      0.00      0.00      0.00    100.00
01:57:42         14      0.00      0.00      0.00      0.00      0.00    100.00
01:57:42         15      0.00      0.00      0.00      0.00      0.00    100.00
01:57:42         16      0.00      0.00      0.00      0.00      0.00    100.00
01:57:42         17      0.00      0.00      0.00      0.00      0.00    100.00
01:57:42         18      0.00      0.00      0.00      0.00      0.00    100.00
01:57:42         19      0.00      0.00      0.00      0.00      0.00    100.00
01:57:42         20      0.00      0.00      0.00      0.00      0.00    100.00
01:57:42         21      0.00      0.00      0.00      0.00      0.00    100.00
01:57:42         22      0.00      0.00      0.00      0.00      0.00    100.00
01:57:42         23      0.00      0.00      0.00      0.00      0.00    100.00
01:57:42         24      0.00      0.00      0.00      0.00      0.00    100.00
01:57:42         25      0.00      0.00      0.00      0.00      0.00    100.00
01:57:42         26      0.00      0.00      0.00      0.00      0.00    100.00
01:57:42         27      0.00      0.00      0.00      0.00      0.00    100.00
01:57:42         28      0.00      0.00      0.00      0.00      0.00    100.00
01:57:42         29      0.00      0.00      0.00      0.00      0.00    100.00
01:57:42         30      0.00      0.00      0.00      0.00      0.00    100.00
01:57:42         31      0.00      0.00      0.00      0.00      0.00    100.00
01:57:42         32      0.00      0.00      0.00      0.00      0.00    100.00
01:57:42         33      0.00      0.00      0.00      0.00      0.00    100.00
01:57:42         34      0.00      0.00      0.00      0.00      0.00    100.00
01:57:42         35      0.00      0.00      0.00      0.00      0.00    100.00
01:57:42         36      0.00      0.00      0.00      0.00      0.00    100.00
01:57:42         37      0.00      0.00      0.00      0.00      0.00    100.00
01:57:42         38      0.00      0.00      0.00      0.00      0.00    100.00
01:57:42         39      0.00      0.00      0.00      0.00      0.00    100.00

01:57:42        CPU     %user     %nice   %system   %iowait    %steal     %idle
01:57:43        all      0.00      0.00      0.03      0.00      0.00     99.97
01:57:43          0      0.00      0.00      0.00      0.00      0.00    100.00
01:57:43          1      0.00      0.00      0.99      0.00      0.00     99.01
01:57:43          2      0.00      0.00      0.99      0.00      0.00     99.01
01:57:43          3      0.00      0.00      0.00      0.00      0.00    100.00
01:57:43          4      0.00      0.00      0.00      0.00      0.00    100.00
01:57:43          5      0.00      0.00      0.00      0.00      0.00    100.00
01:57:43          6      0.00      0.00      0.00      0.00      0.00    100.00
01:57:43          7      0.00      0.00      0.00      0.00      0.00    100.00
01:57:43          8      0.00      0.00      0.00      0.00      0.00    100.00
01:57:43          9      0.00      0.00      0.00      0.00      0.00    100.00
01:57:43         10      0.00      0.00      0.00      0.00      0.00    100.00
01:57:43         11      0.00      0.00      0.00      0.00      0.00    100.00
01:57:43         12      0.00      0.00      0.00      0.00      0.00    100.00
01:57:43         13      0.00      0.00      0.00      0.00      0.00    100.00
01:57:43         14      0.00      0.00      0.00      0.00      0.00    100.00
01:57:43         15      0.00      0.00      0.00      0.00      0.00    100.00
01:57:43         16      0.00      0.00      0.00      0.00      0.00    100.00
01:57:43         17      0.00      0.00      0.00      0.00      0.00    100.00
01:57:43         18      0.00      0.00      0.00      0.00      0.00    100.00
01:57:43         19      0.00      0.00      0.00      0.00      0.00    100.00
01:57:43         20      0.00      0.00      0.00      0.00      0.00    100.00
01:57:43         21      0.00      0.00      0.00      0.00      0.00    100.00
01:57:43         22      0.00      0.00      0.00      0.00      0.00    100.00
01:57:43         23      0.00      0.00      0.00      0.00      0.00    100.00
01:57:43         24      0.00      0.00      0.00      0.00      0.00    100.00
01:57:43         25      0.00      0.00      0.00      0.00      0.00    100.00
01:57:43         26      0.00      0.00      0.00      0.00      0.00    100.00
01:57:43         27      0.00      0.00      0.00      0.00      0.00    100.00
01:57:43         28      0.00      0.00      0.00      0.00      0.00    100.00
01:57:43         29      0.00      0.00      0.00      0.00      0.00    100.00
01:57:43         30      0.00      0.00      0.00      0.00      0.00    100.00
01:57:43         31      0.00      0.00      0.00      0.00      0.00    100.00
01:57:43         32      0.00      0.00      0.00      0.00      0.00    100.00
01:57:43         33      0.00      0.00      0.00      0.00      0.00    100.00
01:57:43         34      0.00      0.00      0.00      0.00      0.00    100.00
01:57:43         35      0.00      0.00      0.00      0.00      0.00    100.00
01:57:43         36      0.00      0.00      0.00      0.00      0.00    100.00
01:57:43         37      0.00      0.00      0.00      0.00      0.00    100.00
01:57:43         38      0.00      0.00      0.00      0.00      0.00    100.00
01:57:43         39      0.00      0.00      0.00      0.00      0.00    100.00

01:57:43        CPU     %user     %nice   %system   %iowait    %steal     %idle
01:57:44        all      0.00      0.00      0.03      0.00      0.00     99.98
01:57:44          0      0.00      0.00      0.00      0.00      0.00    100.00
01:57:44          1      0.00      0.00      0.00      0.00      0.00    100.00
01:57:44          2      0.00      0.00      0.00      0.00      0.00    100.00
01:57:44          3      0.00      0.00      0.00      0.00      0.00    100.00
01:57:44          4      0.00      0.00      0.00      0.00      0.00    100.00
01:57:44          5      0.00      0.00      0.00      0.00      0.00    100.00
01:57:44          6      0.00      0.00      0.00      0.00      0.00    100.00
01:57:44          7      0.00      0.00      0.00      0.00      0.00    100.00
01:57:44          8      0.00      0.00      0.00      0.00      0.00    100.00
01:57:44          9      0.00      0.00      0.00      0.00      0.00    100.00
01:57:44         10      0.00      0.00      0.00      0.00      0.00    100.00
01:57:44         11      0.00      0.00      0.00      0.00      0.00    100.00
01:57:44         12      0.00      0.00      0.00      0.00      0.00    100.00
01:57:44         13      0.00      0.00      1.00      0.00      0.00     99.00
01:57:44         14      0.00      0.00      0.00      0.00      0.00    100.00
01:57:44         15      0.00      0.00      0.00      0.00      0.00    100.00
01:57:44         16      0.00      0.00      0.00      0.00      0.00    100.00
01:57:44         17      0.00      0.00      0.00      0.00      0.00    100.00
01:57:44         18      0.00      0.00      0.00      0.00      0.00    100.00
01:57:44         19      0.00      0.00      0.00      0.00      0.00    100.00
01:57:44         20      0.00      0.00      0.00      0.00      0.00    100.00
01:57:44         21      0.00      0.00      0.00      0.00      0.00    100.00
01:57:44         22      0.00      0.00      0.00      0.00      0.00    100.00
01:57:44         23      0.00      0.00      0.00      0.00      0.00    100.00
01:57:44         24      0.00      0.00      0.00      0.00      0.00    100.00
01:57:44         25      0.00      0.00      0.00      0.00      0.00    100.00
01:57:44         26      0.00      0.00      0.00      0.00      0.00    100.00
01:57:44         27      0.00      0.00      0.00      0.00      0.00    100.00
01:57:44         28      0.00      0.00      0.00      0.00      0.00    100.00
01:57:44         29      0.00      0.00      0.00      0.00      0.00    100.00
01:57:44         30      0.00      0.00      0.00      0.00      0.00    100.00
01:57:44         31      0.00      0.00      0.00      0.00      0.00    100.00
01:57:44         32      0.00      0.00      0.00      0.00      0.00    100.00
01:57:44         33      0.00      0.00      0.00      0.00      0.00    100.00
01:57:44         34      0.00      0.00      0.00      0.00      0.00    100.00
01:57:44         35      0.00      0.00      0.00      0.00      0.00    100.00
01:57:44         36      0.00      0.00      0.00      0.00      0.00    100.00
01:57:44         37      0.00      0.00      0.00      0.00      0.00    100.00
01:57:44         38      0.00      0.00      0.00      0.00      0.00    100.00
01:57:44         39      0.00      0.00      0.00      0.00      0.00    100.00

01:57:44        CPU     %user     %nice   %system   %iowait    %steal     %idle
01:57:45        all      0.00      0.00      0.00      0.00      0.00    100.00
01:57:45          0      0.00      0.00      0.00      0.00      0.00    100.00
01:57:45          1      0.00      0.00      0.00      0.00      0.00    100.00
01:57:45          2      0.00      0.00      0.00      0.00      0.00    100.00
01:57:45          3      0.00      0.00      0.00      0.00      0.00    100.00
01:57:45          4      0.00      0.00      0.00      0.00      0.00    100.00
01:57:45          5      0.00      0.00      0.00      0.00      0.00    100.00
01:57:45          6      0.00      0.00      0.00      0.00      0.00    100.00
01:57:45          7      0.00      0.00      0.00      0.00      0.00    100.00
01:57:45          8      0.00      0.00      0.00      0.00      0.00    100.00
01:57:45          9      0.00      0.00      0.00      0.00      0.00    100.00
01:57:45         10      0.00      0.00      0.00      0.00      0.00    100.00
01:57:45         11      0.00      0.00      0.00      0.00      0.00    100.00
01:57:45         12      0.00      0.00      0.00      0.00      0.00    100.00
01:57:45         13      0.00      0.00      0.00      0.00      0.00    100.00
01:57:45         14      0.00      0.00      0.00      0.00      0.00    100.00
01:57:45         15      0.00      0.00      0.00      0.00      0.00    100.00
01:57:45         16      0.00      0.00      0.00      0.00      0.00    100.00
01:57:45         17      0.00      0.00      0.00      0.00      0.00    100.00
01:57:45         18      0.00      0.00      0.00      0.00      0.00    100.00
01:57:45         19      0.00      0.00      0.00      0.00      0.00    100.00
01:57:45         20      0.00      0.00      0.00      0.00      0.00    100.00
01:57:45         21      0.00      0.00      0.00      0.00      0.00    100.00
01:57:45         22      0.00      0.00      0.00      0.00      0.00    100.00
01:57:45         23      0.00      0.00      0.00      0.00      0.00    100.00
01:57:45         24      0.00      0.00      0.00      0.00      0.00    100.00
01:57:45         25      0.00      0.00      0.00      0.00      0.00    100.00
01:57:45         26      0.00      0.00      0.00      0.00      0.00    100.00
01:57:45         27      0.00      0.00      0.00      0.00      0.00    100.00
01:57:45         28      0.00      0.00      0.00      0.00      0.00    100.00
01:57:45         29      0.00      0.00      0.00      0.00      0.00    100.00
01:57:45         30      0.00      0.00      0.00      0.00      0.00    100.00
01:57:45         31      0.00      0.00      0.00      0.00      0.00    100.00
01:57:45         32      0.00      0.00      0.00      0.00      0.00    100.00
01:57:45         33      0.00      0.00      0.00      0.00      0.00    100.00
01:57:45         34      0.00      0.00      0.00      0.00      0.00    100.00
01:57:45         35      0.00      0.00      0.00      0.00      0.00    100.00
01:57:45         36      0.00      0.00      0.00      0.00      0.00    100.00
01:57:45         37      0.00      0.00      0.00      0.00      0.00    100.00
01:57:45         38      0.00      0.00      0.00      0.00      0.00    100.00
01:57:45         39      0.00      0.00      0.00      0.00      0.00    100.00

01:57:45        CPU     %user     %nice   %system   %iowait    %steal     %idle
01:57:46        all      0.00      0.00      0.03      0.00      0.00     99.98
01:57:46          0      0.00      0.00      0.00      0.00      0.00    100.00
01:57:46          1      0.00      0.00      0.00      0.00      0.00    100.00
01:57:46          2      0.00      0.00      0.00      0.00      0.00    100.00
01:57:46          3      0.00      0.00      0.00      0.00      0.00    100.00
01:57:46          4      0.00      0.00      0.00      0.00      0.00    100.00
01:57:46          5      0.00      0.00      0.00      0.00      0.00    100.00
01:57:46          6      0.00      0.00      0.00      0.00      0.00    100.00
01:57:46          7      0.00      0.00      0.00      0.00      0.00    100.00
01:57:46          8      0.00      0.00      0.00      0.00      0.00    100.00
01:57:46          9      0.00      0.00      0.00      0.00      0.00    100.00
01:57:46         10      0.00      0.00      0.00      0.00      0.00    100.00
01:57:46         11      0.00      0.00      0.00      0.00      0.00    100.00
01:57:46         12      0.00      0.00      0.00      0.00      0.00    100.00
01:57:46         13      0.00      0.00      0.00      0.00      0.00    100.00
01:57:46         14      0.00      0.00      0.00      0.00      0.00    100.00
01:57:46         15      0.00      0.00      0.00      0.00      0.00    100.00
01:57:46         16      0.00      0.00      0.00      0.00      0.00    100.00
01:57:46         17      0.00      0.00      0.00      0.00      0.00    100.00
01:57:46         18      0.00      0.00      0.00      0.00      0.00    100.00
01:57:46         19      0.00      0.00      0.00      0.00      0.00    100.00
01:57:46         20      0.00      0.00      0.00      0.00      0.00    100.00
01:57:46         21      0.00      0.00      0.00      0.00      0.00    100.00
01:57:46         22      0.00      0.00      0.00      0.00      0.00    100.00
01:57:46         23      0.00      0.00      0.00      0.00      0.00    100.00
01:57:46         24      0.00      0.00      0.00      0.00      0.00    100.00
01:57:46         25      0.00      0.00      0.00      0.00      0.00    100.00
01:57:46         26      0.00      0.00      0.00      0.00      0.00    100.00
01:57:46         27      0.00      0.00      0.00      0.00      0.00    100.00
01:57:46         28      0.00      0.00      0.00      0.00      0.00    100.00
01:57:46         29      0.00      0.00      0.00      0.00      0.00    100.00
01:57:46         30      0.00      0.00      0.00      0.00      0.00    100.00
01:57:46         31      0.00      0.00      0.00      0.00      0.00    100.00
01:57:46         32      0.00      0.00      0.00      0.00      0.00    100.00
01:57:46         33      0.00      0.00      0.00      0.00      0.00    100.00
01:57:46         34      0.00      0.00      0.00      0.00      0.00    100.00
01:57:46         35      0.00      0.00      0.00      0.00      0.00    100.00
01:57:46         36      0.00      0.00      0.00      0.00      0.00    100.00
01:57:46         37      0.00      0.00      0.00      0.00      0.00    100.00
01:57:46         38      0.00      0.00      0.00      0.00      0.00    100.00
01:57:46         39      0.00      0.00      0.00      0.00      0.00    100.00

01:57:46        CPU     %user     %nice   %system   %iowait    %steal     %idle
01:57:47        all      2.25      0.00      0.35      0.00      0.00     97.39
01:57:47          0      0.00      0.00      0.00      0.00      0.00    100.00
01:57:47          1      6.93      0.00      0.99      0.00      0.00     92.08
01:57:47          2     15.84      0.00      1.98      0.00      0.00     82.18
01:57:47          3      8.00      0.00      1.00      0.00      0.00     91.00
01:57:47          4      5.00      0.00      1.00      0.00      0.00     94.00
01:57:47          5      0.00      0.00      0.00      0.00      0.00    100.00
01:57:47          6      4.04      0.00      1.01      0.00      0.00     94.95
01:57:47          7      0.00      0.00      0.00      0.00      0.00    100.00
01:57:47          8      5.00      0.00      1.00      0.00      0.00     94.00
01:57:47          9      0.00      0.00      0.99      0.00      0.00     99.01
01:57:47         10      1.00      0.00      1.00      0.00      0.00     98.00
01:57:47         11      0.00      0.00      0.00      0.00      0.00    100.00
01:57:47         12      0.00      0.00      0.00      0.00      0.00    100.00
01:57:47         13      1.00      0.00      0.00      0.00      0.00     99.00
01:57:47         14      0.00      0.00      1.00      0.00      0.00     99.00
01:57:47         15      0.00      0.00      0.00      0.00      0.00    100.00
01:57:47         16      2.00      0.00      0.00      0.00      0.00     98.00
01:57:47         17      0.00      0.00      0.00      0.00      0.00    100.00
01:57:47         18      0.00      0.00      0.00      0.00      0.00    100.00
01:57:47         19      0.00      0.00      0.00      0.00      0.00    100.00
01:57:47         20      0.00      0.00      0.00      0.00      0.00    100.00
01:57:47         21      3.03      0.00      1.01      0.00      0.00     95.96
01:57:47         22      0.00      0.00      0.00      0.00      0.00    100.00
01:57:47         23      7.14      0.00      0.00      0.00      0.00     92.86
01:57:47         24      0.00      0.00      1.00      0.00      0.00     99.00
01:57:47         25      0.00      0.00      0.00      0.00      0.00    100.00
01:57:47         26      0.99      0.00      0.99      0.00      0.00     98.02
01:57:47         27      1.00      0.00      0.00      0.00      0.00     99.00
01:57:47         28      2.00      0.00      1.00      0.00      0.00     97.00
01:57:47         29      6.00      0.00      1.00      0.00      0.00     93.00
01:57:47         30      0.00      0.00      0.00      0.00      0.00    100.00
01:57:47         31      1.00      0.00      1.00      0.00      0.00     98.00
01:57:47         32      0.00      0.00      0.00      0.00      0.00    100.00
01:57:47         33      0.00      0.00      0.00      0.00      0.00    100.00
01:57:47         34      0.00      0.00      0.00      0.00      0.00    100.00
01:57:47         35      2.02      0.00      0.00      0.00      0.00     97.98
01:57:47         36      0.00      0.00      0.00      0.00      0.00    100.00
01:57:47         37     16.00      0.00      2.00      0.00      0.00     82.00
01:57:47         38      0.00      0.00      0.00      0.00      0.00    100.00
01:57:47         39      0.00      0.00      0.00      0.00      0.00    100.00

01:57:47        CPU     %user     %nice   %system   %iowait    %steal     %idle
01:57:48        all      6.11      0.00      2.00      0.23      0.00     91.66
01:57:48          0      5.94      0.00      2.97      0.00      0.00     91.09
01:57:48          1      6.00      0.00      2.00      0.00      0.00     92.00
01:57:48          2      5.00      0.00      3.00      0.00      0.00     92.00
01:57:48          3     31.68      0.00      6.93      1.98      0.00     59.41
01:57:48          4      1.01      0.00      2.02      0.00      0.00     96.97
01:57:48          5      4.00      0.00      2.00      0.00      0.00     94.00
01:57:48          6     37.37      0.00      6.06      0.00      0.00     56.57
01:57:48          7      1.00      0.00      2.00      0.00      0.00     97.00
01:57:48          8      1.01      0.00      1.01      0.00      0.00     97.98
01:57:48          9      0.00      0.00      0.00      0.00      0.00    100.00
01:57:48         10      0.00      0.00      0.00      0.00      0.00    100.00
01:57:48         11      0.00      0.00      1.00      1.00      0.00     98.00
01:57:48         12     14.14      0.00      5.05      0.00      0.00     80.81
01:57:48         13      1.98      0.00      1.98      0.00      0.00     96.04
01:57:48         14      0.00      0.00      1.00      0.00      0.00     99.00
01:57:48         15      0.00      0.00      0.00      0.00      0.00    100.00
01:57:48         16      2.00      0.00      2.00      0.00      0.00     96.00
01:57:48         17      0.00      0.00      0.99      0.00      0.00     99.01
01:57:48         18      0.99      0.00      0.99      0.00      0.00     98.02
01:57:48         19     22.45      0.00      4.08      0.00      0.00     73.47
01:57:48         20      1.00      0.00      1.00      0.00      0.00     98.00
01:57:48         21      0.99      0.00      0.00      0.00      0.00     99.01
01:57:48         22     12.00      0.00      2.00      0.00      0.00     86.00
01:57:48         23      4.00      0.00      1.00      0.00      0.00     95.00
01:57:48         24      0.00      0.00      1.00      0.00      0.00     99.00
01:57:48         25      4.95      0.00      1.98      0.00      0.00     93.07
01:57:48         26      0.00      0.00      0.00      0.00      0.00    100.00
01:57:48         27      0.00      0.00      0.99      0.00      0.00     99.01
01:57:48         28      1.01      0.00      0.00      2.02      0.00     96.97
01:57:48         29      7.00      0.00      1.00      1.00      0.00     91.00
01:57:48         30      2.00      0.00      1.00      0.00      0.00     97.00
01:57:48         31      4.04      0.00      1.01      0.00      0.00     94.95
01:57:48         32     21.00      0.00      3.00      0.00      0.00     76.00
01:57:48         33      0.00      0.00      0.00      0.00      0.00    100.00
01:57:48         34      0.00      0.00      0.00      0.00      0.00    100.00
01:57:48         35      3.00      0.00      3.00      2.00      0.00     92.00
01:57:48         36      0.00      0.00      0.99      0.00      0.00     99.01
01:57:48         37     18.18      0.00      7.07      0.00      0.00     74.75
01:57:48         38     15.15      0.00      2.02      0.00      0.00     82.83
01:57:48         39     17.17      0.00      5.05      2.02      0.00     75.76

01:57:48        CPU     %user     %nice   %system   %iowait    %steal     %idle
01:57:49        all      0.00      0.00      0.03      0.00      0.00     99.97
01:57:49          0      0.00      0.00      0.00      0.00      0.00    100.00
01:57:49          1      0.00      0.00      0.00      0.00      0.00    100.00
01:57:49          2      0.00      0.00      0.00      0.00      0.00    100.00
01:57:49          3      0.00      0.00      0.00      0.00      0.00    100.00
01:57:49          4      0.00      0.00      0.00      0.00      0.00    100.00
01:57:49          5      0.00      0.00      0.00      0.00      0.00    100.00
01:57:49          6      0.00      0.00      0.00      0.00      0.00    100.00
01:57:49          7      0.00      0.00      0.00      0.00      0.00    100.00
01:57:49          8      0.00      0.00      0.00      0.00      0.00    100.00
01:57:49          9      0.00      0.00      0.00      0.00      0.00    100.00
01:57:49         10      0.00      0.00      0.00      0.00      0.00    100.00
01:57:49         11      0.00      0.00      0.00      0.00      0.00    100.00
01:57:49         12      0.00      0.00      0.00      0.00      0.00    100.00
01:57:49         13      0.00      0.00      0.00      0.00      0.00    100.00
01:57:49         14      0.00      0.00      0.00      0.00      0.00    100.00
01:57:49         15      0.00      0.00      0.00      0.00      0.00    100.00
01:57:49         16      0.00      0.00      0.00      0.00      0.00    100.00
01:57:49         17      0.00      0.00      0.00      0.00      0.00    100.00
01:57:49         18      0.00      0.00      0.00      0.00      0.00    100.00
01:57:49         19      0.00      0.00      0.00      0.00      0.00    100.00
01:57:49         20      0.00      0.00      0.00      0.00      0.00    100.00
01:57:49         21      0.00      0.00      0.00      0.00      0.00    100.00
01:57:49         22      0.00      0.00      0.00      0.00      0.00    100.00
01:57:49         23      0.00      0.00      0.00      0.00      0.00    100.00
01:57:49         24      0.00      0.00      0.00      0.00      0.00    100.00
01:57:49         25      0.00      0.00      0.00      0.00      0.00    100.00
01:57:49         26      0.00      0.00      0.00      0.00      0.00    100.00
01:57:49         27      0.00      0.00      0.00      0.00      0.00    100.00
01:57:49         28      0.00      0.00      0.00      0.00      0.00    100.00
01:57:49         29      0.00      0.00      0.00      0.00      0.00    100.00
01:57:49         30      0.00      0.00      0.00      0.00      0.00    100.00
01:57:49         31      0.00      0.00      0.00      0.00      0.00    100.00
01:57:49         32      0.00      0.00      0.00      0.00      0.00    100.00
01:57:49         33      0.00      0.00      0.00      0.00      0.00    100.00
01:57:49         34      0.00      0.00      0.00      0.00      0.00    100.00
01:57:49         35      0.00      0.00      0.00      0.00      0.00    100.00
01:57:49         36      0.00      0.00      0.00      0.00      0.00    100.00
01:57:49         37      0.00      0.00      0.00      0.00      0.00    100.00
01:57:49         38      0.00      0.00      0.00      0.00      0.00    100.00
01:57:49         39      0.00      0.00      0.00      0.00      0.00    100.00

01:57:49        CPU     %user     %nice   %system   %iowait    %steal     %idle
01:57:50        all      0.00      0.00      0.00      0.00      0.00    100.00
01:57:50          0      0.00      0.00      0.00      0.00      0.00    100.00
01:57:50          1      0.00      0.00      0.00      0.00      0.00    100.00
01:57:50          2      1.00      0.00      0.00      0.00      0.00     99.00
01:57:50          3      0.00      0.00      0.00      0.00      0.00    100.00
01:57:50          4      0.00      0.00      0.00      0.00      0.00    100.00
01:57:50          5      0.00      0.00      0.00      0.00      0.00    100.00
01:57:50          6      0.00      0.00      0.00      0.00      0.00    100.00
01:57:50          7      0.00      0.00      0.00      0.00      0.00    100.00
01:57:50          8      0.00      0.00      0.00      0.00      0.00    100.00
01:57:50          9      0.00      0.00      0.00      0.00      0.00    100.00
01:57:50         10      0.00      0.00      0.00      0.00      0.00    100.00
01:57:50         11      0.00      0.00      0.00      0.00      0.00    100.00
01:57:50         12      0.00      0.00      0.00      0.00      0.00    100.00
01:57:50         13      0.00      0.00      0.00      0.00      0.00    100.00
01:57:50         14      0.00      0.00      0.00      0.00      0.00    100.00
01:57:50         15      0.00      0.00      0.00      0.00      0.00    100.00
01:57:50         16      0.00      0.00      0.00      0.00      0.00    100.00
01:57:50         17      0.00      0.00      0.00      0.00      0.00    100.00
01:57:50         18      0.00      0.00      0.00      0.00      0.00    100.00
01:57:50         19      0.00      0.00      0.00      0.00      0.00    100.00
01:57:50         20      0.00      0.00      0.00      0.00      0.00    100.00
01:57:50         21      0.00      0.00      0.00      0.00      0.00    100.00
01:57:50         22      0.00      0.00      0.00      0.00      0.00    100.00
01:57:50         23      0.00      0.00      0.00      0.00      0.00    100.00
01:57:50         24      0.00      0.00      0.00      0.00      0.00    100.00
01:57:50         25      0.00      0.00      0.00      0.00      0.00    100.00
01:57:50         26      0.00      0.00      0.00      0.00      0.00    100.00
01:57:50         27      0.00      0.00      0.00      0.00      0.00    100.00
01:57:50         28      0.00      0.00      0.00      0.00      0.00    100.00
01:57:50         29      0.00      0.00      0.00      0.00      0.00    100.00
01:57:50         30      0.00      0.00      0.00      0.00      0.00    100.00
01:57:50         31      0.00      0.00      0.00      0.00      0.00    100.00
01:57:50         32      0.00      0.00      0.00      0.00      0.00    100.00
01:57:50         33      0.00      0.00      0.00      0.00      0.00    100.00
01:57:50         34      0.00      0.00      0.00      0.00      0.00    100.00
01:57:50         35      0.00      0.00      0.00      0.00      0.00    100.00
01:57:50         36      0.00      0.00      0.00      0.00      0.00    100.00
01:57:50         37      0.00      0.00      0.00      0.00      0.00    100.00
01:57:50         38      0.00      0.00      0.00      0.00      0.00    100.00
01:57:50         39      0.00      0.00      0.00      0.00      0.00    100.00

01:57:50        CPU     %user     %nice   %system   %iowait    %steal     %idle
01:57:51        all      0.02      0.00      0.02      0.10      0.00     99.85
01:57:51          0      0.00      0.00      0.99      0.00      0.00     99.01
01:57:51          1      0.99      0.00      0.00      0.00      0.00     99.01
01:57:51          2      0.00      0.00      0.00      0.00      0.00    100.00
01:57:51          3      0.00      0.00      0.00      0.00      0.00    100.00
01:57:51          4      0.00      0.00      1.00      3.00      0.00     96.00
01:57:51          5      0.00      0.00      0.00      0.00      0.00    100.00
01:57:51          6      0.00      0.00      0.00      0.00      0.00    100.00
01:57:51          7      0.00      0.00      0.00      0.00      0.00    100.00
01:57:51          8      0.00      0.00      0.00      0.00      0.00    100.00
01:57:51          9      0.00      0.00      0.00      0.00      0.00    100.00
01:57:51         10      0.00      0.00      0.00      0.00      0.00    100.00
01:57:51         11      0.00      0.00      0.00      0.00      0.00    100.00
01:57:51         12      0.00      0.00      0.00      0.00      0.00    100.00
01:57:51         13      0.00      0.00      0.00      0.00      0.00    100.00
01:57:51         14      0.00      0.00      0.00      0.00      0.00    100.00
01:57:51         15      0.00      0.00      0.00      0.00      0.00    100.00
01:57:51         16      0.00      0.00      0.00      0.00      0.00    100.00
01:57:51         17      0.00      0.00      0.00      0.00      0.00    100.00
01:57:51         18      0.00      0.00      0.00      0.00      0.00    100.00
01:57:51         19      0.00      0.00      0.00      0.00      0.00    100.00
01:57:51         20      0.00      0.00      0.00      0.00      0.00    100.00
01:57:51         21      0.00      0.00      0.00      0.00      0.00    100.00
01:57:51         22      0.00      0.00      0.00      0.00      0.00    100.00
01:57:51         23      0.00      0.00      0.00      0.00      0.00    100.00
01:57:51         24      0.00      0.00      0.00      0.00      0.00    100.00
01:57:51         25      0.00      0.00      0.00      0.00      0.00    100.00
01:57:51         26      0.00      0.00      0.00      0.00      0.00    100.00
01:57:51         27      0.00      0.00      0.00      0.00      0.00    100.00
01:57:51         28      0.00      0.00      0.00      0.00      0.00    100.00
01:57:51         29      0.00      0.00      0.00      0.00      0.00    100.00
01:57:51         30      0.00      0.00      0.00      0.00      0.00    100.00
01:57:51         31      0.00      0.00      0.00      0.00      0.00    100.00
01:57:51         32      0.00      0.00      0.00      0.00      0.00    100.00
01:57:51         33      0.00      0.00      0.00      0.00      0.00    100.00
01:57:51         34      0.00      0.00      0.00      0.00      0.00    100.00
01:57:51         35      0.00      0.00      0.00      0.00      0.00    100.00
01:57:51         36      0.00      0.00      0.00      0.00      0.00    100.00
01:57:51         37      0.00      0.00      0.00      0.00      0.00    100.00
01:57:51         38      0.00      0.00      0.00      0.00      0.00    100.00
01:57:51         39      0.00      0.00      0.00      0.00      0.00    100.00

01:57:51        CPU     %user     %nice   %system   %iowait    %steal     %idle
01:57:52        all      0.00      0.00      0.03      0.00      0.00     99.98
01:57:52          0      0.00      0.00      0.00      0.00      0.00    100.00
01:57:52          1      0.00      0.00      0.99      0.00      0.00     99.01
01:57:52          2      0.00      0.00      0.00      0.00      0.00    100.00
01:57:52          3      0.00      0.00      0.00      0.00      0.00    100.00
01:57:52          4      0.00      0.00      0.00      0.00      0.00    100.00
01:57:52          5      0.00      0.00      0.00      0.00      0.00    100.00
01:57:52          6      0.00      0.00      0.00      0.00      0.00    100.00
01:57:52          7      0.00      0.00      0.00      0.00      0.00    100.00
01:57:52          8      0.00      0.00      0.00      0.00      0.00    100.00
01:57:52          9      0.00      0.00      0.00      0.00      0.00    100.00
01:57:52         10      0.00      0.00      0.00      0.00      0.00    100.00
01:57:52         11      0.00      0.00      0.00      0.00      0.00    100.00
01:57:52         12      0.00      0.00      0.00      0.00      0.00    100.00
01:57:52         13      0.00      0.00      0.00      0.00      0.00    100.00
01:57:52         14      0.00      0.00      0.00      0.00      0.00    100.00
01:57:52         15      0.00      0.00      0.00      0.00      0.00    100.00
01:57:52         16      0.00      0.00      0.00      0.00      0.00    100.00
01:57:52         17      0.00      0.00      0.00      0.00      0.00    100.00
01:57:52         18      0.00      0.00      0.00      0.00      0.00    100.00
01:57:52         19      0.00      0.00      0.00      0.00      0.00    100.00
01:57:52         20      0.00      0.00      0.00      0.00      0.00    100.00
01:57:52         21      0.00      0.00      0.00      0.00      0.00    100.00
01:57:52         22      0.00      0.00      0.00      0.00      0.00    100.00
01:57:52         23      0.00      0.00      0.00      0.00      0.00    100.00
01:57:52         24      0.00      0.00      0.00      0.00      0.00    100.00
01:57:52         25      0.00      0.00      0.00      0.00      0.00    100.00
01:57:52         26      0.00      0.00      0.00      0.00      0.00    100.00
01:57:52         27      0.00      0.00      0.00      0.00      0.00    100.00
01:57:52         28      0.00      0.00      0.00      0.00      0.00    100.00
01:57:52         29      0.00      0.00      0.00      0.00      0.00    100.00
01:57:52         30      0.00      0.00      0.00      0.00      0.00    100.00
01:57:52         31      0.00      0.00      0.00      0.00      0.00    100.00
01:57:52         32      0.00      0.00      0.00      0.00      0.00    100.00
01:57:52         33      0.00      0.00      0.00      0.00      0.00    100.00
01:57:52         34      0.00      0.00      0.00      0.00      0.00    100.00
01:57:52         35      0.00      0.00      0.00      0.00      0.00    100.00
01:57:52         36      0.00      0.00      0.00      0.00      0.00    100.00
01:57:52         37      0.00      0.00      0.00      0.00      0.00    100.00
01:57:52         38      0.00      0.00      0.00      0.00      0.00    100.00
01:57:52         39      0.00      0.00      0.00      0.00      0.00    100.00

01:57:52        CPU     %user     %nice   %system   %iowait    %steal     %idle
01:57:53        all      0.00      0.00      0.05      0.00      0.00     99.95
01:57:53          0      0.00      0.00      0.00      0.00      0.00    100.00
01:57:53          1      0.00      0.00      0.00      0.00      0.00    100.00
01:57:53          2      0.00      0.00      0.00      0.00      0.00    100.00
01:57:53          3      0.00      0.00      0.00      0.00      0.00    100.00
01:57:53          4      0.00      0.00      0.00      0.00      0.00    100.00
01:57:53          5      0.00      0.00      0.00      0.00      0.00    100.00
01:57:53          6      0.00      0.00      0.00      0.00      0.00    100.00
01:57:53          7      0.00      0.00      0.00      0.00      0.00    100.00
01:57:53          8      0.00      0.00      0.00      0.00      0.00    100.00
01:57:53          9      0.00      0.00      0.00      0.00      0.00    100.00
01:57:53         10      0.00      0.00      0.00      0.00      0.00    100.00
01:57:53         11      0.00      0.00      0.00      0.00      0.00    100.00
01:57:53         12      0.00      0.00      0.00      0.00      0.00    100.00
01:57:53         13      0.00      0.00      0.00      0.00      0.00    100.00
01:57:53         14      0.00      0.00      0.00      0.00      0.00    100.00
01:57:53         15      0.00      0.00      0.00      0.00      0.00    100.00
01:57:53         16      0.00      0.00      0.00      0.00      0.00    100.00
01:57:53         17      0.00      0.00      0.00      0.00      0.00    100.00
01:57:53         18      0.00      0.00      0.00      0.00      0.00    100.00
01:57:53         19      0.00      0.00      0.00      0.00      0.00    100.00
01:57:53         20      0.00      0.00      0.00      0.00      0.00    100.00
01:57:53         21      0.00      0.00      0.00      0.00      0.00    100.00
01:57:53         22      0.00      0.00      0.00      0.00      0.00    100.00
01:57:53         23      0.00      0.00      0.00      0.00      0.00    100.00
01:57:53         24      0.00      0.00      0.00      0.00      0.00    100.00
01:57:53         25      0.00      0.00      1.00      0.00      0.00     99.00
01:57:53         26      0.00      0.00      0.00      0.00      0.00    100.00
01:57:53         27      0.00      0.00      0.00      0.00      0.00    100.00
01:57:53         28      0.00      0.00      0.00      0.00      0.00    100.00
01:57:53         29      0.00      0.00      0.00      0.00      0.00    100.00
01:57:53         30      0.00      0.00      0.00      0.00      0.00    100.00
01:57:53         31      0.00      0.00      0.00      0.00      0.00    100.00
01:57:53         32      0.00      0.00      0.00      0.00      0.00    100.00
01:57:53         33      0.00      0.00      0.00      0.00      0.00    100.00
01:57:53         34      0.00      0.00      0.00      0.00      0.00    100.00
01:57:53         35      0.00      0.00      0.00      0.00      0.00    100.00
01:57:53         36      0.00      0.00      0.00      0.00      0.00    100.00
01:57:53         37      0.00      0.00      0.00      0.00      0.00    100.00
01:57:53         38      0.00      0.00      0.00      0.00      0.00    100.00
01:57:53         39      0.00      0.00      0.00      0.00      0.00    100.00

01:57:53        CPU     %user     %nice   %system   %iowait    %steal     %idle
01:57:54        all      0.00      0.00      0.03      0.00      0.00     99.97
01:57:54          0      0.00      0.00      0.00      0.00      0.00    100.00
01:57:54          1      0.00      0.00      0.00      0.00      0.00    100.00
01:57:54          2      0.00      0.00      0.00      0.00      0.00    100.00
01:57:54          3      0.00      0.00      0.00      0.00      0.00    100.00
01:57:54          4      0.00      0.00      0.00      0.00      0.00    100.00
01:57:54          5      0.00      0.00      0.00      0.00      0.00    100.00
01:57:54          6      0.00      0.00      0.00      0.00      0.00    100.00
01:57:54          7      0.00      0.00      0.00      0.00      0.00    100.00
01:57:54          8      0.00      0.00      0.00      0.00      0.00    100.00
01:57:54          9      0.00      0.00      0.00      0.00      0.00    100.00
01:57:54         10      0.00      0.00      0.00      0.00      0.00    100.00
01:57:54         11      0.00      0.00      0.00      0.00      0.00    100.00
01:57:54         12      0.00      0.00      0.00      0.00      0.00    100.00
01:57:54         13      0.00      0.00      0.00      0.00      0.00    100.00
01:57:54         14      0.00      0.00      0.00      0.00      0.00    100.00
01:57:54         15      0.00      0.00      0.00      0.00      0.00    100.00
01:57:54         16      0.00      0.00      0.00      0.00      0.00    100.00
01:57:54         17      0.00      0.00      0.00      0.00      0.00    100.00
01:57:54         18      0.00      0.00      0.00      0.00      0.00    100.00
01:57:54         19      0.00      0.00      0.00      0.00      0.00    100.00
01:57:54         20      0.00      0.00      0.00      0.00      0.00    100.00
01:57:54         21      0.00      0.00      0.00      0.00      0.00    100.00
01:57:54         22      0.00      0.00      0.00      0.00      0.00    100.00
01:57:54         23      0.00      0.00      0.00      0.00      0.00    100.00
01:57:54         24      0.00      0.00      0.00      0.00      0.00    100.00
01:57:54         25      0.00      0.00      0.00      0.00      0.00    100.00
01:57:54         26      0.00      0.00      0.00      0.00      0.00    100.00
01:57:54         27      0.00      0.00      0.00      0.00      0.00    100.00
01:57:54         28      0.00      0.00      0.00      0.00      0.00    100.00
01:57:54         29      0.00      0.00      0.00      0.00      0.00    100.00
01:57:54         30      0.00      0.00      0.00      0.00      0.00    100.00
01:57:54         31      0.00      0.00      0.00      0.00      0.00    100.00
01:57:54         32      0.00      0.00      0.00      0.00      0.00    100.00
01:57:54         33      0.00      0.00      0.00      0.00      0.00    100.00
01:57:54         34      0.00      0.00      0.00      0.00      0.00    100.00
01:57:54         35      0.00      0.00      0.00      0.00      0.00    100.00
01:57:54         36      0.00      0.00      0.00      0.00      0.00    100.00
01:57:54         37      0.00      0.00      0.00      0.00      0.00    100.00
01:57:54         38      0.00      0.00      0.00      0.00      0.00    100.00
01:57:54         39      0.00      0.00      0.00      0.00      0.00    100.00

01:57:54        CPU     %user     %nice   %system   %iowait    %steal     %idle
01:57:55        all      0.00      0.00      0.03      0.00      0.00     99.98
01:57:55          0      0.00      0.00      0.00      0.00      0.00    100.00
01:57:55          1      0.00      0.00      0.00      0.00      0.00    100.00
01:57:55          2      0.00      0.00      0.00      0.00      0.00    100.00
01:57:55          3      0.00      0.00      0.00      0.00      0.00    100.00
01:57:55          4      0.00      0.00      0.00      0.00      0.00    100.00
01:57:55          5      0.00      0.00      0.00      0.00      0.00    100.00
01:57:55          6      0.00      0.00      0.00      0.00      0.00    100.00
01:57:55          7      0.00      0.00      0.00      0.00      0.00    100.00
01:57:55          8      0.00      0.00      0.00      0.00      0.00    100.00
01:57:55          9      0.00      0.00      0.00      0.00      0.00    100.00
01:57:55         10      0.00      0.00      0.00      0.00      0.00    100.00
01:57:55         11      0.00      0.00      0.00      0.00      0.00    100.00
01:57:55         12      0.00      0.00      0.00      0.00      0.00    100.00
01:57:55         13      0.00      0.00      0.00      0.00      0.00    100.00
01:57:55         14      0.00      0.00      0.00      0.00      0.00    100.00
01:57:55         15      0.00      0.00      0.00      0.00      0.00    100.00
01:57:55         16      0.00      0.00      0.00      0.00      0.00    100.00
01:57:55         17      0.00      0.00      0.00      0.00      0.00    100.00
01:57:55         18      0.00      0.00      0.00      0.00      0.00    100.00
01:57:55         19      0.00      0.00      0.00      0.00      0.00    100.00
01:57:55         20      0.00      0.00      0.00      0.00      0.00    100.00
01:57:55         21      0.00      0.00      0.00      0.00      0.00    100.00
01:57:55         22      0.00      0.00      0.00      0.00      0.00    100.00
01:57:55         23      0.00      0.00      0.00      0.00      0.00    100.00
01:57:55         24      0.00      0.00      0.99      0.00      0.00     99.01
01:57:55         25      0.00      0.00      0.00      0.00      0.00    100.00
01:57:55         26      0.00      0.00      0.00      0.00      0.00    100.00
01:57:55         27      0.00      0.00      0.00      0.00      0.00    100.00
01:57:55         28      0.00      0.00      0.00      0.00      0.00    100.00
01:57:55         29      0.00      0.00      0.00      0.00      0.00    100.00
01:57:55         30      0.00      0.00      0.00      0.00      0.00    100.00
01:57:55         31      0.00      0.00      0.00      0.00      0.00    100.00
01:57:55         32      0.00      0.00      0.00      0.00      0.00    100.00
01:57:55         33      0.00      0.00      0.00      0.00      0.00    100.00
01:57:55         34      0.00      0.00      0.00      0.00      0.00    100.00
01:57:55         35      0.00      0.00      0.00      0.00      0.00    100.00
01:57:55         36      0.00      0.00      0.00      0.00      0.00    100.00
01:57:55         37      0.00      0.00      0.00      0.00      0.00    100.00
01:57:55         38      0.00      0.00      0.00      0.00      0.00    100.00
01:57:55         39      0.00      0.00      0.00      0.00      0.00    100.00

01:57:55        CPU     %user     %nice   %system   %iowait    %steal     %idle
01:57:56        all      0.00      0.00      0.03      0.00      0.00     99.97
01:57:56          0      0.00      0.00      0.00      0.00      0.00    100.00
01:57:56          1      0.00      0.00      0.99      0.00      0.00     99.01
01:57:56          2      0.00      0.00      0.00      0.00      0.00    100.00
01:57:56          3      0.00      0.00      1.00      0.00      0.00     99.00
01:57:56          4      0.00      0.00      0.00      0.00      0.00    100.00
01:57:56          5      0.00      0.00      0.00      0.00      0.00    100.00
01:57:56          6      0.00      0.00      0.00      0.00      0.00    100.00
01:57:56          7      0.00      0.00      0.00      0.00      0.00    100.00
01:57:56          8      0.00      0.00      0.00      0.00      0.00    100.00
01:57:56          9      0.00      0.00      0.00      0.00      0.00    100.00
01:57:56         10      0.00      0.00      0.00      0.00      0.00    100.00
01:57:56         11      0.00      0.00      0.00      0.00      0.00    100.00
01:57:56         12      0.00      0.00      0.00      0.00      0.00    100.00
01:57:56         13      0.00      0.00      0.00      0.00      0.00    100.00
01:57:56         14      0.00      0.00      0.00      0.00      0.00    100.00
01:57:56         15      0.00      0.00      0.00      0.00      0.00    100.00
01:57:56         16      0.00      0.00      0.00      0.00      0.00    100.00
01:57:56         17      0.00      0.00      0.00      0.00      0.00    100.00
01:57:56         18      0.00      0.00      0.00      0.00      0.00    100.00
01:57:56         19      0.00      0.00      0.00      0.00      0.00    100.00
01:57:56         20      0.00      0.00      0.00      0.00      0.00    100.00
01:57:56         21      0.00      0.00      0.00      0.00      0.00    100.00
01:57:56         22      0.00      0.00      0.00      0.00      0.00    100.00
01:57:56         23      0.00      0.00      0.00      0.00      0.00    100.00
01:57:56         24      0.00      0.00      0.00      0.00      0.00    100.00
01:57:56         25      0.00      0.00      0.00      0.00      0.00    100.00
01:57:56         26      0.00      0.00      0.00      0.00      0.00    100.00
01:57:56         27      0.00      0.00      0.00      0.00      0.00    100.00
01:57:56         28      0.00      0.00      0.00      0.00      0.00    100.00
01:57:56         29      0.00      0.00      0.00      0.00      0.00    100.00
01:57:56         30      0.00      0.00      0.00      0.00      0.00    100.00
01:57:56         31      0.00      0.00      0.00      0.00      0.00    100.00
01:57:56         32      0.00      0.00      0.00      0.00      0.00    100.00
01:57:56         33      0.00      0.00      0.00      0.00      0.00    100.00
01:57:56         34      0.00      0.00      0.00      0.00      0.00    100.00
01:57:56         35      0.00      0.00      0.00      0.00      0.00    100.00
01:57:56         36      0.00      0.00      0.00      0.00      0.00    100.00
01:57:56         37      0.00      0.00      0.00      0.00      0.00    100.00
01:57:56         38      0.00      0.00      0.00      0.00      0.00    100.00
01:57:56         39      0.00      0.00      0.00      0.00      0.00    100.00

01:57:56        CPU     %user     %nice   %system   %iowait    %steal     %idle
01:57:57        all      0.43      0.00      0.13      0.05      0.00     99.40
01:57:57          0      0.00      0.00      0.00      0.00      0.00    100.00
01:57:57          1      4.04      0.00      0.00      0.00      0.00     95.96
01:57:57          2      0.00      0.00      0.00      0.00      0.00    100.00
01:57:57          3      0.00      0.00      0.00      0.00      0.00    100.00
01:57:57          4      0.00      0.00      0.00      0.00      0.00    100.00
01:57:57          5      0.00      0.00      0.00      0.00      0.00    100.00
01:57:57          6      0.00      0.00      0.00      0.00      0.00    100.00
01:57:57          7      0.00      0.00      0.00      0.00      0.00    100.00
01:57:57          8      0.00      0.00      0.00      0.00      0.00    100.00
01:57:57          9      0.00      0.00      0.00      0.00      0.00    100.00
01:57:57         10      0.00      0.00      0.00      0.00      0.00    100.00
01:57:57         11      0.00      0.00      0.99      0.00      0.00     99.01
01:57:57         12      0.00      0.00      0.99      0.00      0.00     99.01
01:57:57         13      0.00      0.00      1.00      0.00      0.00     99.00
01:57:57         14      0.00      0.00      0.00      2.02      0.00     97.98
01:57:57         15      0.00      0.00      0.00      0.00      0.00    100.00
01:57:57         16      0.99      0.00      0.99      0.00      0.00     98.02
01:57:57         17      0.00      0.00      0.00      0.00      0.00    100.00
01:57:57         18      0.00      0.00      0.00      0.00      0.00    100.00
01:57:57         19      0.00      0.00      0.00      0.00      0.00    100.00
01:57:57         20      0.00      0.00      0.00      0.00      0.00    100.00
01:57:57         21     10.10      0.00      1.01      0.00      0.00     88.89
01:57:57         22      0.00      0.00      0.00      0.00      0.00    100.00
01:57:57         23      0.00      0.00      0.00      0.00      0.00    100.00
01:57:57         24      0.00      0.00      0.00      0.00      0.00    100.00
01:57:57         25      0.00      0.00      1.00      0.00      0.00     99.00
01:57:57         26      0.00      0.00      0.00      0.00      0.00    100.00
01:57:57         27      0.00      0.00      0.00      0.00      0.00    100.00
01:57:57         28      0.00      0.00      0.00      0.00      0.00    100.00
01:57:57         29      0.00      0.00      1.00      0.00      0.00     99.00
01:57:57         30      0.00      0.00      0.00      0.00      0.00    100.00
01:57:57         31      0.00      0.00      0.00      0.00      0.00    100.00
01:57:57         32      0.00      0.00      0.00      0.00      0.00    100.00
01:57:57         33      0.00      0.00      0.00      0.00      0.00    100.00
01:57:57         34      0.00      0.00      0.00      0.00      0.00    100.00
01:57:57         35      0.00      0.00      0.00      0.00      0.00    100.00
01:57:57         36      0.00      0.00      0.00      0.00      0.00    100.00
01:57:57         37      0.00      0.00      0.00      0.00      0.00    100.00
01:57:57         38      0.00      0.00      0.00      0.00      0.00    100.00
01:57:57         39      0.00      0.00      0.00      0.00      0.00    100.00

01:57:57        CPU     %user     %nice   %system   %iowait    %steal     %idle
01:57:58        all      1.23      0.00      0.47      0.05      0.00     98.25
01:57:58          0      2.00      0.00      2.00      0.00      0.00     96.00
01:57:58          1      1.00      0.00      1.00      2.00      0.00     96.00
01:57:58          2      0.99      0.00      0.00      0.00      0.00     99.01
01:57:58          3      0.00      0.00      1.00      0.00      0.00     99.00
01:57:58          4      0.00      0.00      0.00      0.00      0.00    100.00
01:57:58          5      0.00      0.00      0.00      0.00      0.00    100.00
01:57:58          6      0.99      0.00      0.99      0.00      0.00     98.02
01:57:58          7      0.00      0.00      1.00      0.00      0.00     99.00
01:57:58          8      0.00      0.00      0.00      0.00      0.00    100.00
01:57:58          9      0.00      0.00      0.00      0.00      0.00    100.00
01:57:58         10      0.00      0.00      0.00      0.00      0.00    100.00
01:57:58         11      0.99      0.00      0.00      0.00      0.00     99.01
01:57:58         12      0.00      0.00      0.00      0.00      0.00    100.00
01:57:58         13      0.00      0.00      0.00      0.00      0.00    100.00
01:57:58         14      0.00      0.00      0.00      0.00      0.00    100.00
01:57:58         15      0.00      0.00      0.00      0.00      0.00    100.00
01:57:58         16     37.00      0.00      6.00      0.00      0.00     57.00
01:57:58         17      0.00      0.00      1.00      0.00      0.00     99.00
01:57:58         18      0.00      0.00      0.00      0.00      0.00    100.00
01:57:58         19      0.00      0.00      0.00      0.00      0.00    100.00
01:57:58         20      0.00      0.00      0.00      0.00      0.00    100.00
01:57:58         21      0.00      0.00      0.00      0.00      0.00    100.00
01:57:58         22      0.00      0.00      0.00      0.00      0.00    100.00
01:57:58         23      0.00      0.00      0.99      0.00      0.00     99.01
01:57:58         24      1.00      0.00      1.00      0.00      0.00     98.00
01:57:58         25      0.00      0.00      0.00      0.00      0.00    100.00
01:57:58         26      0.00      0.00      0.00      0.00      0.00    100.00
01:57:58         27      0.00      0.00      0.00      0.00      0.00    100.00
01:57:58         28      5.00      0.00      2.00      0.00      0.00     93.00
01:57:58         29      0.00      0.00      0.00      0.00      0.00    100.00
01:57:58         30      0.00      0.00      0.00      0.00      0.00    100.00
01:57:58         31      0.00      0.00      0.00      0.00      0.00    100.00
01:57:58         32      0.00      0.00      0.99      0.00      0.00     99.01
01:57:58         33      0.00      0.00      0.00      0.00      0.00    100.00
01:57:58         34      0.00      0.00      0.00      0.00      0.00    100.00
01:57:58         35      0.00      0.00      0.00      0.00      0.00    100.00
01:57:58         36      0.00      0.00      0.00      0.00      0.00    100.00
01:57:58         37      0.00      0.00      0.00      0.00      0.00    100.00
01:57:58         38      0.00      0.00      0.00      0.00      0.00    100.00
01:57:58         39      1.00      0.00      1.00      0.00      0.00     98.00

01:57:58        CPU     %user     %nice   %system   %iowait    %steal     %idle
01:57:59        all      0.00      0.00      0.03      0.00      0.00     99.97
01:57:59          0      0.00      0.00      0.00      0.00      0.00    100.00
01:57:59          1      0.00      0.00      0.00      0.00      0.00    100.00
01:57:59          2      0.00      0.00      0.00      0.00      0.00    100.00
01:57:59          3      0.00      0.00      0.99      0.00      0.00     99.01
01:57:59          4      0.00      0.00      0.00      0.00      0.00    100.00
01:57:59          5      0.00      0.00      0.00      0.00      0.00    100.00
01:57:59          6      0.00      0.00      0.00      0.00      0.00    100.00
01:57:59          7      0.00      0.00      0.00      0.00      0.00    100.00
01:57:59          8      0.00      0.00      0.00      0.00      0.00    100.00
01:57:59          9      0.00      0.00      0.00      0.00      0.00    100.00
01:57:59         10      0.00      0.00      0.00      0.00      0.00    100.00
01:57:59         11      0.00      0.00      0.00      0.00      0.00    100.00
01:57:59         12      0.00      0.00      0.00      0.00      0.00    100.00
01:57:59         13      0.00      0.00      0.00      0.00      0.00    100.00
01:57:59         14      0.00      0.00      0.00      0.00      0.00    100.00
01:57:59         15      0.00      0.00      0.00      0.00      0.00    100.00
01:57:59         16      0.00      0.00      0.00      0.00      0.00    100.00
01:57:59         17      0.00      0.00      0.00      0.00      0.00    100.00
01:57:59         18      0.00      0.00      0.00      0.00      0.00    100.00
01:57:59         19      0.00      0.00      0.00      0.00      0.00    100.00
01:57:59         20      0.00      0.00      0.00      0.00      0.00    100.00
01:57:59         21      0.00      0.00      0.00      0.00      0.00    100.00
01:57:59         22      0.00      0.00      0.00      0.00      0.00    100.00
01:57:59         23      0.00      0.00      0.00      0.00      0.00    100.00
01:57:59         24      0.00      0.00      0.00      0.00      0.00    100.00
01:57:59         25      0.00      0.00      0.00      0.00      0.00    100.00
01:57:59         26      0.00      0.00      0.00      0.00      0.00    100.00
01:57:59         27      0.00      0.00      0.00      0.00      0.00    100.00
01:57:59         28      0.00      0.00      0.00      0.00      0.00    100.00
01:57:59         29      0.00      0.00      0.00      0.00      0.00    100.00
01:57:59         30      0.00      0.00      0.00      0.00      0.00    100.00
01:57:59         31      0.00      0.00      0.00      0.00      0.00    100.00
01:57:59         32      0.00      0.00      0.00      0.00      0.00    100.00
01:57:59         33      0.00      0.00      0.00      0.00      0.00    100.00
01:57:59         34      0.00      0.00      0.00      0.00      0.00    100.00
01:57:59         35      0.00      0.00      0.00      0.00      0.00    100.00
01:57:59         36      0.00      0.00      0.00      0.00      0.00    100.00
01:57:59         37      0.00      0.00      0.00      0.00      0.00    100.00
01:57:59         38      0.00      0.00      0.00      0.00      0.00    100.00
01:57:59         39      0.00      0.00      0.00      0.00      0.00    100.00

01:57:59        CPU     %user     %nice   %system   %iowait    %steal     %idle
01:58:00        all      0.55      0.00      0.12      0.00      0.00     99.33
01:58:00          0      0.00      0.00      0.00      0.00      0.00    100.00
01:58:00          1      0.00      0.00      0.00      0.00      0.00    100.00
01:58:00          2      0.00      0.00      0.00      0.00      0.00    100.00
01:58:00          3     18.00      0.00      1.00      0.00      0.00     81.00
01:58:00          4      0.00      0.00      0.00      0.00      0.00    100.00
01:58:00          5      0.00      0.00      0.00      0.00      0.00    100.00
01:58:00          6      0.00      0.00      0.00      0.00      0.00    100.00
01:58:00          7      0.00      0.00      0.00      0.00      0.00    100.00
01:58:00          8      0.00      0.00      0.00      0.00      0.00    100.00
01:58:00          9      0.00      0.00      0.00      0.00      0.00    100.00
01:58:00         10      0.00      0.00      0.00      0.00      0.00    100.00
01:58:00         11      0.00      0.00      0.00      0.00      0.00    100.00
01:58:00         12      0.00      0.00      0.00      0.00      0.00    100.00
01:58:00         13      0.00      0.00      0.00      0.00      0.00    100.00
01:58:00         14      1.98      0.00      0.99      0.00      0.00     97.03
01:58:00         15      0.00      0.00      0.00      0.00      0.00    100.00
01:58:00         16      0.00      0.00      0.00      0.00      0.00    100.00
01:58:00         17      0.00      0.00      0.00      0.00      0.00    100.00
01:58:00         18      0.00      0.00      0.00      0.00      0.00    100.00
01:58:00         19      0.00      0.00      0.00      0.00      0.00    100.00
01:58:00         20      0.99      0.00      0.00      0.00      0.00     99.01
01:58:00         21      0.00      0.00      0.00      0.00      0.00    100.00
01:58:00         22      0.00      0.00      0.00      0.00      0.00    100.00
01:58:00         23      0.00      0.00      0.00      0.00      0.00    100.00
01:58:00         24      0.00      0.00      0.00      0.00      0.00    100.00
01:58:00         25      0.99      0.00      0.00      0.00      0.00     99.01
01:58:00         26      0.00      0.00      0.00      0.00      0.00    100.00
01:58:00         27      0.00      0.00      0.00      0.00      0.00    100.00
01:58:00         28      0.00      0.00      0.00      0.00      0.00    100.00
01:58:00         29      0.00      0.00      0.00      0.00      0.00    100.00
01:58:00         30      0.00      0.00      0.00      0.00      0.00    100.00
01:58:00         31      0.00      0.00      0.00      0.00      0.00    100.00
01:58:00         32      0.00      0.00      0.00      0.00      0.00    100.00
01:58:00         33      0.00      0.00      0.00      0.00      0.00    100.00
01:58:00         34      0.00      0.00      0.00      0.00      0.00    100.00
01:58:00         35      0.00      0.00      0.00      0.00      0.00    100.00
01:58:00         36      0.00      0.00      0.00      0.00      0.00    100.00
01:58:00         37      0.00      0.00      0.00      0.00      0.00    100.00
01:58:00         38      0.00      0.00      0.00      0.00      0.00    100.00
01:58:00         39      0.00      0.00      0.00      0.00      0.00    100.00
