Linux 6.6.23 (eternity1) 	05/24/25 	_x86_64_	(40 CPU)

01:57:21    kbmemfree   kbavail kbmemused  %memused kbbuffers  kbcached  kbcommit   %commit  kbactive   kbinact   kbdirty
01:57:22     63811060  63647192   1797808      2.74         0    397856   2966220      4.45     60288    681124      4548
01:57:23     63811424  63647564   1797444      2.74         0    397864   2966220      4.45     60272    680564      4556
01:57:24     63811440  63647580   1797428      2.74         0    397864   2966220      4.45     60272    680564      4556
01:57:25     63811200  63647340   1797668      2.74         0    397864   2966220      4.45     60272    680564      4556
01:57:26     63811200  63647340   1797668      2.74         0    397864   2966220      4.45     60272    680564      4556
01:57:27     63811216  63647356   1797652      2.74         0    397864   2966220      4.45     60272    680564      4556
01:57:28     63811216  63647356   1797652      2.74         0    397864   2966220      4.45     60272    680564      4556
01:57:29     63811216  63647356   1797652      2.74         0    397864   2966220      4.45     60272    680564      4556
01:57:30     63812524  63648664   1796344      2.74         0    397864   2966220      4.45     60272    680572      4556
01:57:31     63812020  63648160   1796848      2.74         0    397864   2966220      4.45     60268    680408      4556
01:57:32     63813676  63649816   1795192      2.74         0    397864   2966220      4.45     60268    680408       936
01:57:33     63812668  63648808   1796200      2.74         0    397864   2966220      4.45     60268    680408       936
01:57:34     63812176  63648316   1796692      2.74         0    397864   2966220      4.45     60268    680844       936
01:57:35     63787616  63623808   1821252      2.78         0    397924   2991836      4.49     60304    703592      2464
01:57:36     63781996  63618356   1826872      2.78         0    398104   2991912      4.49     60368    703128      3700
01:57:37     63806732  63643316   1802136      2.75         0    398316   2965672      4.45     60404    680532      4196
01:57:38     63806732  63643316   1802136      2.75         0    398320   2965672      4.45     60404    680532      4200
01:57:39     63806940  63643524   1801928      2.75         0    398324   2965672      4.45     60404    680532      4204
01:57:40     63807996  63644580   1800872      2.74         0    398324   2965672      4.45     60384    679704      4120
01:57:41     63808028  63644612   1800840      2.74         0    398328   2965672      4.45     60384    679704      4124
01:57:42     63808144  63644728   1800724      2.74         0    398332   2965672      4.45     60384    679704       540
01:57:43     63808396  63644980   1800472      2.74         0    398332   2965672      4.45     60384    679704       548
01:57:44     63808396  63644980   1800472      2.74         0    398336   2965672      4.45     60384    679704       552
01:57:45     63808396  63644980   1800472      2.74         0    398336   2965672      4.45     60384    679704       552
01:57:46     63808396  63644980   1800472      2.74         0    398336   2965672      4.45     60384    679704       552
01:57:47     63805008  63641680   1803860      2.75         0    398408   2970072      4.46     60432    682808        40
01:57:48     63810052  63646724   1798816      2.74         0    398408   2965672      4.45     60416    679900        40
01:57:49     63810336  63647008   1798532      2.74         0    398416   2965672      4.45     60416    679900        48
01:57:50     63810336  63647008   1798532      2.74         0    398420   2965672      4.45     60412    679732        52
01:57:51     63810596  63647268   1798272      2.74         0    398428   2965672      4.45     60412    679732        60
01:57:52     63810596  63647268   1798272      2.74         0    398436   2965672      4.45     60412    679732        64
01:57:53     63810596  63647268   1798272      2.74         0    398440   2965672      4.45     60412    679732         4
01:57:54     63810648  63647320   1798220      2.74         0    398440   2965672      4.45     60412    679732        16
01:57:55     63810900  63647632   1797968      2.74         0    398448   2965672      4.45     60412    679792        24
01:57:56     63810900  63647632   1797968      2.74         0    398456   2965672      4.45     60412    679792        32
01:57:57     63810832  63647568   1798036      2.74         0    398460   2966220      4.45     60412    680288        36
01:57:58     63791432  63628192   1817436      2.77         0    398472   2990740      4.49     60432    702972      2164
01:57:59     63785948  63622912   1822920      2.78         0    398652   2990740      4.49     60516    703316      2876
