Linux 6.6.23 (eternity1) 	05/24/25 	_x86_64_	(40 CPU)

01:51:14    kbmemfree   kbavail kbmemused  %memused kbbuffers  kbcached  kbcommit   %commit  kbactive   kbinact   kbdirty
01:51:15     63807188  63641936   1801680      2.75         0    396492   2966012      4.45     60780    677356      6584
01:51:16     63807536  63642296   1801332      2.75         0    396500   2966012      4.45     60788    677808      6592
01:51:17     63807748  63642508   1801120      2.75         0    396504   2966012      4.45     60788    677808      3044
01:51:18     63807540  63642300   1801328      2.75         0    396508   2966012      4.45     60788    677808      2468
01:51:19     63807556  63642316   1801312      2.75         0    396512   2966012      4.45     60788    677808      2472
01:51:20     63807556  63642316   1801312      2.75         0    396516   2966012      4.45     60788    677808      2476
01:51:21     63809736  63644496   1799132      2.74         0    396516   2966012      4.45     60788    677808      2476
01:51:22     63809832  63644592   1799036      2.74         0    396528   2966012      4.45     60788    677808      2488
01:51:23     63809832  63644592   1799036      2.74         0    396532   2966012      4.45     60788    677808       668
01:51:24     63810020  63644780   1798848      2.74         0    396536   2966012      4.45     60792    677908        40
01:51:25     63809052  63643812   1799816      2.74         0    396540   2966012      4.45     60784    677764        44
01:51:26     63809056  63643816   1799812      2.74         0    396540   2966012      4.45     60788    677808        44
01:51:27     63809340  63644100   1799528      2.74         0    396548   2966012      4.45     60788    677916        52
01:51:28     63809340  63644100   1799528      2.74         0    396548   2965884      4.45     60788    677568        52
01:51:29     63806204  63641024   1802664      2.75         0    396556   2970568      4.46     60784    680984      2016
01:51:30     63807020  63642200   1801848      2.75         0    396868   2967804      4.46     60868    680108      3252
01:51:31     63808048  63643308   1800820      2.74         0    396944   2965464      4.45     60888    677680      3768
01:51:32     63807808  63643068   1801060      2.75         0    396944   2965464      4.45     60888    677680      3768
01:51:33     63807880  63643140   1800988      2.75         0    396948   2965464      4.45     60888    677680       248
01:51:34     63807904  63643164   1800964      2.75         0    396960   2965464      4.45     60888    677680        24
01:51:35     63807964  63643224   1800904      2.74         0    396968   2965464      4.45     60888    677680        32
01:51:36     63807964  63643224   1800904      2.74         0    396968   2965464      4.45     60888    677680        32
01:51:37     63807964  63643224   1800904      2.74         0    396968   2965464      4.45     60888    677680        32
01:51:38     63808008  63643268   1800860      2.74         0    396976   2965464      4.45     60888    677680        40
01:51:39     63808008  63643268   1800860      2.74         0    396980   2965464      4.45     60888    677680        44
01:51:40     63808016  63643276   1800852      2.74         0    396988   2965464      4.45     60888    677680        52
01:51:41     63806336  63641680   1802532      2.75         0    397036   2969864      4.46     60908    680308        52
01:51:42     63808612  63643960   1800256      2.74         0    397044   2965464      4.45     60916    677772        60
01:51:43     63808612  63643960   1800256      2.74         0    397048   2965464      4.45     60916    677772        64
01:51:44     63808612  63643960   1800256      2.74         0    397052   2965464      4.45     60916    677772        68
01:51:45     63808612  63643960   1800256      2.74         0    397052   2965464      4.45     60916    677772        76
01:51:46     63808676  63644048   1800192      2.74         0    397064   2965464      4.45     60916    677832        24
01:51:47     63808676  63644048   1800192      2.74         0    397064   2965464      4.45     60916    677832        24
01:51:48     63808676  63644048   1800192      2.74         0    397072   2965464      4.45     60916    677832        32
01:51:49     63808676  63644048   1800192      2.74         0    397080   2965464      4.45     60916    677832        40
01:51:50     63808936  63644308   1799932      2.74         0    397092   2965464      4.45     60916    677832        12
01:51:51     63808936  63644324   1799932      2.74         0    397096   2966012      4.45     60912    678252        24
01:51:52     63803664  63639068   1805204      2.75         0    397100   2967472      4.46     60924    680652      2492
