Linux 6.6.23 (eternity2) 	05/24/25 	_x86_64_	(40 CPU)

01:51:25        CPU     %user     %nice   %system   %iowait    %steal     %idle
01:51:26        all      2.05      0.00      0.70      0.73      0.00     96.52
01:51:26          0      0.00      0.00      0.00      0.00      0.00    100.00
01:51:26          1      5.94      0.00      3.96     10.89      0.00     79.21
01:51:26          2      0.00      0.00      1.01      0.00      0.00     98.99
01:51:26          3      2.00      0.00      3.00      7.00      0.00     88.00
01:51:26          4      0.00      0.00      0.00      1.01      0.00     98.99
01:51:26          5      0.00      0.00      0.00      0.00      0.00    100.00
01:51:26          6      0.00      0.00      0.00      0.00      0.00    100.00
01:51:26          7      0.00      0.00      0.00      0.00      0.00    100.00
01:51:26          8      0.00      0.00      0.00      0.00      0.00    100.00
01:51:26          9     19.19      0.00      2.02      0.00      0.00     78.79
01:51:26         10      0.00      0.00      1.00      0.00      0.00     99.00
01:51:26         11      0.00      0.00      0.00      0.00      0.00    100.00
01:51:26         12      7.92      0.00      2.97      0.00      0.00     89.11
01:51:26         13     26.47      0.00      3.92      0.00      0.00     69.61
01:51:26         14      1.00      0.00      1.00      0.00      0.00     98.00
01:51:26         15      0.00      0.00      1.98      0.00      0.00     98.02
01:51:26         16      0.99      0.00      0.99      0.99      0.00     97.03
01:51:26         17      0.00      0.00      0.00      0.00      0.00    100.00
01:51:26         18      0.00      0.00      0.00      0.00      0.00    100.00
01:51:26         19      0.00      0.00      0.00      0.00      0.00    100.00
01:51:26         20      0.00      0.00      0.00      0.00      0.00    100.00
01:51:26         21      0.00      0.00      0.99      0.00      0.00     99.01
01:51:26         22      0.00      0.00      0.00      0.00      0.00    100.00
01:51:26         23      0.00      0.00      0.00      0.00      0.00    100.00
01:51:26         24      0.00      0.00      1.00      3.00      0.00     96.00
01:51:26         25      0.00      0.00      1.00      0.00      0.00     99.00
01:51:26         26      1.00      0.00      0.00      0.00      0.00     99.00
01:51:26         27      1.00      0.00      0.00      5.00      0.00     94.00
01:51:26         28      0.00      0.00      1.01      0.00      0.00     98.99
01:51:26         29      6.06      0.00      0.00      0.00      0.00     93.94
01:51:26         30      0.00      0.00      1.00      0.00      0.00     99.00
01:51:26         31      0.00      0.00      0.00      0.00      0.00    100.00
01:51:26         32      1.00      0.00      1.00      0.00      0.00     98.00
01:51:26         33      8.00      0.00      2.00      0.00      0.00     90.00
01:51:26         34      0.00      0.00      0.00      0.00      0.00    100.00
01:51:26         35      0.00      0.00      0.00      0.00      0.00    100.00
01:51:26         36      0.00      0.00      0.00      0.00      0.00    100.00
01:51:26         37      0.00      0.00      0.00      0.00      0.00    100.00
01:51:26         38      0.00      0.00      0.00      0.00      0.00    100.00
01:51:26         39      0.00      0.00      0.00      0.00      0.00    100.00

01:51:26        CPU     %user     %nice   %system   %iowait    %steal     %idle
01:51:27        all      1.83      0.00      0.40      0.00      0.00     97.77
01:51:27          0      0.00      0.00      2.00      0.00      0.00     98.00
01:51:27          1      0.00      0.00      1.00      0.00      0.00     99.00
01:51:27          2      0.00      0.00      0.00      0.00      0.00    100.00
01:51:27          3      0.00      0.00      0.00      0.00      0.00    100.00
01:51:27          4      0.00      0.00      0.00      0.00      0.00    100.00
01:51:27          5      0.00      0.00      0.00      0.00      0.00    100.00
01:51:27          6      0.00      0.00      0.00      0.00      0.00    100.00
01:51:27          7      0.00      0.00      0.00      0.00      0.00    100.00
01:51:27          8      0.00      0.00      0.00      0.00      0.00    100.00
01:51:27          9      0.00      0.00      0.00      0.00      0.00    100.00
01:51:27         10      0.00      0.00      0.00      0.00      0.00    100.00
01:51:27         11      0.00      0.00      0.00      0.00      0.00    100.00
01:51:27         12      0.00      0.00      0.00      0.00      0.00    100.00
01:51:27         13      0.00      0.00      0.00      0.00      0.00    100.00
01:51:27         14      0.99      0.00      0.99      0.00      0.00     98.02
01:51:27         15      1.01      0.00      0.00      0.00      0.00     98.99
01:51:27         16      0.00      0.00      0.00      0.00      0.00    100.00
01:51:27         17      0.00      0.00      0.00      0.00      0.00    100.00
01:51:27         18      0.00      0.00      0.99      0.00      0.00     99.01
01:51:27         19      0.00      0.00      0.00      0.00      0.00    100.00
01:51:27         20      0.00      0.00      0.00      0.00      0.00    100.00
01:51:27         21      0.00      0.00      0.00      0.00      0.00    100.00
01:51:27         22      0.00      0.00      0.00      0.00      0.00    100.00
01:51:27         23      0.00      0.00      0.00      0.00      0.00    100.00
01:51:27         24      1.00      0.00      0.00      0.00      0.00     99.00
01:51:27         25      1.01      0.00      0.00      0.00      0.00     98.99
01:51:27         26     14.14      0.00      1.01      0.00      0.00     84.85
01:51:27         27      1.00      0.00      0.00      0.00      0.00     99.00
01:51:27         28      0.00      0.00      0.99      0.00      0.00     99.01
01:51:27         29     47.00      0.00      5.00      0.00      0.00     48.00
01:51:27         30      0.00      0.00      0.00      0.00      0.00    100.00
01:51:27         31      6.93      0.00      0.99      0.00      0.00     92.08
01:51:27         32      0.00      0.00      0.00      0.00      0.00    100.00
01:51:27         33      0.00      0.00      0.00      0.00      0.00    100.00
01:51:27         34      0.00      0.00      0.99      0.00      0.00     99.01
01:51:27         35      0.00      0.00      0.00      0.00      0.00    100.00
01:51:27         36      0.00      0.00      0.00      0.00      0.00    100.00
01:51:27         37      0.00      0.00      0.00      0.00      0.00    100.00
01:51:27         38      0.00      0.00      0.00      0.00      0.00    100.00
01:51:27         39      0.00      0.00      0.00      0.00      0.00    100.00

01:51:27        CPU     %user     %nice   %system   %iowait    %steal     %idle
01:51:28        all      1.28      0.00      0.30      0.10      0.00     98.32
01:51:28          0      0.00      0.00      0.00      0.00      0.00    100.00
01:51:28          1      0.00      0.00      1.00      0.00      0.00     99.00
01:51:28          2      0.00      0.00      0.99      0.00      0.00     99.01
01:51:28          3      1.00      0.00      0.00      0.00      0.00     99.00
01:51:28          4      0.00      0.00      0.00      0.00      0.00    100.00
01:51:28          5      0.00      0.00      0.00      0.00      0.00    100.00
01:51:28          6      0.00      0.00      0.00      0.00      0.00    100.00
01:51:28          7      0.00      0.00      0.00      4.00      0.00     96.00
01:51:28          8      0.00      0.00      0.00      0.00      0.00    100.00
01:51:28          9      0.00      0.00      0.00      0.00      0.00    100.00
01:51:28         10      6.00      0.00      2.00      0.00      0.00     92.00
01:51:28         11      1.00      0.00      0.00      0.00      0.00     99.00
01:51:28         12      0.00      0.00      0.00      0.00      0.00    100.00
01:51:28         13      0.99      0.00      0.00      0.00      0.00     99.01
01:51:28         14      0.00      0.00      0.00      0.00      0.00    100.00
01:51:28         15      0.00      0.00      0.00      0.00      0.00    100.00
01:51:28         16      0.00      0.00      0.00      0.00      0.00    100.00
01:51:28         17      0.00      0.00      1.00      0.00      0.00     99.00
01:51:28         18      0.00      0.00      0.00      0.00      0.00    100.00
01:51:28         19      0.00      0.00      0.00      0.00      0.00    100.00
01:51:28         20      0.00      0.00      0.00      0.00      0.00    100.00
01:51:28         21      0.00      0.00      0.00      0.00      0.00    100.00
01:51:28         22      0.00      0.00      0.00      0.00      0.00    100.00
01:51:28         23      0.00      0.00      0.00      0.00      0.00    100.00
01:51:28         24      0.00      0.00      0.00      0.00      0.00    100.00
01:51:28         25      0.00      0.00      0.00      0.00      0.00    100.00
01:51:28         26     38.61      0.00      6.93      0.00      0.00     54.46
01:51:28         27      0.00      0.00      0.00      0.00      0.00    100.00
01:51:28         28      0.00      0.00      0.00      0.00      0.00    100.00
01:51:28         29      0.00      0.00      0.00      0.00      0.00    100.00
01:51:28         30      0.00      0.00      0.00      0.00      0.00    100.00
01:51:28         31      0.00      0.00      0.00      0.00      0.00    100.00
01:51:28         32      1.01      0.00      0.00      0.00      0.00     98.99
01:51:28         33      0.00      0.00      0.00      0.00      0.00    100.00
01:51:28         34      0.00      0.00      0.00      0.00      0.00    100.00
01:51:28         35      0.00      0.00      0.00      0.00      0.00    100.00
01:51:28         36      0.00      0.00      0.00      0.00      0.00    100.00
01:51:28         37      0.00      0.00      0.00      0.00      0.00    100.00
01:51:28         38      0.00      0.00      0.99      0.00      0.00     99.01
01:51:28         39      0.00      0.00      0.00      0.00      0.00    100.00

01:51:28        CPU     %user     %nice   %system   %iowait    %steal     %idle
01:51:29        all      0.00      0.00      0.03      0.00      0.00     99.97
01:51:29          0      0.00      0.00      0.00      0.00      0.00    100.00
01:51:29          1      0.00      0.00      0.00      0.00      0.00    100.00
01:51:29          2      0.00      0.00      0.00      0.00      0.00    100.00
01:51:29          3      0.00      0.00      0.00      0.00      0.00    100.00
01:51:29          4      0.00      0.00      0.00      0.00      0.00    100.00
01:51:29          5      0.00      0.00      0.00      0.00      0.00    100.00
01:51:29          6      0.00      0.00      0.00      0.00      0.00    100.00
01:51:29          7      0.00      0.00      0.00      0.00      0.00    100.00
01:51:29          8      0.00      0.00      0.00      0.00      0.00    100.00
01:51:29          9      0.00      0.00      0.00      0.00      0.00    100.00
01:51:29         10      0.00      0.00      0.00      0.00      0.00    100.00
01:51:29         11      0.00      0.00      0.00      0.00      0.00    100.00
01:51:29         12      0.00      0.00      0.00      0.00      0.00    100.00
01:51:29         13      0.00      0.00      0.00      0.00      0.00    100.00
01:51:29         14      0.00      0.00      0.99      0.00      0.00     99.01
01:51:29         15      0.00      0.00      0.00      0.00      0.00    100.00
01:51:29         16      0.00      0.00      0.00      0.00      0.00    100.00
01:51:29         17      0.00      0.00      0.00      0.00      0.00    100.00
01:51:29         18      0.00      0.00      0.00      0.00      0.00    100.00
01:51:29         19      0.00      0.00      0.00      0.00      0.00    100.00
01:51:29         20      0.00      0.00      0.00      0.00      0.00    100.00
01:51:29         21      0.00      0.00      0.00      0.00      0.00    100.00
01:51:29         22      0.00      0.00      0.00      0.00      0.00    100.00
01:51:29         23      0.00      0.00      0.00      0.00      0.00    100.00
01:51:29         24      0.00      0.00      0.00      0.00      0.00    100.00
01:51:29         25      0.00      0.00      0.00      0.00      0.00    100.00
01:51:29         26      0.00      0.00      0.00      0.00      0.00    100.00
01:51:29         27      0.00      0.00      0.00      0.00      0.00    100.00
01:51:29         28      0.00      0.00      0.00      0.00      0.00    100.00
01:51:29         29      0.00      0.00      0.00      0.00      0.00    100.00
01:51:29         30      0.00      0.00      0.00      0.00      0.00    100.00
01:51:29         31      0.00      0.00      0.00      0.00      0.00    100.00
01:51:29         32      0.00      0.00      0.00      0.00      0.00    100.00
01:51:29         33      0.00      0.00      0.00      0.00      0.00    100.00
01:51:29         34      0.00      0.00      0.00      0.00      0.00    100.00
01:51:29         35      0.00      0.00      0.00      0.00      0.00    100.00
01:51:29         36      0.00      0.00      0.00      0.00      0.00    100.00
01:51:29         37      0.00      0.00      0.00      0.00      0.00    100.00
01:51:29         38      0.00      0.00      0.00      0.00      0.00    100.00
01:51:29         39      0.00      0.00      0.00      0.00      0.00    100.00

01:51:29        CPU     %user     %nice   %system   %iowait    %steal     %idle
01:51:30        all      0.00      0.00      0.00      0.00      0.00    100.00
01:51:30          0      0.00      0.00      0.00      0.00      0.00    100.00
01:51:30          1      0.00      0.00      0.00      0.00      0.00    100.00
01:51:30          2      0.00      0.00      0.00      0.00      0.00    100.00
01:51:30          3      0.00      0.00      0.00      0.00      0.00    100.00
01:51:30          4      0.00      0.00      0.00      0.00      0.00    100.00
01:51:30          5      0.00      0.00      0.00      0.00      0.00    100.00
01:51:30          6      0.00      0.00      0.00      0.00      0.00    100.00
01:51:30          7      0.00      0.00      0.00      0.00      0.00    100.00
01:51:30          8      0.00      0.00      0.00      0.00      0.00    100.00
01:51:30          9      0.00      0.00      0.00      0.00      0.00    100.00
01:51:30         10      0.00      0.00      0.00      0.00      0.00    100.00
01:51:30         11      0.00      0.00      0.00      0.00      0.00    100.00
01:51:30         12      0.00      0.00      0.00      0.00      0.00    100.00
01:51:30         13      0.00      0.00      0.00      0.00      0.00    100.00
01:51:30         14      0.00      0.00      0.00      0.00      0.00    100.00
01:51:30         15      0.00      0.00      0.00      0.00      0.00    100.00
01:51:30         16      0.00      0.00      0.00      0.00      0.00    100.00
01:51:30         17      0.00      0.00      0.00      0.00      0.00    100.00
01:51:30         18      0.00      0.00      0.00      0.00      0.00    100.00
01:51:30         19      0.00      0.00      0.00      0.00      0.00    100.00
01:51:30         20      0.00      0.00      0.00      0.00      0.00    100.00
01:51:30         21      0.00      0.00      0.00      0.00      0.00    100.00
01:51:30         22      0.00      0.00      0.00      0.00      0.00    100.00
01:51:30         23      0.00      0.00      0.00      0.00      0.00    100.00
01:51:30         24      0.00      0.00      0.00      0.00      0.00    100.00
01:51:30         25      0.00      0.00      0.00      0.00      0.00    100.00
01:51:30         26      0.00      0.00      0.00      0.00      0.00    100.00
01:51:30         27      0.00      0.00      0.00      0.00      0.00    100.00
01:51:30         28      0.00      0.00      0.00      0.00      0.00    100.00
01:51:30         29      0.00      0.00      0.00      0.00      0.00    100.00
01:51:30         30      0.00      0.00      0.00      0.00      0.00    100.00
01:51:30         31      0.00      0.00      0.00      0.00      0.00    100.00
01:51:30         32      0.00      0.00      0.00      0.00      0.00    100.00
01:51:30         33      0.00      0.00      0.00      0.00      0.00    100.00
01:51:30         34      0.00      0.00      0.00      0.00      0.00    100.00
01:51:30         35      0.00      0.00      0.00      0.00      0.00    100.00
01:51:30         36      0.00      0.00      0.00      0.00      0.00    100.00
01:51:30         37      0.00      0.00      0.00      0.00      0.00    100.00
01:51:30         38      0.00      0.00      0.00      0.00      0.00    100.00
01:51:30         39      0.00      0.00      0.00      0.00      0.00    100.00

01:51:30        CPU     %user     %nice   %system   %iowait    %steal     %idle
01:51:31        all      0.03      0.00      0.00      0.00      0.00     99.98
01:51:31          0      0.00      0.00      0.00      0.00      0.00    100.00
01:51:31          1      0.00      0.00      0.00      0.00      0.00    100.00
01:51:31          2      0.00      0.00      0.00      0.00      0.00    100.00
01:51:31          3      0.00      0.00      0.00      0.00      0.00    100.00
01:51:31          4      0.00      0.00      0.00      0.00      0.00    100.00
01:51:31          5      0.00      0.00      0.00      0.00      0.00    100.00
01:51:31          6      0.00      0.00      0.00      0.00      0.00    100.00
01:51:31          7      0.00      0.00      0.00      0.00      0.00    100.00
01:51:31          8      0.00      0.00      0.00      0.00      0.00    100.00
01:51:31          9      0.00      0.00      0.00      0.00      0.00    100.00
01:51:31         10      0.00      0.00      0.00      0.00      0.00    100.00
01:51:31         11      0.00      0.00      0.00      0.00      0.00    100.00
01:51:31         12      0.00      0.00      0.00      0.00      0.00    100.00
01:51:31         13      0.00      0.00      0.00      0.00      0.00    100.00
01:51:31         14      0.00      0.00      0.00      0.00      0.00    100.00
01:51:31         15      0.00      0.00      0.00      0.00      0.00    100.00
01:51:31         16      0.00      0.00      0.00      0.00      0.00    100.00
01:51:31         17      0.00      0.00      0.00      0.00      0.00    100.00
01:51:31         18      0.00      0.00      0.00      0.00      0.00    100.00
01:51:31         19      0.00      0.00      0.00      0.00      0.00    100.00
01:51:31         20      0.00      0.00      0.00      0.00      0.00    100.00
01:51:31         21      0.00      0.00      0.00      0.00      0.00    100.00
01:51:31         22      0.00      0.00      0.00      0.00      0.00    100.00
01:51:31         23      0.00      0.00      0.00      0.00      0.00    100.00
01:51:31         24      0.00      0.00      0.00      0.00      0.00    100.00
01:51:31         25      0.00      0.00      0.00      0.00      0.00    100.00
01:51:31         26      0.00      0.00      0.00      0.00      0.00    100.00
01:51:31         27      0.00      0.00      0.00      0.00      0.00    100.00
01:51:31         28      0.99      0.00      0.00      0.00      0.00     99.01
01:51:31         29      0.00      0.00      0.00      0.00      0.00    100.00
01:51:31         30      0.00      0.00      0.00      0.00      0.00    100.00
01:51:31         31      0.00      0.00      0.00      0.00      0.00    100.00
01:51:31         32      0.00      0.00      0.00      0.00      0.00    100.00
01:51:31         33      0.00      0.00      0.00      0.00      0.00    100.00
01:51:31         34      0.00      0.00      0.00      0.00      0.00    100.00
01:51:31         35      0.00      0.00      0.00      0.00      0.00    100.00
01:51:31         36      0.00      0.00      0.00      0.00      0.00    100.00
01:51:31         37      0.00      0.00      0.00      0.00      0.00    100.00
01:51:31         38      0.00      0.00      0.00      0.00      0.00    100.00
01:51:31         39      0.00      0.00      0.00      0.00      0.00    100.00

01:51:31        CPU     %user     %nice   %system   %iowait    %steal     %idle
01:51:32        all      0.03      0.00      0.00      0.00      0.00     99.98
01:51:32          0      0.00      0.00      0.00      0.00      0.00    100.00
01:51:32          1      0.00      0.00      0.00      0.00      0.00    100.00
01:51:32          2      0.00      0.00      0.00      0.00      0.00    100.00
01:51:32          3      0.00      0.00      0.00      0.00      0.00    100.00
01:51:32          4      0.00      0.00      0.00      0.00      0.00    100.00
01:51:32          5      0.00      0.00      0.00      0.00      0.00    100.00
01:51:32          6      0.00      0.00      0.00      0.00      0.00    100.00
01:51:32          7      0.00      0.00      0.00      0.00      0.00    100.00
01:51:32          8      0.00      0.00      0.00      0.00      0.00    100.00
01:51:32          9      0.00      0.00      0.00      0.00      0.00    100.00
01:51:32         10      0.00      0.00      0.00      0.00      0.00    100.00
01:51:32         11      0.00      0.00      0.00      0.00      0.00    100.00
01:51:32         12      0.00      0.00      0.00      0.00      0.00    100.00
01:51:32         13      0.00      0.00      0.00      0.00      0.00    100.00
01:51:32         14      0.00      0.00      0.00      0.00      0.00    100.00
01:51:32         15      0.00      0.00      0.00      0.00      0.00    100.00
01:51:32         16      0.00      0.00      0.00      0.00      0.00    100.00
01:51:32         17      0.00      0.00      0.00      0.00      0.00    100.00
01:51:32         18      0.00      0.00      0.00      0.00      0.00    100.00
01:51:32         19      0.00      0.00      0.00      0.00      0.00    100.00
01:51:32         20      0.00      0.00      0.00      0.00      0.00    100.00
01:51:32         21      0.00      0.00      0.00      0.00      0.00    100.00
01:51:32         22      0.00      0.00      0.00      0.00      0.00    100.00
01:51:32         23      0.00      0.00      0.00      0.00      0.00    100.00
01:51:32         24      0.00      0.00      0.00      0.00      0.00    100.00
01:51:32         25      0.00      0.00      0.00      0.00      0.00    100.00
01:51:32         26      0.00      0.00      0.00      0.00      0.00    100.00
01:51:32         27      0.00      0.00      0.00      0.00      0.00    100.00
01:51:32         28      0.00      0.00      0.00      0.00      0.00    100.00
01:51:32         29      0.00      0.00      0.00      0.00      0.00    100.00
01:51:32         30      0.00      0.00      0.00      0.00      0.00    100.00
01:51:32         31      0.00      0.00      0.00      0.00      0.00    100.00
01:51:32         32      0.00      0.00      0.00      0.00      0.00    100.00
01:51:32         33      0.00      0.00      0.00      0.00      0.00    100.00
01:51:32         34      0.00      0.00      0.00      0.00      0.00    100.00
01:51:32         35      0.00      0.00      0.00      0.00      0.00    100.00
01:51:32         36      0.00      0.00      0.00      0.00      0.00    100.00
01:51:32         37      0.00      0.00      0.00      0.00      0.00    100.00
01:51:32         38      0.00      0.00      0.00      0.00      0.00    100.00
01:51:32         39      0.00      0.00      0.00      0.00      0.00    100.00

01:51:32        CPU     %user     %nice   %system   %iowait    %steal     %idle
01:51:33        all      0.00      0.00      0.03      0.00      0.00     99.97
01:51:33          0      0.00      0.00      1.00      0.00      0.00     99.00
01:51:33          1      0.00      0.00      0.00      0.00      0.00    100.00
01:51:33          2      0.00      0.00      0.00      0.00      0.00    100.00
01:51:33          3      0.00      0.00      0.00      0.00      0.00    100.00
01:51:33          4      0.00      0.00      0.00      0.00      0.00    100.00
01:51:33          5      0.00      0.00      0.00      0.00      0.00    100.00
01:51:33          6      0.00      0.00      0.00      0.00      0.00    100.00
01:51:33          7      0.00      0.00      0.00      0.00      0.00    100.00
01:51:33          8      0.00      0.00      0.00      0.00      0.00    100.00
01:51:33          9      0.00      0.00      0.00      0.00      0.00    100.00
01:51:33         10      0.00      0.00      0.00      0.00      0.00    100.00
01:51:33         11      0.00      0.00      0.00      0.00      0.00    100.00
01:51:33         12      0.00      0.00      0.00      0.00      0.00    100.00
01:51:33         13      0.00      0.00      0.00      0.00      0.00    100.00
01:51:33         14      0.00      0.00      0.00      0.00      0.00    100.00
01:51:33         15      0.00      0.00      0.00      0.00      0.00    100.00
01:51:33         16      0.00      0.00      0.00      0.00      0.00    100.00
01:51:33         17      0.00      0.00      0.00      0.00      0.00    100.00
01:51:33         18      0.00      0.00      0.00      0.00      0.00    100.00
01:51:33         19      0.00      0.00      0.00      0.00      0.00    100.00
01:51:33         20      0.00      0.00      0.00      0.00      0.00    100.00
01:51:33         21      0.00      0.00      0.00      0.00      0.00    100.00
01:51:33         22      0.00      0.00      0.00      0.00      0.00    100.00
01:51:33         23      0.00      0.00      0.00      0.00      0.00    100.00
01:51:33         24      0.00      0.00      0.00      0.00      0.00    100.00
01:51:33         25      0.00      0.00      0.00      0.00      0.00    100.00
01:51:33         26      0.00      0.00      0.00      0.00      0.00    100.00
01:51:33         27      0.00      0.00      0.00      0.00      0.00    100.00
01:51:33         28      0.00      0.00      0.00      0.00      0.00    100.00
01:51:33         29      0.00      0.00      0.00      0.00      0.00    100.00
01:51:33         30      0.00      0.00      0.00      0.00      0.00    100.00
01:51:33         31      0.00      0.00      0.00      0.00      0.00    100.00
01:51:33         32      0.00      0.00      0.00      0.00      0.00    100.00
01:51:33         33      0.00      0.00      0.00      0.00      0.00    100.00
01:51:33         34      0.00      0.00      0.00      0.00      0.00    100.00
01:51:33         35      0.00      0.00      0.00      0.00      0.00    100.00
01:51:33         36      0.00      0.00      0.00      0.00      0.00    100.00
01:51:33         37      0.00      0.00      0.00      0.00      0.00    100.00
01:51:33         38      0.00      0.00      0.00      0.00      0.00    100.00
01:51:33         39      0.00      0.00      0.00      0.00      0.00    100.00

01:51:33        CPU     %user     %nice   %system   %iowait    %steal     %idle
01:51:34        all      0.00      0.00      0.03      0.00      0.00     99.98
01:51:34          0      0.00      0.00      0.00      0.00      0.00    100.00
01:51:34          1      0.00      0.00      0.00      0.00      0.00    100.00
01:51:34          2      0.00      0.00      0.00      0.00      0.00    100.00
01:51:34          3      0.00      0.00      0.00      0.00      0.00    100.00
01:51:34          4      0.00      0.00      0.00      0.00      0.00    100.00
01:51:34          5      0.00      0.00      0.00      0.00      0.00    100.00
01:51:34          6      0.00      0.00      0.00      0.00      0.00    100.00
01:51:34          7      0.00      0.00      0.00      0.00      0.00    100.00
01:51:34          8      0.00      0.00      0.00      0.00      0.00    100.00
01:51:34          9      0.00      0.00      0.00      0.00      0.00    100.00
01:51:34         10      0.00      0.00      0.00      0.00      0.00    100.00
01:51:34         11      0.00      0.00      0.00      0.00      0.00    100.00
01:51:34         12      0.00      0.00      0.00      0.00      0.00    100.00
01:51:34         13      0.00      0.00      0.00      0.00      0.00    100.00
01:51:34         14      0.00      0.00      0.00      0.00      0.00    100.00
01:51:34         15      0.00      0.00      0.00      0.00      0.00    100.00
01:51:34         16      0.00      0.00      0.00      0.00      0.00    100.00
01:51:34         17      0.00      0.00      0.00      0.00      0.00    100.00
01:51:34         18      0.00      0.00      0.00      0.00      0.00    100.00
01:51:34         19      0.00      0.00      0.00      0.00      0.00    100.00
01:51:34         20      0.00      0.00      0.00      0.00      0.00    100.00
01:51:34         21      0.00      0.00      0.00      0.00      0.00    100.00
01:51:34         22      0.00      0.00      0.00      0.00      0.00    100.00
01:51:34         23      0.00      0.00      0.00      0.00      0.00    100.00
01:51:34         24      0.00      0.00      0.00      0.00      0.00    100.00
01:51:34         25      0.00      0.00      0.00      0.00      0.00    100.00
01:51:34         26      0.00      0.00      0.00      0.00      0.00    100.00
01:51:34         27      0.00      0.00      0.00      0.00      0.00    100.00
01:51:34         28      0.99      0.00      0.00      0.00      0.00     99.01
01:51:34         29      0.00      0.00      0.00      0.00      0.00    100.00
01:51:34         30      0.00      0.00      0.00      0.00      0.00    100.00
01:51:34         31      0.00      0.00      0.99      0.00      0.00     99.01
01:51:34         32      0.00      0.00      0.00      0.00      0.00    100.00
01:51:34         33      0.00      0.00      0.00      0.00      0.00    100.00
01:51:34         34      0.00      0.00      0.00      0.00      0.00    100.00
01:51:34         35      0.00      0.00      0.00      0.00      0.00    100.00
01:51:34         36      0.00      0.00      0.00      0.00      0.00    100.00
01:51:34         37      0.00      0.00      0.00      0.00      0.00    100.00
01:51:34         38      0.00      0.00      0.00      0.00      0.00    100.00
01:51:34         39      0.00      0.00      0.00      0.00      0.00    100.00

01:51:34        CPU     %user     %nice   %system   %iowait    %steal     %idle
01:51:35        all      0.03      0.00      0.00      0.00      0.00     99.98
01:51:35          0      0.00      0.00      0.00      0.00      0.00    100.00
01:51:35          1      0.00      0.00      0.00      0.00      0.00    100.00
01:51:35          2      0.00      0.00      0.00      0.00      0.00    100.00
01:51:35          3      0.00      0.00      0.00      0.00      0.00    100.00
01:51:35          4      0.00      0.00      0.00      0.00      0.00    100.00
01:51:35          5      0.00      0.00      0.00      0.00      0.00    100.00
01:51:35          6      0.00      0.00      0.00      0.00      0.00    100.00
01:51:35          7      0.00      0.00      0.00      0.00      0.00    100.00
01:51:35          8      0.00      0.00      0.00      0.00      0.00    100.00
01:51:35          9      0.00      0.00      0.00      0.00      0.00    100.00
01:51:35         10      0.00      0.00      0.00      0.00      0.00    100.00
01:51:35         11      0.00      0.00      0.00      0.00      0.00    100.00
01:51:35         12      0.00      0.00      0.00      0.00      0.00    100.00
01:51:35         13      0.00      0.00      0.00      0.00      0.00    100.00
01:51:35         14      0.00      0.00      0.00      0.00      0.00    100.00
01:51:35         15      0.00      0.00      0.00      0.00      0.00    100.00
01:51:35         16      0.00      0.00      0.00      0.00      0.00    100.00
01:51:35         17      0.00      0.00      0.00      0.00      0.00    100.00
01:51:35         18      0.00      0.00      0.00      0.00      0.00    100.00
01:51:35         19      0.00      0.00      0.00      0.00      0.00    100.00
01:51:35         20      0.00      0.00      0.00      0.00      0.00    100.00
01:51:35         21      0.00      0.00      0.00      0.00      0.00    100.00
01:51:35         22      0.00      0.00      0.00      0.00      0.00    100.00
01:51:35         23      0.00      0.00      0.00      0.00      0.00    100.00
01:51:35         24      0.00      0.00      0.00      0.00      0.00    100.00
01:51:35         25      0.00      0.00      0.00      0.00      0.00    100.00
01:51:35         26      0.00      0.00      0.00      0.00      0.00    100.00
01:51:35         27      0.00      0.00      0.00      0.00      0.00    100.00
01:51:35         28      0.00      0.00      0.00      0.00      0.00    100.00
01:51:35         29      0.00      0.00      0.00      0.00      0.00    100.00
01:51:35         30      0.00      0.00      0.00      0.00      0.00    100.00
01:51:35         31      0.00      0.00      0.00      0.00      0.00    100.00
01:51:35         32      0.00      0.00      0.00      0.00      0.00    100.00
01:51:35         33      0.00      0.00      0.00      0.00      0.00    100.00
01:51:35         34      0.00      0.00      0.00      0.00      0.00    100.00
01:51:35         35      0.00      0.00      0.00      0.00      0.00    100.00
01:51:35         36      0.00      0.00      0.00      0.00      0.00    100.00
01:51:35         37      0.00      0.00      0.00      0.00      0.00    100.00
01:51:35         38      0.00      0.00      0.00      0.00      0.00    100.00
01:51:35         39      0.00      0.00      0.00      0.00      0.00    100.00

01:51:35        CPU     %user     %nice   %system   %iowait    %steal     %idle
01:51:36        all      0.00      0.00      0.03      0.00      0.00     99.97
01:51:36          0      0.00      0.00      0.00      0.00      0.00    100.00
01:51:36          1      0.00      0.00      0.00      0.00      0.00    100.00
01:51:36          2      0.00      0.00      0.00      0.00      0.00    100.00
01:51:36          3      0.00      0.00      0.00      0.00      0.00    100.00
01:51:36          4      0.00      0.00      0.00      0.00      0.00    100.00
01:51:36          5      0.00      0.00      0.00      0.00      0.00    100.00
01:51:36          6      0.00      0.00      0.00      0.00      0.00    100.00
01:51:36          7      0.00      0.00      0.00      0.00      0.00    100.00
01:51:36          8      0.00      0.00      0.00      0.00      0.00    100.00
01:51:36          9      0.00      0.00      0.00      0.00      0.00    100.00
01:51:36         10      0.00      0.00      0.00      0.00      0.00    100.00
01:51:36         11      0.00      0.00      0.00      0.00      0.00    100.00
01:51:36         12      0.00      0.00      0.00      0.00      0.00    100.00
01:51:36         13      0.00      0.00      0.00      0.00      0.00    100.00
01:51:36         14      0.00      0.00      0.00      0.00      0.00    100.00
01:51:36         15      0.00      0.00      0.00      0.00      0.00    100.00
01:51:36         16      0.00      0.00      0.00      0.00      0.00    100.00
01:51:36         17      0.00      0.00      0.00      0.00      0.00    100.00
01:51:36         18      0.00      0.00      0.00      0.00      0.00    100.00
01:51:36         19      0.00      0.00      0.00      0.00      0.00    100.00
01:51:36         20      0.00      0.00      0.00      0.00      0.00    100.00
01:51:36         21      0.00      0.00      0.00      0.00      0.00    100.00
01:51:36         22      0.00      0.00      0.00      0.00      0.00    100.00
01:51:36         23      0.00      0.00      0.00      0.00      0.00    100.00
01:51:36         24      0.00      0.00      0.00      0.00      0.00    100.00
01:51:36         25      0.00      0.00      0.00      0.00      0.00    100.00
01:51:36         26      0.00      0.00      0.00      0.00      0.00    100.00
01:51:36         27      0.00      0.00      0.00      0.00      0.00    100.00
01:51:36         28      0.00      0.00      0.00      0.00      0.00    100.00
01:51:36         29      0.00      0.00      0.99      0.00      0.00     99.01
01:51:36         30      0.00      0.00      0.00      0.00      0.00    100.00
01:51:36         31      0.00      0.00      0.00      0.00      0.00    100.00
01:51:36         32      0.00      0.00      0.00      0.00      0.00    100.00
01:51:36         33      0.00      0.00      0.00      0.00      0.00    100.00
01:51:36         34      0.00      0.00      0.00      0.00      0.00    100.00
01:51:36         35      0.00      0.00      0.00      0.00      0.00    100.00
01:51:36         36      0.00      0.00      0.00      0.00      0.00    100.00
01:51:36         37      0.00      0.00      0.00      0.00      0.00    100.00
01:51:36         38      0.00      0.00      0.00      0.00      0.00    100.00
01:51:36         39      0.00      0.00      0.00      0.00      0.00    100.00

01:51:36        CPU     %user     %nice   %system   %iowait    %steal     %idle
01:51:37        all      0.00      0.00      0.00      0.00      0.00    100.00
01:51:37          0      0.00      0.00      0.00      0.00      0.00    100.00
01:51:37          1      0.00      0.00      0.00      0.00      0.00    100.00
01:51:37          2      0.00      0.00      0.00      0.00      0.00    100.00
01:51:37          3      0.00      0.00      0.00      0.00      0.00    100.00
01:51:37          4      0.00      0.00      0.00      0.00      0.00    100.00
01:51:37          5      0.00      0.00      0.00      0.00      0.00    100.00
01:51:37          6      0.00      0.00      0.00      0.00      0.00    100.00
01:51:37          7      0.00      0.00      0.00      0.00      0.00    100.00
01:51:37          8      0.00      0.00      0.00      0.00      0.00    100.00
01:51:37          9      0.00      0.00      0.00      0.00      0.00    100.00
01:51:37         10      0.00      0.00      0.00      0.00      0.00    100.00
01:51:37         11      0.00      0.00      0.00      0.00      0.00    100.00
01:51:37         12      0.00      0.00      0.00      0.00      0.00    100.00
01:51:37         13      0.00      0.00      0.00      0.00      0.00    100.00
01:51:37         14      0.00      0.00      0.00      0.00      0.00    100.00
01:51:37         15      0.00      0.00      0.00      0.00      0.00    100.00
01:51:37         16      0.00      0.00      0.00      0.00      0.00    100.00
01:51:37         17      0.00      0.00      0.00      0.00      0.00    100.00
01:51:37         18      0.00      0.00      0.00      0.00      0.00    100.00
01:51:37         19      0.00      0.00      0.00      0.00      0.00    100.00
01:51:37         20      0.00      0.00      0.00      0.00      0.00    100.00
01:51:37         21      0.00      0.00      0.00      0.00      0.00    100.00
01:51:37         22      0.00      0.00      0.00      0.00      0.00    100.00
01:51:37         23      0.00      0.00      0.00      0.00      0.00    100.00
01:51:37         24      0.00      0.00      0.00      0.00      0.00    100.00
01:51:37         25      0.00      0.00      0.00      0.00      0.00    100.00
01:51:37         26      0.00      0.00      0.00      0.00      0.00    100.00
01:51:37         27      0.00      0.00      0.00      0.00      0.00    100.00
01:51:37         28      0.00      0.00      0.00      0.00      0.00    100.00
01:51:37         29      0.00      0.00      0.00      0.00      0.00    100.00
01:51:37         30      0.00      0.00      0.00      0.00      0.00    100.00
01:51:37         31      0.00      0.00      0.00      0.00      0.00    100.00
01:51:37         32      0.00      0.00      0.00      0.00      0.00    100.00
01:51:37         33      0.00      0.00      0.00      0.00      0.00    100.00
01:51:37         34      0.00      0.00      0.00      0.00      0.00    100.00
01:51:37         35      0.00      0.00      0.00      0.00      0.00    100.00
01:51:37         36      0.00      0.00      0.00      0.00      0.00    100.00
01:51:37         37      0.00      0.00      0.00      0.00      0.00    100.00
01:51:37         38      0.00      0.00      0.00      0.00      0.00    100.00
01:51:37         39      0.00      0.00      0.00      0.00      0.00    100.00

01:51:37        CPU     %user     %nice   %system   %iowait    %steal     %idle
01:51:38        all      0.03      0.00      0.00      0.00      0.00     99.97
01:51:38          0      0.00      0.00      0.00      0.00      0.00    100.00
01:51:38          1      0.00      0.00      0.00      0.00      0.00    100.00
01:51:38          2      0.00      0.00      0.00      0.00      0.00    100.00
01:51:38          3      0.00      0.00      0.00      0.00      0.00    100.00
01:51:38          4      0.00      0.00      0.00      0.00      0.00    100.00
01:51:38          5      0.00      0.00      0.00      0.00      0.00    100.00
01:51:38          6      0.00      0.00      0.00      0.00      0.00    100.00
01:51:38          7      0.00      0.00      0.00      0.00      0.00    100.00
01:51:38          8      0.00      0.00      0.00      0.00      0.00    100.00
01:51:38          9      0.00      0.00      0.00      0.00      0.00    100.00
01:51:38         10      0.00      0.00      0.00      0.00      0.00    100.00
01:51:38         11      0.00      0.00      0.00      0.00      0.00    100.00
01:51:38         12      0.00      0.00      0.00      0.00      0.00    100.00
01:51:38         13      0.00      0.00      0.00      0.00      0.00    100.00
01:51:38         14      0.00      0.00      0.00      0.00      0.00    100.00
01:51:38         15      0.00      0.00      0.00      0.00      0.00    100.00
01:51:38         16      0.00      0.00      0.00      0.00      0.00    100.00
01:51:38         17      0.00      0.00      0.00      0.00      0.00    100.00
01:51:38         18      0.00      0.00      0.00      0.00      0.00    100.00
01:51:38         19      0.00      0.00      0.00      0.00      0.00    100.00
01:51:38         20      0.00      0.00      0.00      0.00      0.00    100.00
01:51:38         21      0.00      0.00      0.00      0.00      0.00    100.00
01:51:38         22      0.00      0.00      0.00      0.00      0.00    100.00
01:51:38         23      0.00      0.00      0.00      0.00      0.00    100.00
01:51:38         24      0.00      0.00      0.00      0.00      0.00    100.00
01:51:38         25      0.00      0.00      0.00      0.00      0.00    100.00
01:51:38         26      0.00      0.00      0.00      0.00      0.00    100.00
01:51:38         27      0.00      0.00      0.00      0.00      0.00    100.00
01:51:38         28      0.00      0.00      0.00      0.00      0.00    100.00
01:51:38         29      0.00      0.00      0.00      0.00      0.00    100.00
01:51:38         30      0.00      0.00      0.00      0.00      0.00    100.00
01:51:38         31      0.00      0.00      0.00      0.00      0.00    100.00
01:51:38         32      0.00      0.00      0.00      0.00      0.00    100.00
01:51:38         33      0.00      0.00      0.00      0.00      0.00    100.00
01:51:38         34      0.00      0.00      0.00      0.00      0.00    100.00
01:51:38         35      0.00      0.00      0.00      0.00      0.00    100.00
01:51:38         36      0.00      0.00      0.00      0.00      0.00    100.00
01:51:38         37      0.00      0.00      0.00      0.00      0.00    100.00
01:51:38         38      0.00      0.00      0.00      0.00      0.00    100.00
01:51:38         39      0.00      0.00      0.00      0.00      0.00    100.00

01:51:38        CPU     %user     %nice   %system   %iowait    %steal     %idle
01:51:39        all      0.00      0.00      0.03      0.00      0.00     99.98
01:51:39          0      0.00      0.00      0.00      0.00      0.00    100.00
01:51:39          1      0.00      0.00      0.00      0.00      0.00    100.00
01:51:39          2      0.00      0.00      0.00      0.00      0.00    100.00
01:51:39          3      0.00      0.00      0.00      0.00      0.00    100.00
01:51:39          4      0.00      0.00      0.00      0.00      0.00    100.00
01:51:39          5      0.00      0.00      0.00      0.00      0.00    100.00
01:51:39          6      0.00      0.00      0.00      0.00      0.00    100.00
01:51:39          7      0.00      0.00      0.00      0.00      0.00    100.00
01:51:39          8      0.00      0.00      0.00      0.00      0.00    100.00
01:51:39          9      0.00      0.00      0.00      0.00      0.00    100.00
01:51:39         10      0.00      0.00      0.00      0.00      0.00    100.00
01:51:39         11      0.00      0.00      0.00      0.00      0.00    100.00
01:51:39         12      0.00      0.00      0.00      0.00      0.00    100.00
01:51:39         13      0.00      0.00      0.00      0.00      0.00    100.00
01:51:39         14      0.00      0.00      0.00      0.00      0.00    100.00
01:51:39         15      0.00      0.00      0.00      0.00      0.00    100.00
01:51:39         16      0.00      0.00      0.00      0.00      0.00    100.00
01:51:39         17      0.00      0.00      0.00      0.00      0.00    100.00
01:51:39         18      0.00      0.00      0.00      0.00      0.00    100.00
01:51:39         19      0.00      0.00      0.00      0.00      0.00    100.00
01:51:39         20      0.00      0.00      0.00      0.00      0.00    100.00
01:51:39         21      0.00      0.00      0.00      0.00      0.00    100.00
01:51:39         22      0.00      0.00      0.00      0.00      0.00    100.00
01:51:39         23      0.00      0.00      0.00      0.00      0.00    100.00
01:51:39         24      0.00      0.00      0.00      0.00      0.00    100.00
01:51:39         25      0.00      0.00      0.00      0.00      0.00    100.00
01:51:39         26      0.00      0.00      0.00      0.00      0.00    100.00
01:51:39         27      0.00      0.00      0.00      0.00      0.00    100.00
01:51:39         28      0.00      0.00      0.00      0.00      0.00    100.00
01:51:39         29      0.00      0.00      0.00      0.00      0.00    100.00
01:51:39         30      0.00      0.00      0.00      0.00      0.00    100.00
01:51:39         31      0.00      0.00      0.00      0.00      0.00    100.00
01:51:39         32      0.00      0.00      0.00      0.00      0.00    100.00
01:51:39         33      0.00      0.00      0.00      0.00      0.00    100.00
01:51:39         34      0.00      0.00      0.00      0.00      0.00    100.00
01:51:39         35      0.00      0.00      0.00      0.00      0.00    100.00
01:51:39         36      0.00      0.00      0.00      0.00      0.00    100.00
01:51:39         37      0.00      0.00      0.00      0.00      0.00    100.00
01:51:39         38      0.00      0.00      0.00      0.00      0.00    100.00
01:51:39         39      0.00      0.00      0.00      0.00      0.00    100.00

01:51:39        CPU     %user     %nice   %system   %iowait    %steal     %idle
01:51:40        all      2.03      0.00      0.45      0.00      0.00     97.52
01:51:40          0      3.00      0.00      1.00      0.00      0.00     96.00
01:51:40          1      1.00      0.00      1.00      0.00      0.00     98.00
01:51:40          2      4.95      0.00      0.99      0.00      0.00     94.06
01:51:40          3     14.00      0.00      2.00      0.00      0.00     84.00
01:51:40          4      0.00      0.00      0.00      0.00      0.00    100.00
01:51:40          5      0.00      0.00      0.00      0.00      0.00    100.00
01:51:40          6      0.00      0.00      0.00      0.00      0.00    100.00
01:51:40          7      0.00      0.00      0.00      0.00      0.00    100.00
01:51:40          8      4.08      0.00      0.00      0.00      0.00     95.92
01:51:40          9      4.00      0.00      0.00      0.00      0.00     96.00
01:51:40         10      0.00      0.00      2.00      0.00      0.00     98.00
01:51:40         11      1.00      0.00      0.00      0.00      0.00     99.00
01:51:40         12      0.00      0.00      0.00      0.00      0.00    100.00
01:51:40         13      0.00      0.00      0.00      0.00      0.00    100.00
01:51:40         14      0.00      0.00      0.00      0.00      0.00    100.00
01:51:40         15      9.09      0.00      1.01      0.00      0.00     89.90
01:51:40         16      0.00      0.00      0.00      0.00      0.00    100.00
01:51:40         17      0.00      0.00      0.99      0.00      0.00     99.01
01:51:40         18      0.00      0.00      0.00      0.00      0.00    100.00
01:51:40         19      0.00      0.00      1.00      0.00      0.00     99.00
01:51:40         20      0.00      0.00      0.00      0.00      0.00    100.00
01:51:40         21      2.02      0.00      0.00      0.00      0.00     97.98
01:51:40         22     12.00      0.00      1.00      0.00      0.00     87.00
01:51:40         23      0.00      0.00      0.00      0.00      0.00    100.00
01:51:40         24      0.00      0.00      0.00      0.00      0.00    100.00
01:51:40         25      0.00      0.00      1.00      0.00      0.00     99.00
01:51:40         26      0.00      0.00      0.00      0.00      0.00    100.00
01:51:40         27      0.00      0.00      0.00      0.00      0.00    100.00
01:51:40         28      5.00      0.00      1.00      0.00      0.00     94.00
01:51:40         29     10.89      0.00      2.97      0.00      0.00     86.14
01:51:40         30      0.00      0.00      0.00      0.00      0.00    100.00
01:51:40         31      0.00      0.00      0.00      0.00      0.00    100.00
01:51:40         32      1.96      0.00      0.98      0.00      0.00     97.06
01:51:40         33      0.00      0.00      1.00      0.00      0.00     99.00
01:51:40         34      2.02      0.00      0.00      0.00      0.00     97.98
01:51:40         35      6.00      0.00      1.00      0.00      0.00     93.00
01:51:40         36      0.00      0.00      0.99      0.00      0.00     99.01
01:51:40         37      0.00      0.00      0.00      0.00      0.00    100.00
01:51:40         38      0.00      0.00      0.00      0.00      0.00    100.00
01:51:40         39      0.00      0.00      0.00      0.00      0.00    100.00

01:51:40        CPU     %user     %nice   %system   %iowait    %steal     %idle
01:51:41        all      6.62      0.00      1.50      0.28      0.00     91.60
01:51:41          0     11.22      0.00      3.06      2.04      0.00     83.67
01:51:41          1      1.02      0.00      1.02      1.02      0.00     96.94
01:51:41          2      2.02      0.00      2.02      2.02      0.00     93.94
01:51:41          3      4.04      0.00      2.02      1.01      0.00     92.93
01:51:41          4     16.16      0.00      4.04      0.00      0.00     79.80
01:51:41          5      0.00      0.00      0.00      0.00      0.00    100.00
01:51:41          6      0.00      0.00      0.99      0.00      0.00     99.01
01:51:41          7     28.28      0.00      2.02      0.00      0.00     69.70
01:51:41          8      3.92      0.00      0.98      0.00      0.00     95.10
01:51:41          9      3.96      0.00      0.99      0.00      0.00     95.05
01:51:41         10      1.00      0.00      1.00      0.00      0.00     98.00
01:51:41         11      0.00      0.00      1.00      0.00      0.00     99.00
01:51:41         12     13.13      0.00      3.03      0.00      0.00     83.84
01:51:41         13      6.06      0.00      1.01      0.00      0.00     92.93
01:51:41         14      1.00      0.00      1.00      0.00      0.00     98.00
01:51:41         15      6.93      0.00      0.99      0.00      0.00     92.08
01:51:41         16     23.00      0.00      1.00      0.00      0.00     76.00
01:51:41         17      0.00      0.00      0.00      0.00      0.00    100.00
01:51:41         18      1.01      0.00      0.00      2.02      0.00     96.97
01:51:41         19     39.60      0.00      7.92      0.00      0.00     52.48
01:51:41         20      2.00      0.00      2.00      0.00      0.00     96.00
01:51:41         21      5.00      0.00      1.00      0.00      0.00     94.00
01:51:41         22      2.00      0.00      0.00      0.00      0.00     98.00
01:51:41         23      0.00      0.00      0.00      0.00      0.00    100.00
01:51:41         24     19.00      0.00      2.00      0.00      0.00     79.00
01:51:41         25     15.15      0.00      2.02      0.00      0.00     82.83
01:51:41         26      2.02      0.00      1.01      0.00      0.00     96.97
01:51:41         27      2.00      0.00      1.00      0.00      0.00     97.00
01:51:41         28      9.00      0.00      0.00      0.00      0.00     91.00
01:51:41         29      5.10      0.00      0.00      0.00      0.00     94.90
01:51:41         30      0.00      0.00      0.00      0.00      0.00    100.00
01:51:41         31      1.00      0.00      0.00      0.00      0.00     99.00
01:51:41         32      0.00      0.00      2.00      2.00      0.00     96.00
01:51:41         33      3.00      0.00      1.00      0.00      0.00     96.00
01:51:41         34     28.71      0.00      2.97      0.00      0.00     68.32
01:51:41         35      1.01      0.00      0.00      0.00      0.00     98.99
01:51:41         36      5.00      0.00      3.00      0.00      0.00     92.00
01:51:41         37      1.01      0.00      1.01      0.00      0.00     97.98
01:51:41         38      3.00      0.00      2.00      0.00      0.00     95.00
01:51:41         39      0.00      0.00      2.00      0.00      0.00     98.00

01:51:41        CPU     %user     %nice   %system   %iowait    %steal     %idle
01:51:42        all      0.03      0.00      0.03      0.78      0.00     99.17
01:51:42          0      0.00      0.00      0.99      0.00      0.00     99.01
01:51:42          1      0.00      0.00      0.00      0.00      0.00    100.00
01:51:42          2      0.00      0.00      0.00      0.00      0.00    100.00
01:51:42          3      0.00      0.00      0.00      0.00      0.00    100.00
01:51:42          4      0.00      0.00      0.00      0.00      0.00    100.00
01:51:42          5      0.00      0.00      0.00      0.00      0.00    100.00
01:51:42          6      0.00      0.00      0.00      0.00      0.00    100.00
01:51:42          7      0.00      0.00      0.00      0.00      0.00    100.00
01:51:42          8      0.00      0.00      0.00      0.00      0.00    100.00
01:51:42          9      0.00      0.00      0.00      0.00      0.00    100.00
01:51:42         10      0.00      0.00      0.00      0.00      0.00    100.00
01:51:42         11      0.00      0.00      0.00      0.00      0.00    100.00
01:51:42         12      0.00      0.00      0.00      0.00      0.00    100.00
01:51:42         13      0.00      0.00      0.00      0.00      0.00    100.00
01:51:42         14      0.00      0.00      0.00     32.00      0.00     68.00
01:51:42         15      0.00      0.00      0.00      0.00      0.00    100.00
01:51:42         16      0.00      0.00      0.00      0.00      0.00    100.00
01:51:42         17      0.00      0.00      0.00      0.00      0.00    100.00
01:51:42         18      0.00      0.00      0.00      0.00      0.00    100.00
01:51:42         19      0.00      0.00      0.00      0.00      0.00    100.00
01:51:42         20      0.00      0.00      0.00      0.00      0.00    100.00
01:51:42         21      0.00      0.00      0.00      0.00      0.00    100.00
01:51:42         22      0.00      0.00      0.00      0.00      0.00    100.00
01:51:42         23      0.00      0.00      0.00      0.00      0.00    100.00
01:51:42         24      0.00      0.00      0.00      0.00      0.00    100.00
01:51:42         25      0.00      0.00      0.99      0.00      0.00     99.01
01:51:42         26      0.00      0.00      0.00      0.00      0.00    100.00
01:51:42         27      0.00      0.00      0.00      0.00      0.00    100.00
01:51:42         28      0.00      0.00      0.00      0.00      0.00    100.00
01:51:42         29      0.00      0.00      0.00      0.00      0.00    100.00
01:51:42         30      0.00      0.00      0.00      0.00      0.00    100.00
01:51:42         31      0.00      0.00      0.00      0.00      0.00    100.00
01:51:42         32      0.00      0.00      0.00      0.00      0.00    100.00
01:51:42         33      0.00      0.00      0.00      0.00      0.00    100.00
01:51:42         34      0.00      0.00      0.00      0.00      0.00    100.00
01:51:42         35      0.00      0.00      0.00      0.00      0.00    100.00
01:51:42         36      0.00      0.00      0.00      0.00      0.00    100.00
01:51:42         37      0.00      0.00      0.00      0.00      0.00    100.00
01:51:42         38      0.00      0.00      0.00      0.00      0.00    100.00
01:51:42         39      0.00      0.00      0.00      0.00      0.00    100.00

01:51:42        CPU     %user     %nice   %system   %iowait    %steal     %idle
01:51:43        all      0.00      0.00      0.00      0.00      0.00    100.00
01:51:43          0      0.00      0.00      0.00      0.00      0.00    100.00
01:51:43          1      0.00      0.00      1.00      0.00      0.00     99.00
01:51:43          2      0.00      0.00      0.00      0.00      0.00    100.00
01:51:43          3      0.00      0.00      0.00      0.00      0.00    100.00
01:51:43          4      0.00      0.00      0.00      0.00      0.00    100.00
01:51:43          5      0.00      0.00      0.00      0.00      0.00    100.00
01:51:43          6      0.00      0.00      0.00      0.00      0.00    100.00
01:51:43          7      0.00      0.00      0.00      0.00      0.00    100.00
01:51:43          8      0.00      0.00      0.00      0.00      0.00    100.00
01:51:43          9      0.00      0.00      0.00      0.00      0.00    100.00
01:51:43         10      0.00      0.00      0.00      0.00      0.00    100.00
01:51:43         11      0.00      0.00      0.00      0.00      0.00    100.00
01:51:43         12      0.00      0.00      0.00      0.00      0.00    100.00
01:51:43         13      0.99      0.00      0.00      0.00      0.00     99.01
01:51:43         14      0.00      0.00      0.00      0.00      0.00    100.00
01:51:43         15      0.00      0.00      0.00      0.00      0.00    100.00
01:51:43         16      0.00      0.00      0.00      0.00      0.00    100.00
01:51:43         17      0.00      0.00      0.00      0.00      0.00    100.00
01:51:43         18      0.00      0.00      0.00      0.00      0.00    100.00
01:51:43         19      0.00      0.00      0.00      0.00      0.00    100.00
01:51:43         20      0.00      0.00      0.00      0.00      0.00    100.00
01:51:43         21      0.00      0.00      0.00      0.00      0.00    100.00
01:51:43         22      0.00      0.00      0.00      0.00      0.00    100.00
01:51:43         23      0.00      0.00      0.00      0.00      0.00    100.00
01:51:43         24      0.00      0.00      0.00      0.00      0.00    100.00
01:51:43         25      0.00      0.00      0.00      0.00      0.00    100.00
01:51:43         26      0.00      0.00      0.00      0.00      0.00    100.00
01:51:43         27      0.00      0.00      0.00      0.00      0.00    100.00
01:51:43         28      0.00      0.00      0.00      0.00      0.00    100.00
01:51:43         29      0.00      0.00      0.00      0.00      0.00    100.00
01:51:43         30      0.00      0.00      0.00      0.00      0.00    100.00
01:51:43         31      0.00      0.00      0.00      0.00      0.00    100.00
01:51:43         32      0.00      0.00      0.00      0.00      0.00    100.00
01:51:43         33      0.00      0.00      0.00      0.00      0.00    100.00
01:51:43         34      0.00      0.00      0.00      0.00      0.00    100.00
01:51:43         35      0.00      0.00      0.00      0.00      0.00    100.00
01:51:43         36      0.00      0.00      0.00      0.00      0.00    100.00
01:51:43         37      0.00      0.00      0.00      0.00      0.00    100.00
01:51:43         38      0.00      0.00      0.00      0.00      0.00    100.00
01:51:43         39      0.00      0.00      0.00      0.00      0.00    100.00

01:51:43        CPU     %user     %nice   %system   %iowait    %steal     %idle
01:51:44        all      0.02      0.00      0.02      0.10      0.00     99.85
01:51:44          0      1.00      0.00      0.00      0.00      0.00     99.00
01:51:44          1      0.00      0.00      0.00      0.00      0.00    100.00
01:51:44          2      0.00      0.00      0.00      0.00      0.00    100.00
01:51:44          3      0.00      0.00      0.00      0.00      0.00    100.00
01:51:44          4      0.00      0.00      0.00      0.00      0.00    100.00
01:51:44          5      0.00      0.00      0.00      0.00      0.00    100.00
01:51:44          6      0.00      0.00      0.00      0.00      0.00    100.00
01:51:44          7      0.00      0.00      0.00      0.00      0.00    100.00
01:51:44          8      0.00      0.00      0.00      0.00      0.00    100.00
01:51:44          9      0.00      0.00      0.00      0.00      0.00    100.00
01:51:44         10      0.00      0.00      0.00      0.00      0.00    100.00
01:51:44         11      0.00      0.00      0.00      0.00      0.00    100.00
01:51:44         12      0.00      0.00      0.00      0.00      0.00    100.00
01:51:44         13      0.00      0.00      0.00      0.00      0.00    100.00
01:51:44         14      0.00      0.00      0.00      0.00      0.00    100.00
01:51:44         15      0.00      0.00      0.00      0.00      0.00    100.00
01:51:44         16      0.00      0.00      0.00      0.00      0.00    100.00
01:51:44         17      0.00      0.00      0.00      0.00      0.00    100.00
01:51:44         18      0.00      0.00      0.00      0.00      0.00    100.00
01:51:44         19      0.00      0.00      0.00      0.00      0.00    100.00
01:51:44         20      0.00      0.00      0.00      0.00      0.00    100.00
01:51:44         21      0.00      0.00      0.00      0.00      0.00    100.00
01:51:44         22      0.00      0.00      0.00      0.00      0.00    100.00
01:51:44         23      0.00      0.00      0.00      0.00      0.00    100.00
01:51:44         24      0.00      0.00      0.00      0.00      0.00    100.00
01:51:44         25      0.00      0.00      0.00      0.00      0.00    100.00
01:51:44         26      0.00      0.00      0.00      0.00      0.00    100.00
01:51:44         27      0.00      0.00      0.00      0.00      0.00    100.00
01:51:44         28      0.00      0.00      0.00      0.00      0.00    100.00
01:51:44         29      0.00      0.00      0.00      3.00      0.00     97.00
01:51:44         30      0.00      0.00      0.00      0.00      0.00    100.00
01:51:44         31      0.00      0.00      0.00      0.00      0.00    100.00
01:51:44         32      0.00      0.00      0.00      0.00      0.00    100.00
01:51:44         33      0.00      0.00      0.00      0.00      0.00    100.00
01:51:44         34      0.00      0.00      0.00      0.00      0.00    100.00
01:51:44         35      0.00      0.00      0.00      0.00      0.00    100.00
01:51:44         36      0.00      0.00      0.00      0.00      0.00    100.00
01:51:44         37      0.00      0.00      0.00      0.00      0.00    100.00
01:51:44         38      0.00      0.00      0.00      0.00      0.00    100.00
01:51:44         39      0.00      0.00      0.00      0.00      0.00    100.00

01:51:44        CPU     %user     %nice   %system   %iowait    %steal     %idle
01:51:45        all      0.00      0.00      0.00      0.00      0.00    100.00
01:51:45          0      0.00      0.00      0.00      0.00      0.00    100.00
01:51:45          1      0.00      0.00      0.00      0.00      0.00    100.00
01:51:45          2      0.00      0.00      0.00      0.00      0.00    100.00
01:51:45          3      0.00      0.00      0.00      0.00      0.00    100.00
01:51:45          4      0.00      0.00      0.00      0.00      0.00    100.00
01:51:45          5      0.00      0.00      0.00      0.00      0.00    100.00
01:51:45          6      0.00      0.00      0.00      0.00      0.00    100.00
01:51:45          7      0.00      0.00      0.00      0.00      0.00    100.00
01:51:45          8      0.00      0.00      0.00      0.00      0.00    100.00
01:51:45          9      0.00      0.00      0.00      0.00      0.00    100.00
01:51:45         10      0.00      0.00      0.00      0.00      0.00    100.00
01:51:45         11      0.00      0.00      0.00      0.00      0.00    100.00
01:51:45         12      0.00      0.00      0.00      0.00      0.00    100.00
01:51:45         13      0.00      0.00      0.00      0.00      0.00    100.00
01:51:45         14      0.00      0.00      0.00      0.00      0.00    100.00
01:51:45         15      0.00      0.00      0.00      0.00      0.00    100.00
01:51:45         16      0.00      0.00      0.00      0.00      0.00    100.00
01:51:45         17      0.00      0.00      0.00      0.00      0.00    100.00
01:51:45         18      0.00      0.00      0.00      0.00      0.00    100.00
01:51:45         19      0.00      0.00      0.00      0.00      0.00    100.00
01:51:45         20      0.00      0.00      0.00      0.00      0.00    100.00
01:51:45         21      0.00      0.00      0.00      0.00      0.00    100.00
01:51:45         22      0.00      0.00      0.00      0.00      0.00    100.00
01:51:45         23      0.00      0.00      0.00      0.00      0.00    100.00
01:51:45         24      0.00      0.00      0.00      0.00      0.00    100.00
01:51:45         25      0.00      0.00      0.00      0.00      0.00    100.00
01:51:45         26      0.00      0.00      0.00      0.00      0.00    100.00
01:51:45         27      0.00      0.00      0.00      0.00      0.00    100.00
01:51:45         28      0.00      0.00      0.00      0.00      0.00    100.00
01:51:45         29      0.00      0.00      0.00      0.00      0.00    100.00
01:51:45         30      0.00      0.00      0.00      0.00      0.00    100.00
01:51:45         31      0.00      0.00      0.00      0.00      0.00    100.00
01:51:45         32      0.00      0.00      0.00      0.00      0.00    100.00
01:51:45         33      0.00      0.00      0.00      0.00      0.00    100.00
01:51:45         34      0.00      0.00      0.00      0.00      0.00    100.00
01:51:45         35      0.00      0.00      0.00      0.00      0.00    100.00
01:51:45         36      0.00      0.00      0.00      0.00      0.00    100.00
01:51:45         37      0.00      0.00      0.00      0.00      0.00    100.00
01:51:45         38      0.00      0.00      0.00      0.00      0.00    100.00
01:51:45         39      0.00      0.00      0.00      0.00      0.00    100.00

01:51:45        CPU     %user     %nice   %system   %iowait    %steal     %idle
01:51:46        all      0.03      0.00      0.00      0.00      0.00     99.98
01:51:46          0      0.00      0.00      0.00      0.00      0.00    100.00
01:51:46          1      0.00      0.00      0.00      0.00      0.00    100.00
01:51:46          2      0.00      0.00      0.00      0.00      0.00    100.00
01:51:46          3      0.00      0.00      0.00      0.00      0.00    100.00
01:51:46          4      0.00      0.00      0.00      0.00      0.00    100.00
01:51:46          5      0.00      0.00      0.00      0.00      0.00    100.00
01:51:46          6      0.00      0.00      0.00      0.00      0.00    100.00
01:51:46          7      0.00      0.00      0.00      0.00      0.00    100.00
01:51:46          8      0.00      0.00      0.00      0.00      0.00    100.00
01:51:46          9      0.00      0.00      0.00      0.00      0.00    100.00
01:51:46         10      0.00      0.00      0.00      0.00      0.00    100.00
01:51:46         11      0.00      0.00      0.00      0.00      0.00    100.00
01:51:46         12      0.00      0.00      0.00      0.00      0.00    100.00
01:51:46         13      0.99      0.00      0.00      0.00      0.00     99.01
01:51:46         14      0.00      0.00      0.00      0.00      0.00    100.00
01:51:46         15      0.00      0.00      0.00      0.00      0.00    100.00
01:51:46         16      0.00      0.00      0.00      0.00      0.00    100.00
01:51:46         17      0.00      0.00      0.00      0.00      0.00    100.00
01:51:46         18      0.00      0.00      0.00      0.00      0.00    100.00
01:51:46         19      0.00      0.00      0.00      0.00      0.00    100.00
01:51:46         20      0.00      0.00      0.00      0.00      0.00    100.00
01:51:46         21      0.00      0.00      0.00      0.00      0.00    100.00
01:51:46         22      0.00      0.00      0.00      0.00      0.00    100.00
01:51:46         23      0.00      0.00      0.00      0.00      0.00    100.00
01:51:46         24      0.00      0.00      0.00      0.00      0.00    100.00
01:51:46         25      0.00      0.00      0.00      0.00      0.00    100.00
01:51:46         26      0.00      0.00      0.00      0.00      0.00    100.00
01:51:46         27      0.00      0.00      0.00      0.00      0.00    100.00
01:51:46         28      1.00      0.00      0.00      0.00      0.00     99.00
01:51:46         29      0.00      0.00      0.00      0.00      0.00    100.00
01:51:46         30      0.00      0.00      0.00      0.00      0.00    100.00
01:51:46         31      0.00      0.00      0.00      0.00      0.00    100.00
01:51:46         32      0.00      0.00      0.00      0.00      0.00    100.00
01:51:46         33      0.00      0.00      0.00      0.00      0.00    100.00
01:51:46         34      0.00      0.00      0.00      0.00      0.00    100.00
01:51:46         35      0.00      0.00      0.00      0.00      0.00    100.00
01:51:46         36      0.00      0.00      0.00      0.00      0.00    100.00
01:51:46         37      0.00      0.00      0.00      0.00      0.00    100.00
01:51:46         38      0.00      0.00      0.00      0.00      0.00    100.00
01:51:46         39      0.00      0.00      0.00      0.00      0.00    100.00

01:51:46        CPU     %user     %nice   %system   %iowait    %steal     %idle
01:51:47        all      0.03      0.00      0.00      0.00      0.00     99.98
01:51:47          0      0.00      0.00      0.00      0.00      0.00    100.00
01:51:47          1      0.00      0.00      0.00      0.00      0.00    100.00
01:51:47          2      0.00      0.00      0.00      0.00      0.00    100.00
01:51:47          3      0.00      0.00      0.00      0.00      0.00    100.00
01:51:47          4      0.00      0.00      0.00      0.00      0.00    100.00
01:51:47          5      0.00      0.00      0.00      0.00      0.00    100.00
01:51:47          6      0.00      0.00      0.00      0.00      0.00    100.00
01:51:47          7      0.00      0.00      0.00      0.00      0.00    100.00
01:51:47          8      0.00      0.00      0.00      0.00      0.00    100.00
01:51:47          9      0.00      0.00      0.00      0.00      0.00    100.00
01:51:47         10      0.00      0.00      0.00      0.00      0.00    100.00
01:51:47         11      0.00      0.00      0.00      0.00      0.00    100.00
01:51:47         12      0.00      0.00      0.00      0.00      0.00    100.00
01:51:47         13      0.00      0.00      0.00      0.00      0.00    100.00
01:51:47         14      0.00      0.00      0.00      0.00      0.00    100.00
01:51:47         15      0.00      0.00      0.00      0.00      0.00    100.00
01:51:47         16      0.00      0.00      0.00      0.00      0.00    100.00
01:51:47         17      0.00      0.00      0.00      0.00      0.00    100.00
01:51:47         18      0.00      0.00      0.00      0.00      0.00    100.00
01:51:47         19      0.00      0.00      0.00      0.00      0.00    100.00
01:51:47         20      0.00      0.00      0.00      0.00      0.00    100.00
01:51:47         21      0.00      0.00      0.00      0.00      0.00    100.00
01:51:47         22      0.00      0.00      0.00      0.00      0.00    100.00
01:51:47         23      0.00      0.00      0.00      0.00      0.00    100.00
01:51:47         24      0.00      0.00      0.00      0.00      0.00    100.00
01:51:47         25      0.00      0.00      0.00      0.00      0.00    100.00
01:51:47         26      0.00      0.00      0.00      0.00      0.00    100.00
01:51:47         27      0.00      0.00      0.00      0.00      0.00    100.00
01:51:47         28      0.00      0.00      0.00      0.00      0.00    100.00
01:51:47         29      0.00      0.00      0.00      0.00      0.00    100.00
01:51:47         30      0.00      0.00      0.00      0.00      0.00    100.00
01:51:47         31      0.00      0.00      0.00      0.00      0.00    100.00
01:51:47         32      0.00      0.00      0.00      0.00      0.00    100.00
01:51:47         33      0.00      0.00      0.00      0.00      0.00    100.00
01:51:47         34      0.00      0.00      0.00      0.00      0.00    100.00
01:51:47         35      0.00      0.00      0.00      0.00      0.00    100.00
01:51:47         36      0.00      0.00      0.00      0.00      0.00    100.00
01:51:47         37      0.00      0.00      0.00      0.00      0.00    100.00
01:51:47         38      0.00      0.00      0.00      0.00      0.00    100.00
01:51:47         39      0.00      0.00      0.00      0.00      0.00    100.00

01:51:47        CPU     %user     %nice   %system   %iowait    %steal     %idle
01:51:48        all      0.00      0.00      0.03      0.00      0.00     99.97
01:51:48          0      0.00      0.00      0.00      0.00      0.00    100.00
01:51:48          1      0.00      0.00      0.00      0.00      0.00    100.00
01:51:48          2      0.00      0.00      0.00      0.00      0.00    100.00
01:51:48          3      0.00      0.00      0.00      0.00      0.00    100.00
01:51:48          4      0.00      0.00      0.00      0.00      0.00    100.00
01:51:48          5      0.00      0.00      0.00      0.00      0.00    100.00
01:51:48          6      0.00      0.00      0.00      0.00      0.00    100.00
01:51:48          7      0.00      0.00      0.00      0.00      0.00    100.00
01:51:48          8      0.00      0.00      0.00      0.00      0.00    100.00
01:51:48          9      0.00      0.00      0.00      0.00      0.00    100.00
01:51:48         10      0.00      0.00      0.00      0.00      0.00    100.00
01:51:48         11      0.00      0.00      0.00      0.00      0.00    100.00
01:51:48         12      0.00      0.00      0.00      0.00      0.00    100.00
01:51:48         13      0.00      0.00      0.00      0.00      0.00    100.00
01:51:48         14      0.00      0.00      0.00      0.00      0.00    100.00
01:51:48         15      0.00      0.00      0.00      0.00      0.00    100.00
01:51:48         16      0.00      0.00      0.00      0.00      0.00    100.00
01:51:48         17      0.00      0.00      0.00      0.00      0.00    100.00
01:51:48         18      0.00      0.00      0.00      0.00      0.00    100.00
01:51:48         19      0.00      0.00      0.00      0.00      0.00    100.00
01:51:48         20      0.00      0.00      0.00      0.00      0.00    100.00
01:51:48         21      0.00      0.00      0.00      0.00      0.00    100.00
01:51:48         22      0.00      0.00      0.00      0.00      0.00    100.00
01:51:48         23      0.00      0.00      0.00      0.00      0.00    100.00
01:51:48         24      0.00      0.00      0.00      0.00      0.00    100.00
01:51:48         25      0.00      0.00      0.00      0.00      0.00    100.00
01:51:48         26      0.00      0.00      0.00      0.00      0.00    100.00
01:51:48         27      0.00      0.00      0.00      0.00      0.00    100.00
01:51:48         28      0.00      0.00      0.99      0.00      0.00     99.01
01:51:48         29      0.00      0.00      0.00      0.00      0.00    100.00
01:51:48         30      0.00      0.00      0.00      0.00      0.00    100.00
01:51:48         31      0.00      0.00      0.00      0.00      0.00    100.00
01:51:48         32      0.00      0.00      0.00      0.00      0.00    100.00
01:51:48         33      0.00      0.00      0.00      0.00      0.00    100.00
01:51:48         34      0.00      0.00      0.00      0.00      0.00    100.00
01:51:48         35      0.00      0.00      0.00      0.00      0.00    100.00
01:51:48         36      0.00      0.00      0.00      0.00      0.00    100.00
01:51:48         37      0.00      0.00      0.00      0.00      0.00    100.00
01:51:48         38      0.00      0.00      0.00      0.00      0.00    100.00
01:51:48         39      0.00      0.00      0.00      0.00      0.00    100.00

01:51:48        CPU     %user     %nice   %system   %iowait    %steal     %idle
01:51:49        all      0.00      0.00      0.00      0.00      0.00    100.00
01:51:49          0      0.00      0.00      0.00      0.00      0.00    100.00
01:51:49          1      0.00      0.00      0.00      0.00      0.00    100.00
01:51:49          2      0.00      0.00      0.00      0.00      0.00    100.00
01:51:49          3      0.00      0.00      0.00      0.00      0.00    100.00
01:51:49          4      0.00      0.00      0.00      0.00      0.00    100.00
01:51:49          5      0.00      0.00      0.00      0.00      0.00    100.00
01:51:49          6      0.00      0.00      0.00      0.00      0.00    100.00
01:51:49          7      0.00      0.00      0.00      0.00      0.00    100.00
01:51:49          8      0.00      0.00      0.00      0.00      0.00    100.00
01:51:49          9      0.00      0.00      0.00      0.00      0.00    100.00
01:51:49         10      0.00      0.00      0.00      0.00      0.00    100.00
01:51:49         11      0.00      0.00      0.00      0.00      0.00    100.00
01:51:49         12      0.00      0.00      0.00      0.00      0.00    100.00
01:51:49         13      0.00      0.00      1.00      0.00      0.00     99.00
01:51:49         14      0.00      0.00      0.00      0.00      0.00    100.00
01:51:49         15      0.00      0.00      0.00      0.00      0.00    100.00
01:51:49         16      0.00      0.00      0.00      0.00      0.00    100.00
01:51:49         17      0.00      0.00      0.00      0.00      0.00    100.00
01:51:49         18      0.00      0.00      0.00      0.00      0.00    100.00
01:51:49         19      0.00      0.00      0.00      0.00      0.00    100.00
01:51:49         20      0.00      0.00      0.00      0.00      0.00    100.00
01:51:49         21      0.00      0.00      0.00      0.00      0.00    100.00
01:51:49         22      0.00      0.00      0.00      0.00      0.00    100.00
01:51:49         23      0.00      0.00      0.00      0.00      0.00    100.00
01:51:49         24      0.00      0.00      0.00      0.00      0.00    100.00
01:51:49         25      0.00      0.00      0.00      0.00      0.00    100.00
01:51:49         26      0.00      0.00      0.00      0.00      0.00    100.00
01:51:49         27      0.00      0.00      0.00      0.00      0.00    100.00
01:51:49         28      0.00      0.00      0.00      0.00      0.00    100.00
01:51:49         29      0.00      0.00      0.00      0.00      0.00    100.00
01:51:49         30      0.00      0.00      0.00      0.00      0.00    100.00
01:51:49         31      0.00      0.00      0.00      0.00      0.00    100.00
01:51:49         32      0.00      0.00      0.00      0.00      0.00    100.00
01:51:49         33      0.00      0.00      0.00      0.00      0.00    100.00
01:51:49         34      0.00      0.00      0.00      0.00      0.00    100.00
01:51:49         35      0.00      0.00      0.00      0.00      0.00    100.00
01:51:49         36      0.00      0.00      0.00      0.00      0.00    100.00
01:51:49         37      0.00      0.00      0.00      0.00      0.00    100.00
01:51:49         38      0.00      0.00      0.00      0.00      0.00    100.00
01:51:49         39      0.00      0.00      0.00      0.00      0.00    100.00

01:51:49        CPU     %user     %nice   %system   %iowait    %steal     %idle
01:51:50        all      0.45      0.00      0.08      0.00      0.00     99.47
01:51:50          0      0.00      0.00      0.00      0.00      0.00    100.00
01:51:50          1      0.00      0.00      0.00      0.00      0.00    100.00
01:51:50          2      0.00      0.00      0.00      0.00      0.00    100.00
01:51:50          3      1.00      0.00      1.00      0.00      0.00     98.00
01:51:50          4      0.00      0.00      0.00      0.00      0.00    100.00
01:51:50          5      0.00      0.00      0.00      0.00      0.00    100.00
01:51:50          6      0.00      0.00      0.00      0.00      0.00    100.00
01:51:50          7      0.00      0.00      0.00      0.00      0.00    100.00
01:51:50          8      0.00      0.00      0.00      0.00      0.00    100.00
01:51:50          9      0.00      0.00      0.00      0.00      0.00    100.00
01:51:50         10      0.00      0.00      0.00      0.00      0.00    100.00
01:51:50         11      0.00      0.00      0.00      0.00      0.00    100.00
01:51:50         12      0.00      0.00      0.00      0.00      0.00    100.00
01:51:50         13      0.99      0.00      0.00      0.00      0.00     99.01
01:51:50         14      0.00      0.00      0.00      0.00      0.00    100.00
01:51:50         15      0.00      0.00      0.00      0.00      0.00    100.00
01:51:50         16      0.00      0.00      0.00      0.00      0.00    100.00
01:51:50         17      0.00      0.00      0.00      0.00      0.00    100.00
01:51:50         18      0.00      0.00      0.00      0.00      0.00    100.00
01:51:50         19      0.00      0.00      0.00      0.00      0.00    100.00
01:51:50         20      0.00      0.00      0.00      0.00      0.00    100.00
01:51:50         21      0.00      0.00      0.00      0.00      0.00    100.00
01:51:50         22      0.00      0.00      0.00      0.00      0.00    100.00
01:51:50         23      0.00      0.00      0.00      0.00      0.00    100.00
01:51:50         24      0.00      0.00      0.00      0.00      0.00    100.00
01:51:50         25      0.00      0.00      0.00      0.00      0.00    100.00
01:51:50         26      0.00      0.00      0.00      0.00      0.00    100.00
01:51:50         27      0.00      0.00      0.00      0.00      0.00    100.00
01:51:50         28      0.00      0.00      0.99      0.00      0.00     99.01
01:51:50         29     15.00      0.00      1.00      0.00      0.00     84.00
01:51:50         30      0.00      0.00      0.00      0.00      0.00    100.00
01:51:50         31      0.00      0.00      0.00      0.00      0.00    100.00
01:51:50         32      2.00      0.00      0.00      0.00      0.00     98.00
01:51:50         33      0.00      0.00      0.00      0.00      0.00    100.00
01:51:50         34      0.00      0.00      0.00      0.00      0.00    100.00
01:51:50         35      0.00      0.00      0.00      0.00      0.00    100.00
01:51:50         36      0.00      0.00      0.00      0.00      0.00    100.00
01:51:50         37      0.00      0.00      0.00      0.00      0.00    100.00
01:51:50         38      0.00      0.00      0.00      0.00      0.00    100.00
01:51:50         39      0.00      0.00      0.00      0.00      0.00    100.00

01:51:50        CPU     %user     %nice   %system   %iowait    %steal     %idle
01:51:51        all      1.13      0.00      0.55      0.03      0.00     98.30
01:51:51          0      0.00      0.00      1.98      0.00      0.00     98.02
01:51:51          1      0.00      0.00      0.00      0.00      0.00    100.00
01:51:51          2      0.00      0.00      1.00      0.00      0.00     99.00
01:51:51          3      0.00      0.00      0.00      0.00      0.00    100.00
01:51:51          4      0.00      0.00      0.00      0.00      0.00    100.00
01:51:51          5      0.00      0.00      0.00      0.00      0.00    100.00
01:51:51          6      0.00      0.00      0.00      0.00      0.00    100.00
01:51:51          7      0.00      0.00      0.00      0.00      0.00    100.00
01:51:51          8      0.00      0.00      0.00      0.00      0.00    100.00
01:51:51          9      1.00      0.00      0.00      0.00      0.00     99.00
01:51:51         10      0.00      0.00      0.00      0.00      0.00    100.00
01:51:51         11      0.00      0.00      0.00      0.00      0.00    100.00
01:51:51         12      0.00      0.00      0.00      0.00      0.00    100.00
01:51:51         13      2.02      0.00      2.02      1.01      0.00     94.95
01:51:51         14      0.00      0.00      0.99      0.00      0.00     99.01
01:51:51         15      0.00      0.00      1.98      0.00      0.00     98.02
01:51:51         16      0.00      0.00      0.00      0.00      0.00    100.00
01:51:51         17      0.00      0.00      0.00      0.00      0.00    100.00
01:51:51         18      0.00      0.00      0.00      0.00      0.00    100.00
01:51:51         19      0.00      0.00      0.00      0.00      0.00    100.00
01:51:51         20      0.00      0.00      0.00      0.00      0.00    100.00
01:51:51         21      0.00      0.00      0.00      0.00      0.00    100.00
01:51:51         22      0.00      0.00      0.00      0.00      0.00    100.00
01:51:51         23      0.00      0.00      0.00      0.00      0.00    100.00
01:51:51         24      0.00      0.00      0.00      0.00      0.00    100.00
01:51:51         25      0.00      0.00      0.00      0.00      0.00    100.00
01:51:51         26      0.00      0.00      0.00      0.00      0.00    100.00
01:51:51         27      0.00      0.00      0.00      0.00      0.00    100.00
01:51:51         28      0.00      0.00      0.00      0.00      0.00    100.00
01:51:51         29     33.00      0.00      9.00      0.00      0.00     58.00
01:51:51         30      0.99      0.00      0.99      0.00      0.00     98.02
01:51:51         31      1.00      0.00      1.00      0.00      0.00     98.00
01:51:51         32      0.00      0.00      0.00      0.00      0.00    100.00
01:51:51         33      0.00      0.00      0.00      0.00      0.00    100.00
01:51:51         34      0.00      0.00      0.00      0.00      0.00    100.00
01:51:51         35      0.00      0.00      0.00      0.00      0.00    100.00
01:51:51         36      5.05      0.00      2.02      0.00      0.00     92.93
01:51:51         37      0.00      0.00      0.00      0.00      0.00    100.00
01:51:51         38      0.00      0.00      0.00      0.00      0.00    100.00
01:51:51         39      0.99      0.00      0.99      0.00      0.00     98.02

01:51:51        CPU     %user     %nice   %system   %iowait    %steal     %idle
01:51:52        all      0.03      0.00      0.00      0.00      0.00     99.98
01:51:52          0      0.00      0.00      0.00      0.00      0.00    100.00
01:51:52          1      0.00      0.00      0.00      0.00      0.00    100.00
01:51:52          2      0.00      0.00      0.00      0.00      0.00    100.00
01:51:52          3      0.00      0.00      0.00      0.00      0.00    100.00
01:51:52          4      0.00      0.00      0.00      0.00      0.00    100.00
01:51:52          5      0.00      0.00      0.00      0.00      0.00    100.00
01:51:52          6      0.00      0.00      0.00      0.00      0.00    100.00
01:51:52          7      0.00      0.00      0.00      0.00      0.00    100.00
01:51:52          8      0.00      0.00      0.00      0.00      0.00    100.00
01:51:52          9      0.00      0.00      0.00      0.00      0.00    100.00
01:51:52         10      0.00      0.00      0.00      0.00      0.00    100.00
01:51:52         11      0.00      0.00      0.00      0.00      0.00    100.00
01:51:52         12      0.00      0.00      0.00      0.00      0.00    100.00
01:51:52         13      0.00      0.00      0.00      0.00      0.00    100.00
01:51:52         14      0.00      0.00      0.00      0.00      0.00    100.00
01:51:52         15      0.00      0.00      0.00      0.00      0.00    100.00
01:51:52         16      0.00      0.00      0.00      0.00      0.00    100.00
01:51:52         17      0.00      0.00      0.00      0.00      0.00    100.00
01:51:52         18      0.00      0.00      0.00      0.00      0.00    100.00
01:51:52         19      0.00      0.00      0.00      0.00      0.00    100.00
01:51:52         20      0.00      0.00      0.00      0.00      0.00    100.00
01:51:52         21      0.00      0.00      0.00      0.00      0.00    100.00
01:51:52         22      0.00      0.00      0.00      0.00      0.00    100.00
01:51:52         23      0.00      0.00      0.00      0.00      0.00    100.00
01:51:52         24      0.00      0.00      0.00      0.00      0.00    100.00
01:51:52         25      0.00      0.00      0.00      0.00      0.00    100.00
01:51:52         26      0.00      0.00      0.00      0.00      0.00    100.00
01:51:52         27      0.00      0.00      0.00      0.00      0.00    100.00
01:51:52         28      0.00      0.00      0.00      0.00      0.00    100.00
01:51:52         29      0.00      0.00      0.00      0.00      0.00    100.00
01:51:52         30      0.00      0.00      0.00      0.00      0.00    100.00
01:51:52         31      0.00      0.00      0.00      0.00      0.00    100.00
01:51:52         32      0.00      0.00      0.00      0.00      0.00    100.00
01:51:52         33      0.00      0.00      0.00      0.00      0.00    100.00
01:51:52         34      0.00      0.00      0.00      0.00      0.00    100.00
01:51:52         35      0.00      0.00      0.00      0.00      0.00    100.00
01:51:52         36      0.00      0.00      0.00      0.00      0.00    100.00
01:51:52         37      0.00      0.00      0.00      0.00      0.00    100.00
01:51:52         38      0.00      0.00      0.00      0.00      0.00    100.00
01:51:52         39      0.00      0.00      0.00      0.00      0.00    100.00

01:51:52        CPU     %user     %nice   %system   %iowait    %steal     %idle
01:51:53        all      0.53      0.00      0.15      0.00      0.00     99.32
01:51:53          0      1.00      0.00      0.00      0.00      0.00     99.00
01:51:53          1      0.00      0.00      1.00      0.00      0.00     99.00
01:51:53          2      0.00      0.00      1.00      0.00      0.00     99.00
01:51:53          3      0.00      0.00      0.00      0.00      0.00    100.00
01:51:53          4      0.00      0.00      0.00      0.00      0.00    100.00
01:51:53          5      0.00      0.00      0.00      0.00      0.00    100.00
01:51:53          6      0.00      0.00      0.00      0.00      0.00    100.00
01:51:53          7      0.00      0.00      0.00      0.00      0.00    100.00
01:51:53          8      0.00      0.00      0.00      0.00      0.00    100.00
01:51:53          9      0.00      0.00      0.00      0.00      0.00    100.00
01:51:53         10      0.00      0.00      0.00      0.00      0.00    100.00
01:51:53         11      0.00      0.00      0.00      0.00      0.00    100.00
01:51:53         12      0.00      0.00      0.00      0.00      0.00    100.00
01:51:53         13      0.00      0.00      0.00      0.00      0.00    100.00
01:51:53         14      0.00      0.00      0.00      0.00      0.00    100.00
01:51:53         15      0.00      0.00      0.00      0.00      0.00    100.00
01:51:53         16      0.00      0.00      0.00      0.00      0.00    100.00
01:51:53         17      0.00      0.00      0.00      0.00      0.00    100.00
01:51:53         18      0.99      0.00      0.00      0.00      0.00     99.01
01:51:53         19      0.00      0.00      0.99      0.00      0.00     99.01
01:51:53         20      0.00      0.00      0.00      0.00      0.00    100.00
01:51:53         21      0.00      0.00      0.00      0.00      0.00    100.00
01:51:53         22      0.00      0.00      0.00      0.00      0.00    100.00
01:51:53         23      0.00      0.00      0.00      0.00      0.00    100.00
01:51:53         24      0.00      0.00      0.00      0.00      0.00    100.00
01:51:53         25      0.00      0.00      0.00      0.00      0.00    100.00
01:51:53         26      0.00      0.00      0.00      0.00      0.00    100.00
01:51:53         27      0.00      0.00      0.00      0.00      0.00    100.00
01:51:53         28      0.00      0.00      0.00      0.00      0.00    100.00
01:51:53         29      0.00      0.00      0.00      0.00      0.00    100.00
01:51:53         30      0.00      0.00      0.00      0.00      0.00    100.00
01:51:53         31      0.00      0.00      0.00      0.00      0.00    100.00
01:51:53         32      0.00      0.00      0.00      0.00      0.00    100.00
01:51:53         33      0.99      0.00      0.00      0.00      0.00     99.01
01:51:53         34      0.00      0.00      0.00      0.00      0.00    100.00
01:51:53         35      0.00      0.00      0.00      0.00      0.00    100.00
01:51:53         36      0.00      0.00      0.00      0.00      0.00    100.00
01:51:53         37     18.00      0.00      3.00      0.00      0.00     79.00
01:51:53         38      0.00      0.00      0.00      0.00      0.00    100.00
01:51:53         39      0.00      0.00      0.00      0.00      0.00    100.00
