Linux 6.6.23 (eternity2) 	05/24/25 	_x86_64_	(40 CPU)

01:51:27    kbmemfree   kbavail kbmemused  %memused kbbuffers  kbcached  kbcommit   %commit  kbactive   kbinact   kbdirty
01:51:28     64262252  64012864   1346700      2.05       244    235064   2079652      3.12     52244    277948      4524
01:51:29     64262000  64012612   1346952      2.05       244    235068   2079652      3.12     52244    278032       360
01:51:30     64262252  64012864   1346700      2.05       244    235072   2079652      3.12     52244    278032       364
01:51:31     64262280  64012892   1346672      2.05       244    235072   2079652      3.12     52244    278032       372
01:51:32     64262324  64012936   1346628      2.05       244    235080   2079652      3.12     52244    278032       380
01:51:33     64262336  64012948   1346616      2.05       244    235080   2079652      3.12     52244    278032       380
01:51:34     64262336  64012948   1346616      2.05       244    235088   2079652      3.12     52244    278032       388
01:51:35     64262340  64012952   1346612      2.05       244    235088   2079652      3.12     52244    278032        40
01:51:36     64262340  64012952   1346612      2.05       244    235100   2079652      3.12     52244    278032        52
01:51:37     64262404  64013016   1346548      2.05       244    235104   2079652      3.12     52244    278032        56
01:51:38     64262404  64013016   1346548      2.05       244    235108   2079652      3.12     52244    278032        60
01:51:39     64262404  64013016   1346548      2.05       244    235108   2079652      3.12     52244    278032        60
01:51:40     64258516  64009148   1350436      2.06       244    235116   2091372      3.14     52260    281948        68
01:51:41     64256596  64007332   1352356      2.06       244    235324   2091532      3.14     52356    285312      2320
01:51:42     64259772  64010580   1349180      2.06       244    235404   2079652      3.12     52292    278440      2944
01:51:43     64259772  64010580   1349180      2.06       244    235416   2079652      3.12     52292    278440      2956
01:51:44     64259772  64010580   1349180      2.06       244    235424   2079652      3.12     52292    278440         8
01:51:45     64259772  64010580   1349180      2.06       244    235428   2079652      3.12     52292    278440        24
01:51:46     64259772  64010580   1349180      2.06       244    235428   2079652      3.12     52292    278440        24
01:51:47     64260036  64010856   1348916      2.06       244    235440   2079652      3.12     52292    278464        36
01:51:48     64260036  64010856   1348916      2.06       244    235440   2079652      3.12     52292    278464        36
01:51:49     64260036  64010856   1348916      2.06       244    235444   2079652      3.12     52292    278464        40
01:51:50     64259540  64010360   1349412      2.06       244    235448   2081996      3.13     52292    278900        44
01:51:51     64263864  64014696   1345088      2.05       244    235456   2079652      3.12     52308    280608      1240
01:51:52     64263292  64014196   1345660      2.05       244    235592   2079652      3.12     52364    278580      1368
01:51:53     64263796  64014700   1345156      2.05       244    235600   2081996      3.13     52364    279016      1376
