Linux 6.6.23 (eternity2) 	05/24/25 	_x86_64_	(40 CPU)

01:53:29    kbmemfree   kbavail kbmemused  %memused kbbuffers  kbcached  kbcommit   %commit  kbactive   kbinact   kbdirty
01:53:30     64266584  64017820   1342368      2.05       244    236132   2079752      3.12     52260    279188      4352
01:53:31     64266476  64017720   1342476      2.05       244    236132   2079752      3.12     52248    279112       224
01:53:32     64266236  64017480   1342716      2.05       244    236136   2079752      3.12     52248    279112       236
01:53:33     64266372  64017616   1342580      2.05       244    236140   2079752      3.12     52248    279112       240
01:53:34     64266372  64017616   1342580      2.05       244    236144   2079752      3.12     52248    279112       244
01:53:35     64266372  64017616   1342580      2.05       244    236148   2079752      3.12     52248    279112       248
01:53:36     64266372  64017616   1342580      2.05       244    236152   2079752      3.12     52248    279112        40
01:53:37     64266372  64017616   1342580      2.05       244    236156   2079752      3.12     52248    279112        44
01:53:38     64266372  64017616   1342580      2.05       244    236160   2079752      3.12     52248    279112        48
01:53:39     64266392  64017636   1342560      2.05       244    236172   2079752      3.12     52248    279112        60
01:53:40     64266392  64017636   1342560      2.05       244    236172   2079752      3.12     52248    279112        60
01:53:41     64266392  64017636   1342560      2.05       244    236176   2079752      3.12     52248    279112         0
01:53:42     64266392  64017636   1342560      2.05       244    236180   2080052      3.12     52248    279112        20
01:53:43     64263428  64014704   1345524      2.05       244    236228   2091392      3.14     52388    290320      2140
01:53:44     64271012  64022328   1337940      2.04       244    236272   2079752      3.12     52304    279564      2660
01:53:45     64270772  64022088   1338180      2.04       244    236272   2079752      3.12     52304    279564      2660
01:53:46     64270772  64022088   1338180      2.04       244    236276   2079752      3.12     52304    279564      2664
01:53:47     64270772  64022088   1338180      2.04       244    236280   2079752      3.12     52304    279564       452
01:53:48     64270772  64022088   1338180      2.04       244    236284   2079752      3.12     52304    279564       456
01:53:49     64270772  64022088   1338180      2.04       244    236288   2079752      3.12     52304    279564       460
01:53:50     64270772  64022088   1338180      2.04       244    236292   2079752      3.12     52304    279564       464
01:53:51     64270772  64022088   1338180      2.04       244    236292   2079752      3.12     52304    279564       464
01:53:52     64270772  64022088   1338180      2.04       244    236296   2079752      3.12     52304    279564       468
01:53:53     64267932  64019252   1341020      2.04       244    236316   2079752      3.12     52320    280288      1336
01:53:54     64271616  64022936   1337336      2.04       244    236324   2079752      3.12     52300    279612      1504
01:53:55     64271684  64023004   1337268      2.04       244    236328   2082096      3.13     52300    280048      1508
