Linux 6.6.23 (eternity2) 	05/24/25 	_x86_64_	(40 CPU)

01:53:28        CPU     %user     %nice   %system   %iowait    %steal     %idle
01:53:29        all      2.15      0.00      0.63      0.68      0.00     96.55
01:53:29          0      1.02      0.00      0.00      1.02      0.00     97.96
01:53:29          1      5.00      0.00      1.00      0.00      0.00     94.00
01:53:29          2      0.00      0.00      1.00      0.00      0.00     99.00
01:53:29          3      1.00      0.00      1.00      0.00      0.00     98.00
01:53:29          4     16.00      0.00      2.00      0.00      0.00     82.00
01:53:29          5      1.01      0.00      1.01      0.00      0.00     97.98
01:53:29          6      0.00      0.00      0.00      0.00      0.00    100.00
01:53:29          7      3.00      0.00      0.00      7.00      0.00     90.00
01:53:29          8      0.00      0.00      0.00      0.00      0.00    100.00
01:53:29          9      0.00      0.00      0.00      0.00      0.00    100.00
01:53:29         10      1.00      0.00      0.00      0.00      0.00     99.00
01:53:29         11      0.99      0.00      0.99      0.00      0.00     98.02
01:53:29         12      0.00      0.00      0.00      0.00      0.00    100.00
01:53:29         13      0.00      0.00      0.99      0.00      0.00     99.01
01:53:29         14      0.00      0.00      0.00      0.00      0.00    100.00
01:53:29         15      0.00      0.00      0.00      0.00      0.00    100.00
01:53:29         16      0.00      0.00      0.00      0.00      0.00    100.00
01:53:29         17      0.00      0.00      0.00      0.00      0.00    100.00
01:53:29         18      1.00      0.00      0.00      0.00      0.00     99.00
01:53:29         19     24.75      0.00      1.98      0.00      0.00     73.27
01:53:29         20      0.00      0.00      0.00      0.00      0.00    100.00
01:53:29         21      0.00      0.00      0.00      0.00      0.00    100.00
01:53:29         22      0.00      0.00      0.00      0.00      0.00    100.00
01:53:29         23      0.00      0.00      0.00      0.00      0.00    100.00
01:53:29         24      0.00      0.00      0.00      0.00      0.00    100.00
01:53:29         25      0.00      0.00      0.00      0.00      0.00    100.00
01:53:29         26      1.00      0.00      0.00      3.00      0.00     96.00
01:53:29         27      8.08      0.00      2.02      0.00      0.00     89.90
01:53:29         28      1.00      0.00      1.00      5.00      0.00     93.00
01:53:29         29      5.05      0.00      2.02     10.10      0.00     82.83
01:53:29         30      0.00      0.00      0.00      0.00      0.00    100.00
01:53:29         31      0.00      0.00      0.00      0.00      0.00    100.00
01:53:29         32      0.00      0.00      0.00      0.00      0.00    100.00
01:53:29         33      1.00      0.00      0.00      0.00      0.00     99.00
01:53:29         34      0.00      0.00      0.00      0.00      0.00    100.00
01:53:29         35      0.00      0.00      1.00      0.00      0.00     99.00
01:53:29         36      0.00      0.00      0.00      0.00      0.00    100.00
01:53:29         37      0.00      0.00      0.00      0.00      0.00    100.00
01:53:29         38      1.00      0.00      1.00      0.00      0.00     98.00
01:53:29         39     12.12      0.00      4.04      0.00      0.00     83.84

01:53:29        CPU     %user     %nice   %system   %iowait    %steal     %idle
01:53:30        all      1.80      0.00      0.40      0.00      0.00     97.80
01:53:30          0      0.00      0.00      0.00      0.00      0.00    100.00
01:53:30          1      0.00      0.00      0.99      0.00      0.00     99.01
01:53:30          2      0.00      0.00      0.00      0.00      0.00    100.00
01:53:30          3      0.00      0.00      0.00      0.00      0.00    100.00
01:53:30          4      0.00      0.00      1.01      0.00      0.00     98.99
01:53:30          5      0.00      0.00      1.00      0.00      0.00     99.00
01:53:30          6      0.00      0.00      0.00      0.00      0.00    100.00
01:53:30          7      1.00      0.00      0.00      0.00      0.00     99.00
01:53:30          8      0.00      0.00      0.00      0.00      0.00    100.00
01:53:30          9     14.14      0.00      1.01      0.00      0.00     84.85
01:53:30         10      0.00      0.00      0.00      0.00      0.00    100.00
01:53:30         11      0.00      0.00      0.00      0.00      0.00    100.00
01:53:30         12      0.00      0.00      0.00      0.00      0.00    100.00
01:53:30         13      1.00      0.00      0.00      0.00      0.00     99.00
01:53:30         14      0.00      0.00      0.00      0.00      0.00    100.00
01:53:30         15      0.00      0.00      0.00      0.00      0.00    100.00
01:53:30         16      0.00      0.00      0.00      0.00      0.00    100.00
01:53:30         17      2.94      0.00      1.96      0.00      0.00     95.10
01:53:30         18      0.00      0.00      0.00      0.00      0.00    100.00
01:53:30         19      0.00      0.00      0.00      0.00      0.00    100.00
01:53:30         20      0.00      0.00      0.00      0.00      0.00    100.00
01:53:30         21      0.00      0.00      0.00      0.00      0.00    100.00
01:53:30         22      0.00      0.00      0.00      0.00      0.00    100.00
01:53:30         23      0.00      0.00      0.00      0.00      0.00    100.00
01:53:30         24      0.00      0.00      0.00      0.00      0.00    100.00
01:53:30         25      0.00      0.00      0.00      0.00      0.00    100.00
01:53:30         26      0.00      0.00      0.00      0.00      0.00    100.00
01:53:30         27     46.46      0.00      5.05      0.00      0.00     48.48
01:53:30         28      0.00      0.00      1.00      0.00      0.00     99.00
01:53:30         29      5.05      0.00      0.00      0.00      0.00     94.95
01:53:30         30      0.00      0.00      0.00      0.00      0.00    100.00
01:53:30         31      0.00      0.00      0.00      0.00      0.00    100.00
01:53:30         32      0.00      0.00      0.00      0.00      0.00    100.00
01:53:30         33      0.00      0.00      0.00      0.00      0.00    100.00
01:53:30         34      0.00      0.00      0.00      0.00      0.00    100.00
01:53:30         35      0.00      0.00      1.00      0.00      0.00     99.00
01:53:30         36      0.99      0.00      0.99      0.00      0.00     98.02
01:53:30         37      0.00      0.00      0.00      0.00      0.00    100.00
01:53:30         38      2.00      0.00      0.00      0.00      0.00     98.00
01:53:30         39      0.00      0.00      0.99      0.00      0.00     99.01

01:53:30        CPU     %user     %nice   %system   %iowait    %steal     %idle
01:53:31        all      1.23      0.00      0.38      0.10      0.00     98.30
01:53:31          0      1.98      0.00      0.99      3.96      0.00     93.07
01:53:31          1      0.00      0.00      0.00      0.00      0.00    100.00
01:53:31          2      0.00      0.00      0.00      0.00      0.00    100.00
01:53:31          3      0.00      0.00      0.00      0.00      0.00    100.00
01:53:31          4      0.00      0.00      1.00      0.00      0.00     99.00
01:53:31          5      0.00      0.00      0.00      0.00      0.00    100.00
01:53:31          6      5.05      0.00      0.00      0.00      0.00     94.95
01:53:31          7      0.00      0.00      0.00      0.00      0.00    100.00
01:53:31          8      0.00      0.00      0.00      0.00      0.00    100.00
01:53:31          9     33.66      0.00      5.94      0.00      0.00     60.40
01:53:31         10      0.00      0.00      0.00      0.00      0.00    100.00
01:53:31         11      0.00      0.00      1.00      0.00      0.00     99.00
01:53:31         12      0.00      0.00      0.00      0.00      0.00    100.00
01:53:31         13      0.00      0.00      0.00      0.00      0.00    100.00
01:53:31         14      1.00      0.00      1.00      0.00      0.00     98.00
01:53:31         15      0.00      0.00      0.00      0.00      0.00    100.00
01:53:31         16      0.00      0.00      0.00      0.00      0.00    100.00
01:53:31         17      0.00      0.00      0.00      0.00      0.00    100.00
01:53:31         18      0.99      0.00      0.00      0.00      0.00     99.01
01:53:31         19      5.00      0.00      2.00      0.00      0.00     93.00
01:53:31         20      0.00      0.00      0.00      0.00      0.00    100.00
01:53:31         21      0.00      0.00      0.00      0.00      0.00    100.00
01:53:31         22      0.00      0.00      0.00      0.00      0.00    100.00
01:53:31         23      0.00      0.00      0.00      0.00      0.00    100.00
01:53:31         24      0.00      0.00      0.00      0.00      0.00    100.00
01:53:31         25      0.00      0.00      0.00      0.00      0.00    100.00
01:53:31         26      0.00      0.00      0.00      0.00      0.00    100.00
01:53:31         27      0.00      0.00      0.00      0.00      0.00    100.00
01:53:31         28      0.00      0.00      0.00      0.00      0.00    100.00
01:53:31         29      0.00      0.00      0.00      0.00      0.00    100.00
01:53:31         30      0.00      0.00      0.00      0.00      0.00    100.00
01:53:31         31      0.00      0.00      0.00      0.00      0.00    100.00
01:53:31         32      0.00      0.00      0.00      0.00      0.00    100.00
01:53:31         33      0.00      0.00      0.00      0.00      0.00    100.00
01:53:31         34      0.00      0.00      0.00      0.00      0.00    100.00
01:53:31         35      1.00      0.00      0.00      0.00      0.00     99.00
01:53:31         36      0.00      0.00      0.00      0.00      0.00    100.00
01:53:31         37      0.00      0.00      1.00      0.00      0.00     99.00
01:53:31         38      0.00      0.00      0.00      0.00      0.00    100.00
01:53:31         39      0.00      0.00      0.00      0.00      0.00    100.00

01:53:31        CPU     %user     %nice   %system   %iowait    %steal     %idle
01:53:32        all      0.03      0.00      0.00      0.00      0.00     99.98
01:53:32          0      0.00      0.00      0.00      0.00      0.00    100.00
01:53:32          1      0.00      0.00      0.00      0.00      0.00    100.00
01:53:32          2      0.00      0.00      0.00      0.00      0.00    100.00
01:53:32          3      0.00      0.00      0.00      0.00      0.00    100.00
01:53:32          4      0.00      0.00      0.00      0.00      0.00    100.00
01:53:32          5      0.00      0.00      0.00      0.00      0.00    100.00
01:53:32          6      0.00      0.00      0.00      0.00      0.00    100.00
01:53:32          7      0.00      0.00      0.00      0.00      0.00    100.00
01:53:32          8      0.00      0.00      0.00      0.00      0.00    100.00
01:53:32          9      0.00      0.00      0.00      0.00      0.00    100.00
01:53:32         10      0.00      0.00      0.00      0.00      0.00    100.00
01:53:32         11      0.00      0.00      0.00      0.00      0.00    100.00
01:53:32         12      0.00      0.00      0.00      0.00      0.00    100.00
01:53:32         13      0.00      0.00      0.00      0.00      0.00    100.00
01:53:32         14      0.00      0.00      0.00      0.00      0.00    100.00
01:53:32         15      0.00      0.00      0.00      0.00      0.00    100.00
01:53:32         16      0.00      0.00      0.00      0.00      0.00    100.00
01:53:32         17      0.00      0.00      0.00      0.00      0.00    100.00
01:53:32         18      0.00      0.00      0.00      0.00      0.00    100.00
01:53:32         19      0.00      0.00      0.00      0.00      0.00    100.00
01:53:32         20      0.00      0.00      0.00      0.00      0.00    100.00
01:53:32         21      0.00      0.00      0.00      0.00      0.00    100.00
01:53:32         22      0.00      0.00      0.00      0.00      0.00    100.00
01:53:32         23      0.00      0.00      0.00      0.00      0.00    100.00
01:53:32         24      0.00      0.00      0.00      0.00      0.00    100.00
01:53:32         25      0.00      0.00      0.00      0.00      0.00    100.00
01:53:32         26      0.00      0.00      0.00      0.00      0.00    100.00
01:53:32         27      0.00      0.00      0.00      0.00      0.00    100.00
01:53:32         28      0.00      0.00      0.00      0.00      0.00    100.00
01:53:32         29      0.00      0.00      0.00      0.00      0.00    100.00
01:53:32         30      0.00      0.00      0.00      0.00      0.00    100.00
01:53:32         31      0.00      0.00      0.00      0.00      0.00    100.00
01:53:32         32      0.00      0.00      0.00      0.00      0.00    100.00
01:53:32         33      0.00      0.00      0.00      0.00      0.00    100.00
01:53:32         34      0.00      0.00      0.00      0.00      0.00    100.00
01:53:32         35      0.00      0.00      0.00      0.00      0.00    100.00
01:53:32         36      0.00      0.00      0.00      0.00      0.00    100.00
01:53:32         37      0.00      0.00      0.00      0.00      0.00    100.00
01:53:32         38      0.00      0.00      0.00      0.00      0.00    100.00
01:53:32         39      0.00      0.00      0.00      0.00      0.00    100.00

01:53:32        CPU     %user     %nice   %system   %iowait    %steal     %idle
01:53:33        all      0.00      0.00      0.00      0.00      0.00    100.00
01:53:33          0      0.00      0.00      0.00      0.00      0.00    100.00
01:53:33          1      0.00      0.00      0.00      0.00      0.00    100.00
01:53:33          2      0.00      0.00      0.00      0.00      0.00    100.00
01:53:33          3      0.00      0.00      0.00      0.00      0.00    100.00
01:53:33          4      0.00      0.00      0.00      0.00      0.00    100.00
01:53:33          5      0.00      0.00      0.00      0.00      0.00    100.00
01:53:33          6      1.00      0.00      0.00      0.00      0.00     99.00
01:53:33          7      0.00      0.00      0.00      0.00      0.00    100.00
01:53:33          8      0.00      0.00      0.00      0.00      0.00    100.00
01:53:33          9      0.00      0.00      0.00      0.00      0.00    100.00
01:53:33         10      0.00      0.00      0.00      0.00      0.00    100.00
01:53:33         11      0.00      0.00      0.00      0.00      0.00    100.00
01:53:33         12      0.00      0.00      0.00      0.00      0.00    100.00
01:53:33         13      0.00      0.00      0.99      0.00      0.00     99.01
01:53:33         14      0.00      0.00      0.00      0.00      0.00    100.00
01:53:33         15      0.00      0.00      0.00      0.00      0.00    100.00
01:53:33         16      0.00      0.00      0.00      0.00      0.00    100.00
01:53:33         17      0.00      0.00      0.00      0.00      0.00    100.00
01:53:33         18      0.00      0.00      0.00      0.00      0.00    100.00
01:53:33         19      0.00      0.00      0.00      0.00      0.00    100.00
01:53:33         20      0.00      0.00      0.00      0.00      0.00    100.00
01:53:33         21      0.00      0.00      0.00      0.00      0.00    100.00
01:53:33         22      0.00      0.00      0.00      0.00      0.00    100.00
01:53:33         23      0.00      0.00      0.00      0.00      0.00    100.00
01:53:33         24      0.00      0.00      0.00      0.00      0.00    100.00
01:53:33         25      0.00      0.00      0.00      0.00      0.00    100.00
01:53:33         26      0.00      0.00      0.00      0.00      0.00    100.00
01:53:33         27      0.00      0.00      0.00      0.00      0.00    100.00
01:53:33         28      0.00      0.00      0.00      0.00      0.00    100.00
01:53:33         29      0.00      0.00      0.00      0.00      0.00    100.00
01:53:33         30      0.00      0.00      0.00      0.00      0.00    100.00
01:53:33         31      0.00      0.00      0.00      0.00      0.00    100.00
01:53:33         32      0.00      0.00      0.00      0.00      0.00    100.00
01:53:33         33      0.00      0.00      0.00      0.00      0.00    100.00
01:53:33         34      0.00      0.00      0.00      0.00      0.00    100.00
01:53:33         35      0.00      0.00      0.00      0.00      0.00    100.00
01:53:33         36      0.00      0.00      0.00      0.00      0.00    100.00
01:53:33         37      0.00      0.00      0.00      0.00      0.00    100.00
01:53:33         38      0.00      0.00      0.00      0.00      0.00    100.00
01:53:33         39      0.00      0.00      0.00      0.00      0.00    100.00

01:53:33        CPU     %user     %nice   %system   %iowait    %steal     %idle
01:53:34        all      0.00      0.00      0.03      0.00      0.00     99.98
01:53:34          0      0.00      0.00      0.00      0.00      0.00    100.00
01:53:34          1      0.00      0.00      0.00      0.00      0.00    100.00
01:53:34          2      0.00      0.00      0.00      0.00      0.00    100.00
01:53:34          3      0.00      0.00      0.00      0.00      0.00    100.00
01:53:34          4      0.00      0.00      1.00      0.00      0.00     99.00
01:53:34          5      0.00      0.00      0.00      0.00      0.00    100.00
01:53:34          6      0.00      0.00      0.00      0.00      0.00    100.00
01:53:34          7      0.00      0.00      0.00      0.00      0.00    100.00
01:53:34          8      0.00      0.00      0.00      0.00      0.00    100.00
01:53:34          9      0.00      0.00      0.00      0.00      0.00    100.00
01:53:34         10      0.00      0.00      0.00      0.00      0.00    100.00
01:53:34         11      0.00      0.00      0.00      0.00      0.00    100.00
01:53:34         12      0.00      0.00      0.00      0.00      0.00    100.00
01:53:34         13      0.00      0.00      0.00      0.00      0.00    100.00
01:53:34         14      0.00      0.00      0.00      0.00      0.00    100.00
01:53:34         15      0.00      0.00      0.00      0.00      0.00    100.00
01:53:34         16      0.00      0.00      0.00      0.00      0.00    100.00
01:53:34         17      0.00      0.00      0.00      0.00      0.00    100.00
01:53:34         18      0.00      0.00      0.00      0.00      0.00    100.00
01:53:34         19      0.00      0.00      0.00      0.00      0.00    100.00
01:53:34         20      0.00      0.00      0.00      0.00      0.00    100.00
01:53:34         21      0.00      0.00      0.00      0.00      0.00    100.00
01:53:34         22      0.00      0.00      0.00      0.00      0.00    100.00
01:53:34         23      0.00      0.00      0.00      0.00      0.00    100.00
01:53:34         24      0.00      0.00      0.00      0.00      0.00    100.00
01:53:34         25      0.00      0.00      0.00      0.00      0.00    100.00
01:53:34         26      0.00      0.00      0.00      0.00      0.00    100.00
01:53:34         27      0.00      0.00      0.00      0.00      0.00    100.00
01:53:34         28      0.00      0.00      0.00      0.00      0.00    100.00
01:53:34         29      0.00      0.00      0.00      0.00      0.00    100.00
01:53:34         30      0.00      0.00      0.00      0.00      0.00    100.00
01:53:34         31      0.00      0.00      0.00      0.00      0.00    100.00
01:53:34         32      0.00      0.00      0.00      0.00      0.00    100.00
01:53:34         33      0.00      0.00      0.00      0.00      0.00    100.00
01:53:34         34      0.00      0.00      0.00      0.00      0.00    100.00
01:53:34         35      0.00      0.00      0.00      0.00      0.00    100.00
01:53:34         36      0.00      0.00      0.00      0.00      0.00    100.00
01:53:34         37      0.00      0.00      0.00      0.00      0.00    100.00
01:53:34         38      0.00      0.00      0.00      0.00      0.00    100.00
01:53:34         39      0.00      0.00      0.00      0.00      0.00    100.00

01:53:34        CPU     %user     %nice   %system   %iowait    %steal     %idle
01:53:35        all      0.03      0.00      0.03      0.00      0.00     99.95
01:53:35          0      0.00      0.00      0.00      0.00      0.00    100.00
01:53:35          1      0.00      0.00      0.00      0.00      0.00    100.00
01:53:35          2      0.00      0.00      0.00      0.00      0.00    100.00
01:53:35          3      0.00      0.00      0.00      0.00      0.00    100.00
01:53:35          4      0.00      0.00      0.00      0.00      0.00    100.00
01:53:35          5      0.00      0.00      0.00      0.00      0.00    100.00
01:53:35          6      0.00      0.00      0.99      0.00      0.00     99.01
01:53:35          7      0.00      0.00      0.00      0.00      0.00    100.00
01:53:35          8      0.00      0.00      0.00      0.00      0.00    100.00
01:53:35          9      0.00      0.00      0.00      0.00      0.00    100.00
01:53:35         10      0.00      0.00      0.00      0.00      0.00    100.00
01:53:35         11      0.00      0.00      0.00      0.00      0.00    100.00
01:53:35         12      0.00      0.00      0.00      0.00      0.00    100.00
01:53:35         13      0.99      0.00      0.00      0.00      0.00     99.01
01:53:35         14      0.00      0.00      0.00      0.00      0.00    100.00
01:53:35         15      0.00      0.00      0.00      0.00      0.00    100.00
01:53:35         16      0.00      0.00      0.00      0.00      0.00    100.00
01:53:35         17      0.00      0.00      0.00      0.00      0.00    100.00
01:53:35         18      0.00      0.00      0.00      0.00      0.00    100.00
01:53:35         19      0.00      0.00      0.00      0.00      0.00    100.00
01:53:35         20      0.00      0.00      0.00      0.00      0.00    100.00
01:53:35         21      0.00      0.00      0.00      0.00      0.00    100.00
01:53:35         22      0.00      0.00      0.00      0.00      0.00    100.00
01:53:35         23      0.00      0.00      0.00      0.00      0.00    100.00
01:53:35         24      0.00      0.00      0.00      0.00      0.00    100.00
01:53:35         25      0.00      0.00      0.00      0.00      0.00    100.00
01:53:35         26      0.00      0.00      0.00      0.00      0.00    100.00
01:53:35         27      0.00      0.00      0.00      0.00      0.00    100.00
01:53:35         28      0.00      0.00      0.00      0.00      0.00    100.00
01:53:35         29      0.00      0.00      0.00      0.00      0.00    100.00
01:53:35         30      0.00      0.00      0.00      0.00      0.00    100.00
01:53:35         31      0.00      0.00      0.00      0.00      0.00    100.00
01:53:35         32      0.00      0.00      0.00      0.00      0.00    100.00
01:53:35         33      0.00      0.00      0.00      0.00      0.00    100.00
01:53:35         34      0.00      0.00      0.00      0.00      0.00    100.00
01:53:35         35      0.00      0.00      0.00      0.00      0.00    100.00
01:53:35         36      0.00      0.00      0.00      0.00      0.00    100.00
01:53:35         37      0.00      0.00      0.00      0.00      0.00    100.00
01:53:35         38      0.00      0.00      0.00      0.00      0.00    100.00
01:53:35         39      0.00      0.00      0.00      0.00      0.00    100.00

01:53:35        CPU     %user     %nice   %system   %iowait    %steal     %idle
01:53:36        all      0.00      0.00      0.00      0.00      0.00    100.00
01:53:36          0      0.00      0.00      0.00      0.00      0.00    100.00
01:53:36          1      0.00      0.00      0.00      0.00      0.00    100.00
01:53:36          2      0.00      0.00      0.00      0.00      0.00    100.00
01:53:36          3      0.00      0.00      0.00      0.00      0.00    100.00
01:53:36          4      0.00      0.00      0.00      0.00      0.00    100.00
01:53:36          5      0.00      0.00      0.00      0.00      0.00    100.00
01:53:36          6      0.00      0.00      0.00      0.00      0.00    100.00
01:53:36          7      0.00      0.00      0.00      0.00      0.00    100.00
01:53:36          8      0.00      0.00      0.00      0.00      0.00    100.00
01:53:36          9      0.00      0.00      0.00      0.00      0.00    100.00
01:53:36         10      0.00      0.00      0.00      0.00      0.00    100.00
01:53:36         11      0.00      0.00      0.00      0.00      0.00    100.00
01:53:36         12      0.00      0.00      0.00      0.00      0.00    100.00
01:53:36         13      0.00      0.00      0.00      0.00      0.00    100.00
01:53:36         14      0.00      0.00      0.00      0.00      0.00    100.00
01:53:36         15      0.00      0.00      0.00      0.00      0.00    100.00
01:53:36         16      0.00      0.00      0.00      0.00      0.00    100.00
01:53:36         17      0.00      0.00      0.00      0.00      0.00    100.00
01:53:36         18      0.00      0.00      0.00      0.00      0.00    100.00
01:53:36         19      0.00      0.00      0.00      0.00      0.00    100.00
01:53:36         20      0.00      0.00      0.00      0.00      0.00    100.00
01:53:36         21      0.00      0.00      0.00      0.00      0.00    100.00
01:53:36         22      0.00      0.00      0.00      0.00      0.00    100.00
01:53:36         23      0.00      0.00      0.00      0.00      0.00    100.00
01:53:36         24      0.00      0.00      0.00      0.00      0.00    100.00
01:53:36         25      0.00      0.00      0.00      0.00      0.00    100.00
01:53:36         26      0.00      0.00      0.00      0.00      0.00    100.00
01:53:36         27      0.00      0.00      0.00      0.00      0.00    100.00
01:53:36         28      0.00      0.00      0.00      0.00      0.00    100.00
01:53:36         29      0.00      0.00      0.00      0.00      0.00    100.00
01:53:36         30      0.00      0.00      0.00      0.00      0.00    100.00
01:53:36         31      0.00      0.00      0.00      0.00      0.00    100.00
01:53:36         32      0.00      0.00      0.00      0.00      0.00    100.00
01:53:36         33      0.00      0.00      0.00      0.00      0.00    100.00
01:53:36         34      0.00      0.00      0.00      0.00      0.00    100.00
01:53:36         35      0.00      0.00      0.00      0.00      0.00    100.00
01:53:36         36      0.00      0.00      0.00      0.00      0.00    100.00
01:53:36         37      0.00      0.00      0.00      0.00      0.00    100.00
01:53:36         38      0.00      0.00      0.00      0.00      0.00    100.00
01:53:36         39      0.00      0.00      0.00      0.00      0.00    100.00

01:53:36        CPU     %user     %nice   %system   %iowait    %steal     %idle
01:53:37        all      0.00      0.00      0.03      0.00      0.00     99.97
01:53:37          0      0.00      0.00      0.00      0.00      0.00    100.00
01:53:37          1      0.00      0.00      0.00      0.00      0.00    100.00
01:53:37          2      0.00      0.00      0.00      0.00      0.00    100.00
01:53:37          3      0.00      0.00      0.00      0.00      0.00    100.00
01:53:37          4      0.00      0.00      0.00      0.00      0.00    100.00
01:53:37          5      0.00      0.00      0.00      0.00      0.00    100.00
01:53:37          6      0.00      0.00      0.00      0.00      0.00    100.00
01:53:37          7      0.00      0.00      0.00      0.00      0.00    100.00
01:53:37          8      0.00      0.00      0.00      0.00      0.00    100.00
01:53:37          9      0.00      0.00      0.00      0.00      0.00    100.00
01:53:37         10      0.00      0.00      0.00      0.00      0.00    100.00
01:53:37         11      0.00      0.00      0.00      0.00      0.00    100.00
01:53:37         12      0.00      0.00      0.00      0.00      0.00    100.00
01:53:37         13      0.00      0.00      0.00      0.00      0.00    100.00
01:53:37         14      0.00      0.00      0.00      0.00      0.00    100.00
01:53:37         15      0.00      0.00      0.00      0.00      0.00    100.00
01:53:37         16      0.00      0.00      0.00      0.00      0.00    100.00
01:53:37         17      0.00      0.00      0.00      0.00      0.00    100.00
01:53:37         18      0.00      0.00      0.00      0.00      0.00    100.00
01:53:37         19      0.00      0.00      0.00      0.00      0.00    100.00
01:53:37         20      0.00      0.00      0.00      0.00      0.00    100.00
01:53:37         21      0.00      0.00      0.00      0.00      0.00    100.00
01:53:37         22      0.00      0.00      0.00      0.00      0.00    100.00
01:53:37         23      0.00      0.00      0.00      0.00      0.00    100.00
01:53:37         24      0.00      0.00      0.00      0.00      0.00    100.00
01:53:37         25      0.00      0.00      0.00      0.00      0.00    100.00
01:53:37         26      0.00      0.00      0.00      0.00      0.00    100.00
01:53:37         27      0.00      0.00      0.00      0.00      0.00    100.00
01:53:37         28      0.00      0.00      0.00      0.00      0.00    100.00
01:53:37         29      0.00      0.00      0.00      0.00      0.00    100.00
01:53:37         30      0.00      0.00      0.00      0.00      0.00    100.00
01:53:37         31      0.00      0.00      0.00      0.00      0.00    100.00
01:53:37         32      0.00      0.00      0.00      0.00      0.00    100.00
01:53:37         33      0.00      0.00      0.00      0.00      0.00    100.00
01:53:37         34      0.00      0.00      0.00      0.00      0.00    100.00
01:53:37         35      0.00      0.00      0.00      0.00      0.00    100.00
01:53:37         36      0.00      0.00      0.00      0.00      0.00    100.00
01:53:37         37      0.00      0.00      0.00      0.00      0.00    100.00
01:53:37         38      0.00      0.00      0.99      0.00      0.00     99.01
01:53:37         39      0.00      0.00      0.00      0.00      0.00    100.00

01:53:37        CPU     %user     %nice   %system   %iowait    %steal     %idle
01:53:38        all      0.00      0.00      0.00      0.00      0.00    100.00
01:53:38          0      0.00      0.00      0.00      0.00      0.00    100.00
01:53:38          1      0.00      0.00      0.00      0.00      0.00    100.00
01:53:38          2      0.00      0.00      0.00      0.00      0.00    100.00
01:53:38          3      0.00      0.00      0.00      0.00      0.00    100.00
01:53:38          4      0.00      0.00      0.99      0.00      0.00     99.01
01:53:38          5      0.00      0.00      0.00      0.00      0.00    100.00
01:53:38          6      0.00      0.00      0.00      0.00      0.00    100.00
01:53:38          7      0.00      0.00      0.00      0.00      0.00    100.00
01:53:38          8      0.00      0.00      0.00      0.00      0.00    100.00
01:53:38          9      0.00      0.00      0.00      0.00      0.00    100.00
01:53:38         10      0.00      0.00      0.00      0.00      0.00    100.00
01:53:38         11      0.00      0.00      0.00      0.00      0.00    100.00
01:53:38         12      0.00      0.00      0.00      0.00      0.00    100.00
01:53:38         13      0.00      0.00      0.00      0.00      0.00    100.00
01:53:38         14      0.00      0.00      0.00      0.00      0.00    100.00
01:53:38         15      0.00      0.00      0.00      0.00      0.00    100.00
01:53:38         16      0.00      0.00      0.00      0.00      0.00    100.00
01:53:38         17      0.00      0.00      0.00      0.00      0.00    100.00
01:53:38         18      0.00      0.00      0.00      0.00      0.00    100.00
01:53:38         19      0.00      0.00      0.00      0.00      0.00    100.00
01:53:38         20      0.00      0.00      0.00      0.00      0.00    100.00
01:53:38         21      0.00      0.00      0.00      0.00      0.00    100.00
01:53:38         22      0.00      0.00      0.00      0.00      0.00    100.00
01:53:38         23      0.00      0.00      0.00      0.00      0.00    100.00
01:53:38         24      0.00      0.00      0.00      0.00      0.00    100.00
01:53:38         25      0.00      0.00      0.00      0.00      0.00    100.00
01:53:38         26      0.00      0.00      0.00      0.00      0.00    100.00
01:53:38         27      0.00      0.00      0.00      0.00      0.00    100.00
01:53:38         28      0.00      0.00      0.00      0.00      0.00    100.00
01:53:38         29      0.00      0.00      0.00      0.00      0.00    100.00
01:53:38         30      0.00      0.00      0.00      0.00      0.00    100.00
01:53:38         31      0.00      0.00      0.00      0.00      0.00    100.00
01:53:38         32      0.00      0.00      0.00      0.00      0.00    100.00
01:53:38         33      0.00      0.00      0.00      0.00      0.00    100.00
01:53:38         34      0.00      0.00      0.00      0.00      0.00    100.00
01:53:38         35      0.00      0.00      0.00      0.00      0.00    100.00
01:53:38         36      0.00      0.00      0.00      0.00      0.00    100.00
01:53:38         37      0.00      0.00      0.00      0.00      0.00    100.00
01:53:38         38      0.00      0.00      0.00      0.00      0.00    100.00
01:53:38         39      0.00      0.00      0.00      0.00      0.00    100.00

01:53:38        CPU     %user     %nice   %system   %iowait    %steal     %idle
01:53:39        all      0.03      0.00      0.03      0.00      0.00     99.95
01:53:39          0      0.00      0.00      0.00      0.00      0.00    100.00
01:53:39          1      0.00      0.00      0.00      0.00      0.00    100.00
01:53:39          2      0.00      0.00      0.00      0.00      0.00    100.00
01:53:39          3      0.00      0.00      0.00      0.00      0.00    100.00
01:53:39          4      0.00      0.00      0.00      0.00      0.00    100.00
01:53:39          5      0.00      0.00      0.00      0.00      0.00    100.00
01:53:39          6      0.00      0.00      0.00      0.00      0.00    100.00
01:53:39          7      0.00      0.00      0.00      0.00      0.00    100.00
01:53:39          8      0.00      0.00      0.00      0.00      0.00    100.00
01:53:39          9      0.00      0.00      0.00      0.00      0.00    100.00
01:53:39         10      0.00      0.00      0.00      0.00      0.00    100.00
01:53:39         11      0.00      0.00      0.00      0.00      0.00    100.00
01:53:39         12      0.00      0.00      0.00      0.00      0.00    100.00
01:53:39         13      0.00      0.00      0.00      0.00      0.00    100.00
01:53:39         14      0.00      0.00      0.00      0.00      0.00    100.00
01:53:39         15      0.00      0.00      0.00      0.00      0.00    100.00
01:53:39         16      0.00      0.00      0.00      0.00      0.00    100.00
01:53:39         17      0.00      0.00      0.00      0.00      0.00    100.00
01:53:39         18      0.00      0.00      0.00      0.00      0.00    100.00
01:53:39         19      0.00      0.00      0.00      0.00      0.00    100.00
01:53:39         20      0.00      0.00      0.00      0.00      0.00    100.00
01:53:39         21      0.00      0.00      0.00      0.00      0.00    100.00
01:53:39         22      0.00      0.00      0.00      0.00      0.00    100.00
01:53:39         23      0.00      0.00      0.00      0.00      0.00    100.00
01:53:39         24      0.00      0.00      0.00      0.00      0.00    100.00
01:53:39         25      0.00      0.00      0.00      0.00      0.00    100.00
01:53:39         26      0.00      0.00      0.00      0.00      0.00    100.00
01:53:39         27      0.00      0.00      0.00      0.00      0.00    100.00
01:53:39         28      0.00      0.00      0.00      0.00      0.00    100.00
01:53:39         29      0.00      0.00      0.00      0.00      0.00    100.00
01:53:39         30      0.00      0.00      0.00      0.00      0.00    100.00
01:53:39         31      0.99      0.00      0.00      0.00      0.00     99.01
01:53:39         32      0.00      0.00      0.00      0.00      0.00    100.00
01:53:39         33      0.00      0.00      0.00      0.00      0.00    100.00
01:53:39         34      0.00      0.00      0.00      0.00      0.00    100.00
01:53:39         35      0.00      0.00      0.00      0.00      0.00    100.00
01:53:39         36      0.00      0.00      0.00      0.00      0.00    100.00
01:53:39         37      0.00      0.00      0.00      0.00      0.00    100.00
01:53:39         38      0.00      0.00      0.00      0.00      0.00    100.00
01:53:39         39      0.00      0.00      0.00      0.00      0.00    100.00

01:53:39        CPU     %user     %nice   %system   %iowait    %steal     %idle
01:53:40        all      0.00      0.00      0.00      0.00      0.00    100.00
01:53:40          0      0.00      0.00      0.00      0.00      0.00    100.00
01:53:40          1      0.00      0.00      0.00      0.00      0.00    100.00
01:53:40          2      0.00      0.00      0.00      0.00      0.00    100.00
01:53:40          3      0.00      0.00      0.00      0.00      0.00    100.00
01:53:40          4      0.00      0.00      0.00      0.00      0.00    100.00
01:53:40          5      0.99      0.00      0.00      0.00      0.00     99.01
01:53:40          6      0.00      0.00      0.00      0.00      0.00    100.00
01:53:40          7      0.00      0.00      0.00      0.00      0.00    100.00
01:53:40          8      0.00      0.00      0.00      0.00      0.00    100.00
01:53:40          9      0.00      0.00      0.00      0.00      0.00    100.00
01:53:40         10      0.00      0.00      0.00      0.00      0.00    100.00
01:53:40         11      0.00      0.00      0.00      0.00      0.00    100.00
01:53:40         12      0.00      0.00      0.00      0.00      0.00    100.00
01:53:40         13      0.00      0.00      0.00      0.00      0.00    100.00
01:53:40         14      0.00      0.00      0.00      0.00      0.00    100.00
01:53:40         15      0.00      0.00      0.00      0.00      0.00    100.00
01:53:40         16      0.00      0.00      0.00      0.00      0.00    100.00
01:53:40         17      0.00      0.00      0.00      0.00      0.00    100.00
01:53:40         18      0.00      0.00      0.00      0.00      0.00    100.00
01:53:40         19      0.00      0.00      0.00      0.00      0.00    100.00
01:53:40         20      0.00      0.00      0.00      0.00      0.00    100.00
01:53:40         21      0.00      0.00      0.00      0.00      0.00    100.00
01:53:40         22      0.00      0.00      0.00      0.00      0.00    100.00
01:53:40         23      0.00      0.00      0.00      0.00      0.00    100.00
01:53:40         24      0.00      0.00      0.00      0.00      0.00    100.00
01:53:40         25      0.00      0.00      0.00      0.00      0.00    100.00
01:53:40         26      0.00      0.00      0.00      0.00      0.00    100.00
01:53:40         27      0.00      0.00      0.00      0.00      0.00    100.00
01:53:40         28      0.00      0.00      0.00      0.00      0.00    100.00
01:53:40         29      0.00      0.00      0.00      0.00      0.00    100.00
01:53:40         30      0.00      0.00      0.00      0.00      0.00    100.00
01:53:40         31      0.00      0.00      0.00      0.00      0.00    100.00
01:53:40         32      0.00      0.00      0.00      0.00      0.00    100.00
01:53:40         33      0.00      0.00      0.00      0.00      0.00    100.00
01:53:40         34      0.00      0.00      0.00      0.00      0.00    100.00
01:53:40         35      0.00      0.00      0.00      0.00      0.00    100.00
01:53:40         36      0.00      0.00      0.00      0.00      0.00    100.00
01:53:40         37      0.00      0.00      0.00      0.00      0.00    100.00
01:53:40         38      0.00      0.00      0.00      0.00      0.00    100.00
01:53:40         39      0.00      0.00      0.00      0.00      0.00    100.00

01:53:40        CPU     %user     %nice   %system   %iowait    %steal     %idle
01:53:41        all      0.00      0.00      0.00      0.00      0.00    100.00
01:53:41          0      0.00      0.00      0.00      0.00      0.00    100.00
01:53:41          1      0.00      0.00      0.00      0.00      0.00    100.00
01:53:41          2      0.00      0.00      0.00      0.00      0.00    100.00
01:53:41          3      0.00      0.00      0.00      0.00      0.00    100.00
01:53:41          4      0.00      0.00      0.00      0.00      0.00    100.00
01:53:41          5      0.00      0.00      0.00      0.00      0.00    100.00
01:53:41          6      0.00      0.00      0.00      0.00      0.00    100.00
01:53:41          7      0.00      0.00      0.00      0.00      0.00    100.00
01:53:41          8      0.00      0.00      0.00      0.00      0.00    100.00
01:53:41          9      0.00      0.00      0.00      0.00      0.00    100.00
01:53:41         10      0.00      0.00      0.00      0.00      0.00    100.00
01:53:41         11      0.00      0.00      0.00      0.00      0.00    100.00
01:53:41         12      0.00      0.00      0.00      0.00      0.00    100.00
01:53:41         13      0.00      0.00      0.00      0.00      0.00    100.00
01:53:41         14      0.00      0.00      0.00      0.00      0.00    100.00
01:53:41         15      0.00      0.00      0.00      0.00      0.00    100.00
01:53:41         16      0.00      0.00      0.00      0.00      0.00    100.00
01:53:41         17      0.00      0.00      0.00      0.00      0.00    100.00
01:53:41         18      0.00      0.00      0.00      0.00      0.00    100.00
01:53:41         19      0.00      0.00      0.00      0.00      0.00    100.00
01:53:41         20      0.00      0.00      0.00      0.00      0.00    100.00
01:53:41         21      0.00      0.00      0.00      0.00      0.00    100.00
01:53:41         22      0.00      0.00      0.00      0.00      0.00    100.00
01:53:41         23      0.00      0.00      0.00      0.00      0.00    100.00
01:53:41         24      0.00      0.00      0.00      0.00      0.00    100.00
01:53:41         25      0.00      0.00      0.00      0.00      0.00    100.00
01:53:41         26      0.00      0.00      0.00      0.00      0.00    100.00
01:53:41         27      0.00      0.00      0.00      0.00      0.00    100.00
01:53:41         28      0.00      0.00      0.00      0.00      0.00    100.00
01:53:41         29      0.00      0.00      0.00      0.00      0.00    100.00
01:53:41         30      0.00      0.00      0.00      0.00      0.00    100.00
01:53:41         31      0.00      0.00      0.00      0.00      0.00    100.00
01:53:41         32      0.00      0.00      0.00      0.00      0.00    100.00
01:53:41         33      0.00      0.00      0.00      0.00      0.00    100.00
01:53:41         34      0.00      0.00      0.00      0.00      0.00    100.00
01:53:41         35      0.00      0.00      0.00      0.00      0.00    100.00
01:53:41         36      0.00      0.00      0.00      0.00      0.00    100.00
01:53:41         37      0.00      0.00      0.00      0.00      0.00    100.00
01:53:41         38      0.00      0.00      0.00      0.00      0.00    100.00
01:53:41         39      0.00      0.00      0.00      0.00      0.00    100.00

01:53:41        CPU     %user     %nice   %system   %iowait    %steal     %idle
01:53:42        all      0.00      0.00      0.00      0.00      0.00    100.00
01:53:42          0      0.00      0.00      0.00      0.00      0.00    100.00
01:53:42          1      0.00      0.00      0.00      0.00      0.00    100.00
01:53:42          2      0.00      0.00      0.00      0.00      0.00    100.00
01:53:42          3      0.00      0.00      0.00      0.00      0.00    100.00
01:53:42          4      0.00      0.00      0.00      0.00      0.00    100.00
01:53:42          5      0.00      0.00      0.00      0.00      0.00    100.00
01:53:42          6      0.00      0.00      0.00      0.00      0.00    100.00
01:53:42          7      0.00      0.00      0.00      0.00      0.00    100.00
01:53:42          8      0.00      0.00      0.00      0.00      0.00    100.00
01:53:42          9      0.00      0.00      0.00      0.00      0.00    100.00
01:53:42         10      0.00      0.00      0.00      0.00      0.00    100.00
01:53:42         11      0.00      0.00      0.00      0.00      0.00    100.00
01:53:42         12      0.00      0.00      0.00      0.00      0.00    100.00
01:53:42         13      0.00      0.00      0.00      0.00      0.00    100.00
01:53:42         14      0.00      0.00      0.00      0.00      0.00    100.00
01:53:42         15      0.00      0.00      0.00      0.00      0.00    100.00
01:53:42         16      0.00      0.00      0.00      0.00      0.00    100.00
01:53:42         17      0.00      0.00      0.00      0.00      0.00    100.00
01:53:42         18      0.00      0.00      0.00      0.00      0.00    100.00
01:53:42         19      0.00      0.00      0.00      0.00      0.00    100.00
01:53:42         20      0.00      0.00      0.00      0.00      0.00    100.00
01:53:42         21      0.00      0.00      0.00      0.00      0.00    100.00
01:53:42         22      0.00      0.00      0.00      0.00      0.00    100.00
01:53:42         23      0.00      0.00      0.00      0.00      0.00    100.00
01:53:42         24      0.00      0.00      0.00      0.00      0.00    100.00
01:53:42         25      0.00      0.00      0.00      0.00      0.00    100.00
01:53:42         26      0.00      0.00      0.00      0.00      0.00    100.00
01:53:42         27      0.00      0.00      0.00      0.00      0.00    100.00
01:53:42         28      0.00      0.00      0.00      0.00      0.00    100.00
01:53:42         29      0.00      0.00      0.00      0.00      0.00    100.00
01:53:42         30      0.00      0.00      0.00      0.00      0.00    100.00
01:53:42         31      0.00      0.00      0.00      0.00      0.00    100.00
01:53:42         32      0.00      0.00      0.00      0.00      0.00    100.00
01:53:42         33      0.00      0.00      0.00      0.00      0.00    100.00
01:53:42         34      0.00      0.00      0.00      0.00      0.00    100.00
01:53:42         35      0.00      0.00      0.00      0.00      0.00    100.00
01:53:42         36      0.00      0.00      0.00      0.00      0.00    100.00
01:53:42         37      0.00      0.00      0.00      0.00      0.00    100.00
01:53:42         38      0.00      0.00      0.00      0.00      0.00    100.00
01:53:42         39      0.00      0.00      0.00      0.00      0.00    100.00

01:53:42        CPU     %user     %nice   %system   %iowait    %steal     %idle
01:53:43        all      1.88      0.00      0.40      0.00      0.00     97.72
01:53:43          0     12.87      0.00      2.97      0.00      0.00     84.16
01:53:43          1     10.10      0.00      1.01      0.00      0.00     88.89
01:53:43          2     10.10      0.00      1.01      0.00      0.00     88.89
01:53:43          3      0.00      0.00      0.00      0.00      0.00    100.00
01:53:43          4      0.00      0.00      1.01      0.00      0.00     98.99
01:53:43          5     14.00      0.00      2.00      0.00      0.00     84.00
01:53:43          6     13.13      0.00      1.01      0.00      0.00     85.86
01:53:43          7      0.00      0.00      1.00      0.00      0.00     99.00
01:53:43          8      0.00      0.00      0.00      0.00      0.00    100.00
01:53:43          9      0.00      0.00      0.00      0.00      0.00    100.00
01:53:43         10      0.00      0.00      0.00      0.00      0.00    100.00
01:53:43         11      1.00      0.00      0.00      0.00      0.00     99.00
01:53:43         12      0.00      0.00      1.00      0.00      0.00     99.00
01:53:43         13      0.99      0.00      0.00      0.00      0.00     99.01
01:53:43         14      0.00      0.00      0.00      0.00      0.00    100.00
01:53:43         15      0.00      0.00      0.00      0.00      0.00    100.00
01:53:43         16      0.00      0.00      1.00      0.00      0.00     99.00
01:53:43         17      0.00      0.00      0.00      0.00      0.00    100.00
01:53:43         18      2.02      0.00      0.00      0.00      0.00     97.98
01:53:43         19      0.00      0.00      0.00      0.00      0.00    100.00
01:53:43         20      0.00      0.00      0.00      0.00      0.00    100.00
01:53:43         21      0.00      0.00      0.00      0.00      0.00    100.00
01:53:43         22      3.00      0.00      0.00      0.00      0.00     97.00
01:53:43         23      0.00      0.00      0.00      0.00      0.00    100.00
01:53:43         24      0.00      0.00      0.00      0.00      0.00    100.00
01:53:43         25      0.00      0.00      0.00      0.00      0.00    100.00
01:53:43         26      0.00      0.00      0.00      0.00      0.00    100.00
01:53:43         27      0.99      0.00      0.00      0.00      0.00     99.01
01:53:43         28      0.00      0.00      0.00      0.00      0.00    100.00
01:53:43         29      2.00      0.00      0.00      0.00      0.00     98.00
01:53:43         30      0.00      0.00      0.00      0.00      0.00    100.00
01:53:43         31      0.00      0.00      0.00      0.00      0.00    100.00
01:53:43         32      2.00      0.00      1.00      0.00      0.00     97.00
01:53:43         33      0.00      0.00      0.00      0.00      0.00    100.00
01:53:43         34      0.00      0.00      1.00      0.00      0.00     99.00
01:53:43         35      0.00      0.00      0.00      0.00      0.00    100.00
01:53:43         36      1.00      0.00      1.00      0.00      0.00     98.00
01:53:43         37      0.00      0.00      0.00      0.00      0.00    100.00
01:53:43         38      0.00      0.00      0.00      0.00      0.00    100.00
01:53:43         39      0.00      0.00      0.00      0.00      0.00    100.00

01:53:43        CPU     %user     %nice   %system   %iowait    %steal     %idle
01:53:44        all      6.66      0.00      1.75      0.05      0.00     91.53
01:53:44          0     14.14      0.00      3.03      0.00      0.00     82.83
01:53:44          1      8.00      0.00      2.00      0.00      0.00     90.00
01:53:44          2     12.00      0.00      1.00      0.00      0.00     87.00
01:53:44          3      2.00      0.00      2.00      0.00      0.00     96.00
01:53:44          4      3.00      0.00      2.00      0.00      0.00     95.00
01:53:44          5      5.05      0.00      1.01      0.00      0.00     93.94
01:53:44          6     32.00      0.00      6.00      0.00      0.00     62.00
01:53:44          7     28.00      0.00      3.00      0.00      0.00     69.00
01:53:44          8      0.00      0.00      0.00      0.00      0.00    100.00
01:53:44          9      6.19      0.00      1.03      0.00      0.00     92.78
01:53:44         10     30.00      0.00      4.00      0.00      0.00     66.00
01:53:44         11      0.99      0.00      1.98      0.00      0.00     97.03
01:53:44         12      0.00      0.00      0.00      0.00      0.00    100.00
01:53:44         13      0.00      0.00      1.01      0.00      0.00     98.99
01:53:44         14      0.00      0.00      0.00      0.00      0.00    100.00
01:53:44         15      0.00      0.00      0.00      0.00      0.00    100.00
01:53:44         16      0.00      0.00      0.00      0.00      0.00    100.00
01:53:44         17      0.00      0.00      0.00      0.00      0.00    100.00
01:53:44         18      1.01      0.00      1.01      0.00      0.00     97.98
01:53:44         19     10.78      0.00      3.92      0.00      0.00     85.29
01:53:44         20      0.00      0.00      0.00      0.00      0.00    100.00
01:53:44         21      0.00      0.00      0.00      0.00      0.00    100.00
01:53:44         22      9.00      0.00      2.00      0.00      0.00     89.00
01:53:44         23      1.00      0.00      0.00      0.00      0.00     99.00
01:53:44         24      1.00      0.00      1.00      0.00      0.00     98.00
01:53:44         25      0.00      0.00      0.00      0.00      0.00    100.00
01:53:44         26     12.12      0.00      3.03      0.00      0.00     84.85
01:53:44         27     17.00      0.00      2.00      0.00      0.00     81.00
01:53:44         28      0.99      0.00      1.98      0.00      0.00     97.03
01:53:44         29     18.00      0.00      4.00      0.00      0.00     78.00
01:53:44         30      6.12      0.00      3.06      1.02      0.00     89.80
01:53:44         31      0.00      0.00      2.00      0.00      0.00     98.00
01:53:44         32      0.99      0.00      1.98      0.00      0.00     97.03
01:53:44         33      5.00      0.00      2.00      0.00      0.00     93.00
01:53:44         34      4.04      0.00      2.02      0.00      0.00     93.94
01:53:44         35      3.00      0.00      2.00      0.00      0.00     95.00
01:53:44         36      1.00      0.00      1.00      0.00      0.00     98.00
01:53:44         37     23.00      0.00      3.00      0.00      0.00     74.00
01:53:44         38      1.98      0.00      0.99      0.00      0.00     97.03
01:53:44         39     10.89      0.00      5.94      0.00      0.00     83.17

01:53:44        CPU     %user     %nice   %system   %iowait    %steal     %idle
01:53:45        all      0.03      0.00      0.00      0.00      0.00     99.97
01:53:45          0      0.00      0.00      0.00      0.00      0.00    100.00
01:53:45          1      0.00      0.00      0.00      0.00      0.00    100.00
01:53:45          2      0.00      0.00      0.00      0.00      0.00    100.00
01:53:45          3      0.00      0.00      0.00      0.00      0.00    100.00
01:53:45          4      0.00      0.00      0.00      0.00      0.00    100.00
01:53:45          5      0.00      0.00      0.00      0.00      0.00    100.00
01:53:45          6      0.00      0.00      0.00      0.00      0.00    100.00
01:53:45          7      0.00      0.00      0.99      0.00      0.00     99.01
01:53:45          8      0.00      0.00      0.00      0.00      0.00    100.00
01:53:45          9      0.00      0.00      0.00      0.00      0.00    100.00
01:53:45         10      0.00      0.00      0.00      0.00      0.00    100.00
01:53:45         11      0.00      0.00      0.00      0.00      0.00    100.00
01:53:45         12      0.00      0.00      0.00      0.00      0.00    100.00
01:53:45         13      0.00      0.00      0.00      0.00      0.00    100.00
01:53:45         14      0.00      0.00      0.00      0.00      0.00    100.00
01:53:45         15      0.00      0.00      0.00      0.00      0.00    100.00
01:53:45         16      0.00      0.00      0.00      0.00      0.00    100.00
01:53:45         17      0.00      0.00      0.00      0.00      0.00    100.00
01:53:45         18      0.00      0.00      0.00      0.00      0.00    100.00
01:53:45         19      0.00      0.00      0.00      0.00      0.00    100.00
01:53:45         20      0.00      0.00      0.00      0.00      0.00    100.00
01:53:45         21      0.00      0.00      0.00      0.00      0.00    100.00
01:53:45         22      0.00      0.00      0.00      0.00      0.00    100.00
01:53:45         23      0.00      0.00      0.00      0.00      0.00    100.00
01:53:45         24      0.00      0.00      0.00      0.00      0.00    100.00
01:53:45         25      0.00      0.00      0.00      0.00      0.00    100.00
01:53:45         26      0.00      0.00      0.00      0.00      0.00    100.00
01:53:45         27      0.00      0.00      0.00      0.00      0.00    100.00
01:53:45         28      0.00      0.00      0.00      0.00      0.00    100.00
01:53:45         29      0.00      0.00      0.00      0.00      0.00    100.00
01:53:45         30      0.00      0.00      0.00      0.00      0.00    100.00
01:53:45         31      0.00      0.00      0.00      0.00      0.00    100.00
01:53:45         32      0.00      0.00      0.00      0.00      0.00    100.00
01:53:45         33      0.00      0.00      0.00      0.00      0.00    100.00
01:53:45         34      0.00      0.00      0.00      0.00      0.00    100.00
01:53:45         35      0.00      0.00      0.00      0.00      0.00    100.00
01:53:45         36      0.00      0.00      0.00      0.00      0.00    100.00
01:53:45         37      0.00      0.00      0.00      0.00      0.00    100.00
01:53:45         38      0.00      0.00      0.00      0.00      0.00    100.00
01:53:45         39      0.00      0.00      0.00      0.00      0.00    100.00

01:53:45        CPU     %user     %nice   %system   %iowait    %steal     %idle
01:53:46        all      0.00      0.00      0.00      0.00      0.00    100.00
01:53:46          0      0.00      0.00      0.00      0.00      0.00    100.00
01:53:46          1      0.00      0.00      0.00      0.00      0.00    100.00
01:53:46          2      0.00      0.00      0.00      0.00      0.00    100.00
01:53:46          3      0.00      0.00      0.00      0.00      0.00    100.00
01:53:46          4      0.00      0.00      0.00      0.00      0.00    100.00
01:53:46          5      0.00      0.00      0.00      0.00      0.00    100.00
01:53:46          6      0.00      0.00      0.00      0.00      0.00    100.00
01:53:46          7      0.00      0.00      0.00      0.00      0.00    100.00
01:53:46          8      0.00      0.00      0.00      0.00      0.00    100.00
01:53:46          9      0.00      0.00      0.00      0.00      0.00    100.00
01:53:46         10      0.00      0.00      0.00      0.00      0.00    100.00
01:53:46         11      0.00      0.00      0.00      0.00      0.00    100.00
01:53:46         12      0.00      0.00      0.00      0.00      0.00    100.00
01:53:46         13      0.99      0.00      0.00      0.00      0.00     99.01
01:53:46         14      0.00      0.00      0.00      0.00      0.00    100.00
01:53:46         15      0.00      0.00      0.00      0.00      0.00    100.00
01:53:46         16      0.00      0.00      0.00      0.00      0.00    100.00
01:53:46         17      0.00      0.00      0.00      0.00      0.00    100.00
01:53:46         18      0.00      0.00      0.00      0.00      0.00    100.00
01:53:46         19      0.00      0.00      0.00      0.00      0.00    100.00
01:53:46         20      0.00      0.00      0.00      0.00      0.00    100.00
01:53:46         21      0.00      0.00      0.00      0.00      0.00    100.00
01:53:46         22      0.00      0.00      0.00      0.00      0.00    100.00
01:53:46         23      0.00      0.00      0.00      0.00      0.00    100.00
01:53:46         24      0.00      0.00      0.00      0.00      0.00    100.00
01:53:46         25      0.00      0.00      0.00      0.00      0.00    100.00
01:53:46         26      0.00      0.00      0.00      0.00      0.00    100.00
01:53:46         27      0.00      0.00      0.00      0.00      0.00    100.00
01:53:46         28      0.00      0.00      0.00      0.00      0.00    100.00
01:53:46         29      0.00      0.00      0.00      0.00      0.00    100.00
01:53:46         30      0.00      0.00      0.00      0.00      0.00    100.00
01:53:46         31      0.00      0.00      0.00      0.00      0.00    100.00
01:53:46         32      0.00      0.00      0.00      0.00      0.00    100.00
01:53:46         33      0.00      0.00      0.00      0.00      0.00    100.00
01:53:46         34      0.00      0.00      0.00      0.00      0.00    100.00
01:53:46         35      0.00      0.00      0.00      0.00      0.00    100.00
01:53:46         36      0.00      0.00      0.00      0.00      0.00    100.00
01:53:46         37      0.00      0.00      0.00      0.00      0.00    100.00
01:53:46         38      0.00      0.00      0.00      0.00      0.00    100.00
01:53:46         39      0.00      0.00      0.00      0.00      0.00    100.00

01:53:46        CPU     %user     %nice   %system   %iowait    %steal     %idle
01:53:47        all      0.03      0.00      0.03      0.07      0.00     99.88
01:53:47          0      0.00      0.00      0.00      0.00      0.00    100.00
01:53:47          1      0.00      0.00      0.00      0.00      0.00    100.00
01:53:47          2      0.00      0.00      0.00      0.00      0.00    100.00
01:53:47          3      0.00      0.00      0.00      0.00      0.00    100.00
01:53:47          4      0.00      0.00      0.00      0.00      0.00    100.00
01:53:47          5      0.00      0.00      0.00      0.00      0.00    100.00
01:53:47          6      0.00      0.00      0.00      0.00      0.00    100.00
01:53:47          7      0.00      0.00      0.00      0.00      0.00    100.00
01:53:47          8      0.00      0.00      0.00      0.00      0.00    100.00
01:53:47          9      0.00      0.00      0.99      2.97      0.00     96.04
01:53:47         10      0.00      0.00      0.00      0.00      0.00    100.00
01:53:47         11      0.00      0.00      0.00      0.00      0.00    100.00
01:53:47         12      0.00      0.00      0.00      0.00      0.00    100.00
01:53:47         13      0.00      0.00      0.00      0.00      0.00    100.00
01:53:47         14      0.00      0.00      0.00      0.00      0.00    100.00
01:53:47         15      0.00      0.00      0.00      0.00      0.00    100.00
01:53:47         16      0.00      0.00      0.00      0.00      0.00    100.00
01:53:47         17      0.00      0.00      0.00      0.00      0.00    100.00
01:53:47         18      0.00      0.00      0.00      0.00      0.00    100.00
01:53:47         19      0.00      0.00      0.00      0.00      0.00    100.00
01:53:47         20      0.00      0.00      0.00      0.00      0.00    100.00
01:53:47         21      0.00      0.00      0.00      0.00      0.00    100.00
01:53:47         22      0.00      0.00      0.00      0.00      0.00    100.00
01:53:47         23      0.00      0.00      0.00      0.00      0.00    100.00
01:53:47         24      0.00      0.00      0.00      0.00      0.00    100.00
01:53:47         25      0.00      0.00      0.00      0.00      0.00    100.00
01:53:47         26      0.00      0.00      0.00      0.00      0.00    100.00
01:53:47         27      0.00      0.00      0.00      0.00      0.00    100.00
01:53:47         28      0.00      0.00      0.00      0.00      0.00    100.00
01:53:47         29      0.00      0.00      0.00      0.00      0.00    100.00
01:53:47         30      0.00      0.00      0.00      0.00      0.00    100.00
01:53:47         31      0.00      0.00      0.00      0.00      0.00    100.00
01:53:47         32      0.00      0.00      0.00      0.00      0.00    100.00
01:53:47         33      0.00      0.00      0.00      0.00      0.00    100.00
01:53:47         34      0.00      0.00      0.00      0.00      0.00    100.00
01:53:47         35      0.00      0.00      0.00      0.00      0.00    100.00
01:53:47         36      0.00      0.00      0.00      0.00      0.00    100.00
01:53:47         37      0.00      0.00      0.00      0.00      0.00    100.00
01:53:47         38      0.00      0.00      0.00      0.00      0.00    100.00
01:53:47         39      0.00      0.00      0.00      0.00      0.00    100.00

01:53:47        CPU     %user     %nice   %system   %iowait    %steal     %idle
01:53:48        all      0.00      0.00      0.00      0.00      0.00    100.00
01:53:48          0      0.00      0.00      0.00      0.00      0.00    100.00
01:53:48          1      0.00      0.00      0.00      0.00      0.00    100.00
01:53:48          2      0.00      0.00      0.00      0.00      0.00    100.00
01:53:48          3      0.00      0.00      0.00      0.00      0.00    100.00
01:53:48          4      0.00      0.00      0.00      0.00      0.00    100.00
01:53:48          5      0.00      0.00      0.00      0.00      0.00    100.00
01:53:48          6      0.00      0.00      0.00      0.00      0.00    100.00
01:53:48          7      0.00      0.00      0.00      0.00      0.00    100.00
01:53:48          8      0.00      0.00      0.00      0.00      0.00    100.00
01:53:48          9      0.00      0.00      0.00      0.00      0.00    100.00
01:53:48         10      0.00      0.00      0.00      0.00      0.00    100.00
01:53:48         11      0.00      0.00      0.00      0.00      0.00    100.00
01:53:48         12      0.00      0.00      0.00      0.00      0.00    100.00
01:53:48         13      0.00      0.00      0.00      0.00      0.00    100.00
01:53:48         14      0.00      0.00      0.00      0.00      0.00    100.00
01:53:48         15      0.00      0.00      0.00      0.00      0.00    100.00
01:53:48         16      0.00      0.00      0.00      0.00      0.00    100.00
01:53:48         17      0.00      0.00      0.00      0.00      0.00    100.00
01:53:48         18      0.00      0.00      0.00      0.00      0.00    100.00
01:53:48         19      0.00      0.00      0.00      0.00      0.00    100.00
01:53:48         20      0.00      0.00      0.00      0.00      0.00    100.00
01:53:48         21      0.00      0.00      0.00      0.00      0.00    100.00
01:53:48         22      0.00      0.00      0.00      0.00      0.00    100.00
01:53:48         23      0.00      0.00      0.00      0.00      0.00    100.00
01:53:48         24      0.00      0.00      0.00      0.00      0.00    100.00
01:53:48         25      0.00      0.00      0.00      0.00      0.00    100.00
01:53:48         26      0.00      0.00      0.00      0.00      0.00    100.00
01:53:48         27      0.00      0.00      0.00      0.00      0.00    100.00
01:53:48         28      0.00      0.00      0.00      0.00      0.00    100.00
01:53:48         29      0.00      0.00      0.00      0.00      0.00    100.00
01:53:48         30      0.00      0.00      0.00      0.00      0.00    100.00
01:53:48         31      0.00      0.00      0.00      0.00      0.00    100.00
01:53:48         32      0.00      0.00      0.00      0.00      0.00    100.00
01:53:48         33      0.00      0.00      0.00      0.00      0.00    100.00
01:53:48         34      0.00      0.00      0.00      0.00      0.00    100.00
01:53:48         35      0.00      0.00      0.00      0.00      0.00    100.00
01:53:48         36      0.00      0.00      0.00      0.00      0.00    100.00
01:53:48         37      0.00      0.00      0.00      0.00      0.00    100.00
01:53:48         38      0.00      0.00      0.00      0.00      0.00    100.00
01:53:48         39      0.00      0.00      0.00      0.00      0.00    100.00

01:53:48        CPU     %user     %nice   %system   %iowait    %steal     %idle
01:53:49        all      0.00      0.00      0.00      0.00      0.00    100.00
01:53:49          0      0.00      0.00      0.00      0.00      0.00    100.00
01:53:49          1      0.00      0.00      0.00      0.00      0.00    100.00
01:53:49          2      0.00      0.00      0.00      0.00      0.00    100.00
01:53:49          3      0.00      0.00      0.00      0.00      0.00    100.00
01:53:49          4      0.00      0.00      0.00      0.00      0.00    100.00
01:53:49          5      0.00      0.00      0.00      0.00      0.00    100.00
01:53:49          6      0.00      0.00      0.00      0.00      0.00    100.00
01:53:49          7      0.00      0.00      0.00      0.00      0.00    100.00
01:53:49          8      0.00      0.00      0.00      0.00      0.00    100.00
01:53:49          9      0.00      0.00      0.00      0.00      0.00    100.00
01:53:49         10      0.00      0.00      0.00      0.00      0.00    100.00
01:53:49         11      0.00      0.00      0.00      0.00      0.00    100.00
01:53:49         12      0.00      0.00      0.00      0.00      0.00    100.00
01:53:49         13      0.99      0.00      0.00      0.00      0.00     99.01
01:53:49         14      0.00      0.00      0.00      0.00      0.00    100.00
01:53:49         15      0.00      0.00      0.00      0.00      0.00    100.00
01:53:49         16      0.00      0.00      0.00      0.00      0.00    100.00
01:53:49         17      0.00      0.00      0.00      0.00      0.00    100.00
01:53:49         18      0.00      0.00      0.00      0.00      0.00    100.00
01:53:49         19      0.00      0.00      0.00      0.00      0.00    100.00
01:53:49         20      0.00      0.00      0.00      0.00      0.00    100.00
01:53:49         21      0.00      0.00      0.00      0.00      0.00    100.00
01:53:49         22      0.00      0.00      0.00      0.00      0.00    100.00
01:53:49         23      0.00      0.00      0.00      0.00      0.00    100.00
01:53:49         24      0.00      0.00      0.00      0.00      0.00    100.00
01:53:49         25      0.00      0.00      0.00      0.00      0.00    100.00
01:53:49         26      0.00      0.00      0.00      0.00      0.00    100.00
01:53:49         27      0.00      0.00      0.00      0.00      0.00    100.00
01:53:49         28      0.00      0.00      0.00      0.00      0.00    100.00
01:53:49         29      0.00      0.00      0.00      0.00      0.00    100.00
01:53:49         30      0.00      0.00      0.00      0.00      0.00    100.00
01:53:49         31      0.00      0.00      0.00      0.00      0.00    100.00
01:53:49         32      0.00      0.00      0.00      0.00      0.00    100.00
01:53:49         33      0.00      0.00      0.00      0.00      0.00    100.00
01:53:49         34      0.00      0.00      0.00      0.00      0.00    100.00
01:53:49         35      0.00      0.00      0.00      0.00      0.00    100.00
01:53:49         36      0.00      0.00      0.00      0.00      0.00    100.00
01:53:49         37      0.00      0.00      0.00      0.00      0.00    100.00
01:53:49         38      0.00      0.00      0.00      0.00      0.00    100.00
01:53:49         39      0.00      0.00      0.00      0.00      0.00    100.00

01:53:49        CPU     %user     %nice   %system   %iowait    %steal     %idle
01:53:50        all      0.03      0.00      0.00      0.00      0.00     99.97
01:53:50          0      0.00      0.00      0.00      0.00      0.00    100.00
01:53:50          1      0.00      0.00      0.00      0.00      0.00    100.00
01:53:50          2      0.00      0.00      0.00      0.00      0.00    100.00
01:53:50          3      0.00      0.00      0.00      0.00      0.00    100.00
01:53:50          4      0.00      0.00      0.00      0.00      0.00    100.00
01:53:50          5      0.00      0.00      0.00      0.00      0.00    100.00
01:53:50          6      0.00      0.00      0.00      0.00      0.00    100.00
01:53:50          7      0.00      0.00      0.00      0.00      0.00    100.00
01:53:50          8      0.00      0.00      0.00      0.00      0.00    100.00
01:53:50          9      0.00      0.00      0.00      0.00      0.00    100.00
01:53:50         10      0.00      0.00      0.00      0.00      0.00    100.00
01:53:50         11      0.00      0.00      0.00      0.00      0.00    100.00
01:53:50         12      0.00      0.00      0.00      0.00      0.00    100.00
01:53:50         13      0.00      0.00      0.00      0.00      0.00    100.00
01:53:50         14      0.00      0.00      0.00      0.00      0.00    100.00
01:53:50         15      0.00      0.00      0.00      0.00      0.00    100.00
01:53:50         16      0.00      0.00      0.00      0.00      0.00    100.00
01:53:50         17      0.00      0.00      0.00      0.00      0.00    100.00
01:53:50         18      0.00      0.00      0.00      0.00      0.00    100.00
01:53:50         19      0.00      0.00      0.00      0.00      0.00    100.00
01:53:50         20      0.00      0.00      0.00      0.00      0.00    100.00
01:53:50         21      0.00      0.00      0.00      0.00      0.00    100.00
01:53:50         22      0.00      0.00      0.00      0.00      0.00    100.00
01:53:50         23      0.00      0.00      0.00      0.00      0.00    100.00
01:53:50         24      0.00      0.00      0.00      0.00      0.00    100.00
01:53:50         25      0.00      0.00      0.00      0.00      0.00    100.00
01:53:50         26      0.00      0.00      0.00      0.00      0.00    100.00
01:53:50         27      0.00      0.00      0.00      0.00      0.00    100.00
01:53:50         28      0.00      0.00      0.00      0.00      0.00    100.00
01:53:50         29      0.00      0.00      0.00      0.00      0.00    100.00
01:53:50         30      0.00      0.00      0.00      0.00      0.00    100.00
01:53:50         31      0.00      0.00      0.00      0.00      0.00    100.00
01:53:50         32      0.00      0.00      0.00      0.00      0.00    100.00
01:53:50         33      0.00      0.00      0.00      0.00      0.00    100.00
01:53:50         34      0.00      0.00      0.00      0.00      0.00    100.00
01:53:50         35      0.00      0.00      0.00      0.00      0.00    100.00
01:53:50         36      0.00      0.00      0.00      0.00      0.00    100.00
01:53:50         37      0.00      0.00      0.00      0.00      0.00    100.00
01:53:50         38      0.00      0.00      0.00      0.00      0.00    100.00
01:53:50         39      0.00      0.00      0.00      0.00      0.00    100.00

01:53:50        CPU     %user     %nice   %system   %iowait    %steal     %idle
01:53:51        all      0.03      0.00      0.00      0.00      0.00     99.98
01:53:51          0      0.00      0.00      0.00      0.00      0.00    100.00
01:53:51          1      0.00      0.00      0.00      0.00      0.00    100.00
01:53:51          2      0.00      0.00      0.00      0.00      0.00    100.00
01:53:51          3      0.00      0.00      0.00      0.00      0.00    100.00
01:53:51          4      0.00      0.00      0.00      0.00      0.00    100.00
01:53:51          5      0.00      0.00      0.00      0.00      0.00    100.00
01:53:51          6      0.00      0.00      0.00      0.00      0.00    100.00
01:53:51          7      0.00      0.00      0.00      0.00      0.00    100.00
01:53:51          8      0.00      0.00      0.00      0.00      0.00    100.00
01:53:51          9      0.00      0.00      0.00      0.00      0.00    100.00
01:53:51         10      0.00      0.00      0.00      0.00      0.00    100.00
01:53:51         11      0.00      0.00      0.00      0.00      0.00    100.00
01:53:51         12      0.00      0.00      0.00      0.00      0.00    100.00
01:53:51         13      0.99      0.00      0.00      0.00      0.00     99.01
01:53:51         14      0.00      0.00      0.00      0.00      0.00    100.00
01:53:51         15      0.00      0.00      0.00      0.00      0.00    100.00
01:53:51         16      0.00      0.00      0.00      0.00      0.00    100.00
01:53:51         17      0.00      0.00      0.00      0.00      0.00    100.00
01:53:51         18      0.00      0.00      0.00      0.00      0.00    100.00
01:53:51         19      0.00      0.00      0.00      0.00      0.00    100.00
01:53:51         20      0.00      0.00      0.00      0.00      0.00    100.00
01:53:51         21      0.00      0.00      0.00      0.00      0.00    100.00
01:53:51         22      0.00      0.00      0.00      0.00      0.00    100.00
01:53:51         23      0.00      0.00      0.00      0.00      0.00    100.00
01:53:51         24      0.00      0.00      0.00      0.00      0.00    100.00
01:53:51         25      0.00      0.00      0.00      0.00      0.00    100.00
01:53:51         26      0.00      0.00      0.00      0.00      0.00    100.00
01:53:51         27      0.00      0.00      0.00      0.00      0.00    100.00
01:53:51         28      0.00      0.00      0.00      0.00      0.00    100.00
01:53:51         29      0.00      0.00      0.00      0.00      0.00    100.00
01:53:51         30      0.00      0.00      0.00      0.00      0.00    100.00
01:53:51         31      0.00      0.00      0.00      0.00      0.00    100.00
01:53:51         32      0.00      0.00      0.00      0.00      0.00    100.00
01:53:51         33      0.00      0.00      0.00      0.00      0.00    100.00
01:53:51         34      0.00      0.00      0.00      0.00      0.00    100.00
01:53:51         35      0.00      0.00      0.00      0.00      0.00    100.00
01:53:51         36      0.00      0.00      0.00      0.00      0.00    100.00
01:53:51         37      0.00      0.00      0.00      0.00      0.00    100.00
01:53:51         38      0.00      0.00      0.00      0.00      0.00    100.00
01:53:51         39      0.00      0.00      0.00      0.00      0.00    100.00

01:53:51        CPU     %user     %nice   %system   %iowait    %steal     %idle
01:53:52        all      0.00      0.00      0.00      0.00      0.00    100.00
01:53:52          0      0.00      0.00      0.00      0.00      0.00    100.00
01:53:52          1      0.00      0.00      0.00      0.00      0.00    100.00
01:53:52          2      0.00      0.00      0.00      0.00      0.00    100.00
01:53:52          3      0.00      0.00      0.00      0.00      0.00    100.00
01:53:52          4      0.00      0.00      0.00      0.00      0.00    100.00
01:53:52          5      0.00      0.00      0.00      0.00      0.00    100.00
01:53:52          6      0.00      0.00      0.00      0.00      0.00    100.00
01:53:52          7      0.00      0.00      0.00      0.00      0.00    100.00
01:53:52          8      0.00      0.00      0.00      0.00      0.00    100.00
01:53:52          9      0.00      0.00      0.00      0.00      0.00    100.00
01:53:52         10      0.00      0.00      0.00      0.00      0.00    100.00
01:53:52         11      0.00      0.00      0.00      0.00      0.00    100.00
01:53:52         12      0.00      0.00      0.00      0.00      0.00    100.00
01:53:52         13      0.99      0.00      0.00      0.00      0.00     99.01
01:53:52         14      0.00      0.00      0.00      0.00      0.00    100.00
01:53:52         15      0.00      0.00      0.00      0.00      0.00    100.00
01:53:52         16      0.00      0.00      0.00      0.00      0.00    100.00
01:53:52         17      0.00      0.00      0.00      0.00      0.00    100.00
01:53:52         18      0.00      0.00      0.00      0.00      0.00    100.00
01:53:52         19      0.00      0.00      0.00      0.00      0.00    100.00
01:53:52         20      0.00      0.00      0.00      0.00      0.00    100.00
01:53:52         21      0.00      0.00      0.00      0.00      0.00    100.00
01:53:52         22      0.00      0.00      0.00      0.00      0.00    100.00
01:53:52         23      0.00      0.00      0.00      0.00      0.00    100.00
01:53:52         24      0.00      0.00      0.00      0.00      0.00    100.00
01:53:52         25      0.00      0.00      0.00      0.00      0.00    100.00
01:53:52         26      0.00      0.00      0.00      0.00      0.00    100.00
01:53:52         27      0.00      0.00      0.00      0.00      0.00    100.00
01:53:52         28      0.00      0.00      0.00      0.00      0.00    100.00
01:53:52         29      0.00      0.00      0.00      0.00      0.00    100.00
01:53:52         30      0.00      0.00      0.00      0.00      0.00    100.00
01:53:52         31      0.00      0.00      0.00      0.00      0.00    100.00
01:53:52         32      0.00      0.00      0.00      0.00      0.00    100.00
01:53:52         33      0.00      0.00      0.00      0.00      0.00    100.00
01:53:52         34      0.00      0.00      0.00      0.00      0.00    100.00
01:53:52         35      0.00      0.00      0.00      0.00      0.00    100.00
01:53:52         36      0.00      0.00      0.00      0.00      0.00    100.00
01:53:52         37      0.00      0.00      0.00      0.00      0.00    100.00
01:53:52         38      0.00      0.00      0.00      0.00      0.00    100.00
01:53:52         39      0.00      0.00      0.00      0.00      0.00    100.00

01:53:52        CPU     %user     %nice   %system   %iowait    %steal     %idle
01:53:53        all      0.45      0.00      0.03      0.00      0.00     99.52
01:53:53          0      0.00      0.00      0.00      0.00      0.00    100.00
01:53:53          1      0.00      0.00      0.00      0.00      0.00    100.00
01:53:53          2      0.00      0.00      0.00      0.00      0.00    100.00
01:53:53          3      0.00      0.00      0.00      0.00      0.00    100.00
01:53:53          4      0.99      0.00      0.00      0.00      0.00     99.01
01:53:53          5      0.00      0.00      0.00      0.00      0.00    100.00
01:53:53          6      0.00      0.00      0.00      0.00      0.00    100.00
01:53:53          7      0.00      0.00      0.00      0.00      0.00    100.00
01:53:53          8      0.00      0.00      0.00      0.00      0.00    100.00
01:53:53          9     16.00      0.00      0.00      0.00      0.00     84.00
01:53:53         10      0.00      0.00      0.00      0.00      0.00    100.00
01:53:53         11      0.00      0.00      0.00      0.00      0.00    100.00
01:53:53         12      0.00      0.00      0.00      0.00      0.00    100.00
01:53:53         13      0.00      0.00      0.00      0.00      0.00    100.00
01:53:53         14      0.00      0.00      0.00      0.00      0.00    100.00
01:53:53         15      0.00      0.00      0.00      0.00      0.00    100.00
01:53:53         16      0.00      0.00      0.00      0.00      0.00    100.00
01:53:53         17      0.00      0.00      0.00      0.00      0.00    100.00
01:53:53         18      0.00      0.00      0.99      0.00      0.00     99.01
01:53:53         19      0.00      0.00      0.00      0.00      0.00    100.00
01:53:53         20      0.00      0.00      0.00      0.00      0.00    100.00
01:53:53         21      0.00      0.00      0.00      0.00      0.00    100.00
01:53:53         22      0.00      0.00      0.00      0.00      0.00    100.00
01:53:53         23      0.00      0.00      0.00      0.00      0.00    100.00
01:53:53         24      0.00      0.00      0.00      0.00      0.00    100.00
01:53:53         25      0.00      0.00      0.00      0.00      0.00    100.00
01:53:53         26      0.00      0.00      0.00      0.00      0.00    100.00
01:53:53         27      0.00      0.00      0.00      0.00      0.00    100.00
01:53:53         28      0.00      0.00      0.00      0.00      0.00    100.00
01:53:53         29      0.00      0.00      0.00      0.00      0.00    100.00
01:53:53         30      0.00      0.00      0.00      0.00      0.00    100.00
01:53:53         31      0.00      0.00      0.00      0.00      0.00    100.00
01:53:53         32      0.00      0.00      0.00      0.00      0.00    100.00
01:53:53         33      0.00      0.00      0.00      0.00      0.00    100.00
01:53:53         34      0.00      0.00      1.00      0.00      0.00     99.00
01:53:53         35      0.00      0.00      0.00      0.00      0.00    100.00
01:53:53         36      0.00      0.00      0.00      0.00      0.00    100.00
01:53:53         37      0.00      0.00      0.00      0.00      0.00    100.00
01:53:53         38      0.00      0.00      0.00      0.00      0.00    100.00
01:53:53         39      0.00      0.00      0.00      0.00      0.00    100.00

01:53:53        CPU     %user     %nice   %system   %iowait    %steal     %idle
01:53:54        all      1.28      0.00      0.50      0.03      0.00     98.20
01:53:54          0      1.00      0.00      1.00      0.00      0.00     98.00
01:53:54          1      0.00      0.00      1.00      0.00      0.00     99.00
01:53:54          2      0.00      0.00      1.00      0.00      0.00     99.00
01:53:54          3      0.00      0.00      0.99      0.00      0.00     99.01
01:53:54          4      0.00      0.00      0.00      0.00      0.00    100.00
01:53:54          5      0.00      0.00      1.00      0.00      0.00     99.00
01:53:54          6      0.00      0.00      0.00      0.00      0.00    100.00
01:53:54          7      0.00      0.00      0.00      0.00      0.00    100.00
01:53:54          8      0.00      0.00      0.99      0.00      0.00     99.01
01:53:54          9     38.38      0.00      6.06      0.00      0.00     55.56
01:53:54         10      0.00      0.00      0.00      0.00      0.00    100.00
01:53:54         11      0.00      0.00      0.00      0.00      0.00    100.00
01:53:54         12      0.00      0.00      1.00      0.00      0.00     99.00
01:53:54         13      1.96      0.00      0.98      0.00      0.00     97.06
01:53:54         14      0.00      0.00      0.00      0.00      0.00    100.00
01:53:54         15      0.00      0.00      0.00      0.00      0.00    100.00
01:53:54         16      0.00      0.00      1.00      0.00      0.00     99.00
01:53:54         17      0.00      0.00      0.00      0.00      0.00    100.00
01:53:54         18      0.00      0.00      0.00      0.00      0.00    100.00
01:53:54         19      0.00      0.00      0.00      0.00      0.00    100.00
01:53:54         20      0.00      0.00      0.00      0.00      0.00    100.00
01:53:54         21      0.00      0.00      0.00      0.00      0.00    100.00
01:53:54         22      0.00      0.00      0.00      0.00      0.00    100.00
01:53:54         23      0.00      0.00      0.00      0.00      0.00    100.00
01:53:54         24      0.00      0.00      0.00      0.00      0.00    100.00
01:53:54         25      0.00      0.00      0.00      0.00      0.00    100.00
01:53:54         26      0.00      0.00      0.00      0.00      0.00    100.00
01:53:54         27      0.00      0.00      0.00      0.00      0.00    100.00
01:53:54         28      0.00      0.00      0.00      0.00      0.00    100.00
01:53:54         29      5.05      0.00      3.03      0.00      0.00     91.92
01:53:54         30      0.00      0.00      0.00      0.00      0.00    100.00
01:53:54         31      2.00      0.00      1.00      0.00      0.00     97.00
01:53:54         32      0.00      0.00      0.00      0.00      0.00    100.00
01:53:54         33      0.00      0.00      0.00      0.00      0.00    100.00
01:53:54         34      0.00      0.00      0.00      0.00      0.00    100.00
01:53:54         35      1.00      0.00      0.00      0.00      0.00     99.00
01:53:54         36      0.00      0.00      0.00      0.00      0.00    100.00
01:53:54         37      0.00      0.00      0.00      0.00      0.00    100.00
01:53:54         38      0.00      0.00      1.00      1.00      0.00     98.00
01:53:54         39      1.98      0.00      0.99      0.00      0.00     97.03

01:53:54        CPU     %user     %nice   %system   %iowait    %steal     %idle
01:53:55        all      0.00      0.00      0.00      0.00      0.00    100.00
01:53:55          0      0.00      0.00      0.00      0.00      0.00    100.00
01:53:55          1      0.00      0.00      0.00      0.00      0.00    100.00
01:53:55          2      0.00      0.00      0.00      0.00      0.00    100.00
01:53:55          3      0.00      0.00      0.00      0.00      0.00    100.00
01:53:55          4      0.00      0.00      0.00      0.00      0.00    100.00
01:53:55          5      0.00      0.00      0.00      0.00      0.00    100.00
01:53:55          6      0.00      0.00      0.00      0.00      0.00    100.00
01:53:55          7      0.00      0.00      0.00      0.00      0.00    100.00
01:53:55          8      0.00      0.00      0.00      0.00      0.00    100.00
01:53:55          9      0.00      0.00      0.00      0.00      0.00    100.00
01:53:55         10      0.00      0.00      0.00      0.00      0.00    100.00
01:53:55         11      0.00      0.00      0.00      0.00      0.00    100.00
01:53:55         12      0.00      0.00      0.00      0.00      0.00    100.00
01:53:55         13      0.00      0.00      0.00      0.00      0.00    100.00
01:53:55         14      0.00      0.00      0.00      0.00      0.00    100.00
01:53:55         15      0.00      0.00      0.00      0.00      0.00    100.00
01:53:55         16      0.00      0.00      0.00      0.00      0.00    100.00
01:53:55         17      0.00      0.00      0.00      0.00      0.00    100.00
01:53:55         18      0.00      0.00      0.00      0.00      0.00    100.00
01:53:55         19      0.00      0.00      0.00      0.00      0.00    100.00
01:53:55         20      0.00      0.00      0.00      0.00      0.00    100.00
01:53:55         21      0.00      0.00      0.00      0.00      0.00    100.00
01:53:55         22      0.00      0.00      0.00      0.00      0.00    100.00
01:53:55         23      0.00      0.00      0.00      0.00      0.00    100.00
01:53:55         24      0.00      0.00      0.00      0.00      0.00    100.00
01:53:55         25      0.00      0.00      0.00      0.00      0.00    100.00
01:53:55         26      0.00      0.00      0.00      0.00      0.00    100.00
01:53:55         27      0.00      0.00      0.00      0.00      0.00    100.00
01:53:55         28      0.00      0.00      0.00      0.00      0.00    100.00
01:53:55         29      0.00      0.00      0.00      0.00      0.00    100.00
01:53:55         30      0.00      0.00      0.00      0.00      0.00    100.00
01:53:55         31      0.00      0.00      0.00      0.00      0.00    100.00
01:53:55         32      0.00      0.00      0.00      0.00      0.00    100.00
01:53:55         33      0.00      0.00      0.00      0.00      0.00    100.00
01:53:55         34      0.00      0.00      0.00      0.00      0.00    100.00
01:53:55         35      0.00      0.00      0.00      0.00      0.00    100.00
01:53:55         36      0.00      0.00      0.00      0.00      0.00    100.00
01:53:55         37      0.00      0.00      0.00      0.00      0.00    100.00
01:53:55         38      0.00      0.00      0.00      0.00      0.00    100.00
01:53:55         39      0.00      0.00      0.00      0.00      0.00    100.00

01:53:55        CPU     %user     %nice   %system   %iowait    %steal     %idle
01:53:56        all      0.55      0.00      0.13      0.00      0.00     99.32
01:53:56          0      0.00      0.00      0.00      0.00      0.00    100.00
01:53:56          1      0.00      0.00      0.00      0.00      0.00    100.00
01:53:56          2      0.00      0.00      0.00      0.00      0.00    100.00
01:53:56          3      1.00      0.00      0.00      0.00      0.00     99.00
01:53:56          4      0.00      0.00      1.00      0.00      0.00     99.00
01:53:56          5      0.00      0.00      0.00      0.00      0.00    100.00
01:53:56          6      0.00      0.00      0.00      0.00      0.00    100.00
01:53:56          7      0.00      0.00      0.00      0.00      0.00    100.00
01:53:56          8      0.00      0.00      0.00      0.00      0.00    100.00
01:53:56          9      0.00      0.00      0.00      0.00      0.00    100.00
01:53:56         10      0.00      0.00      0.00      0.00      0.00    100.00
01:53:56         11      0.00      0.00      0.00      0.00      0.00    100.00
01:53:56         12      0.00      0.00      0.00      0.00      0.00    100.00
01:53:56         13      0.00      0.00      0.00      0.00      0.00    100.00
01:53:56         14      0.00      0.00      0.00      0.00      0.00    100.00
01:53:56         15      0.00      0.00      0.00      0.00      0.00    100.00
01:53:56         16      0.00      0.00      0.00      0.00      0.00    100.00
01:53:56         17      0.00      0.00      0.00      0.00      0.00    100.00
01:53:56         18      0.00      0.00      0.00      0.00      0.00    100.00
01:53:56         19      0.00      0.00      0.00      0.00      0.00    100.00
01:53:56         20      0.00      0.00      0.00      0.00      0.00    100.00
01:53:56         21      0.00      0.00      0.00      0.00      0.00    100.00
01:53:56         22      0.00      0.00      0.00      0.00      0.00    100.00
01:53:56         23      0.00      0.00      0.00      0.00      0.00    100.00
01:53:56         24      0.00      0.00      0.00      0.00      0.00    100.00
01:53:56         25      0.00      0.00      0.00      0.00      0.00    100.00
01:53:56         26      0.00      0.00      0.00      0.00      0.00    100.00
01:53:56         27      0.00      0.00      0.00      0.00      0.00    100.00
01:53:56         28      0.00      0.00      0.00      0.00      0.00    100.00
01:53:56         29     18.81      0.00      2.97      0.00      0.00     78.22
01:53:56         30      1.00      0.00      0.00      0.00      0.00     99.00
01:53:56         31      0.00      0.00      0.00      0.00      0.00    100.00
01:53:56         32      0.00      0.00      0.00      0.00      0.00    100.00
01:53:56         33      0.00      0.00      0.00      0.00      0.00    100.00
01:53:56         34      0.00      0.00      0.00      0.00      0.00    100.00
01:53:56         35      0.00      0.00      0.99      0.00      0.00     99.01
01:53:56         36      0.00      0.00      0.00      0.00      0.00    100.00
01:53:56         37      0.00      0.00      0.00      0.00      0.00    100.00
01:53:56         38      0.00      0.00      0.00      0.00      0.00    100.00
01:53:56         39      0.00      0.00      0.00      0.00      0.00    100.00
