Linux 6.6.23 (eternity1) 	05/24/25 	_x86_64_	(40 CPU)

01:53:17    kbmemfree   kbavail kbmemused  %memused kbbuffers  kbcached  kbcommit   %commit  kbactive   kbinact   kbdirty
01:53:18     63817800  63651720   1791068      2.73         0    395516   2966112      4.45     60304    678168      4188
01:53:19     63818864  63652788   1790004      2.73         0    395524   2966112      4.45     60292    677516      4544
01:53:20     63819012  63652936   1789856      2.73         0    395528   2966112      4.45     60292    677336      4548
01:53:21     63819028  63652952   1789840      2.73         0    395532   2966112      4.45     60292    677336      4552
01:53:22     63819028  63652952   1789840      2.73         0    395532   2966112      4.45     60292    677336      4552
01:53:23     63819028  63652952   1789840      2.73         0    395536   2966112      4.45     60292    677336      4556
01:53:24     63819028  63652952   1789840      2.73         0    395536   2966112      4.45     60292    677336      4556
01:53:25     63819028  63652952   1789840      2.73         0    395536   2966112      4.45     60292    677336      4556
01:53:26     63819420  63653344   1789448      2.73         0    395536   2966112      4.45     60292    677336      4556
01:53:27     63819888  63653812   1788980      2.73         0    395536   2966112      4.45     60292    677336      4556
01:53:28     63819416  63653348   1789452      2.73         0    395564   2966112      4.45     60292    677432       380
01:53:29     63818660  63652592   1790208      2.73         0    395568   2966112      4.45     60288    677336       392
01:53:30     63818492  63652424   1790376      2.73         0    395572   2966112      4.45     60292    677464       400
01:53:31     63798000  63631976   1810868      2.76         0    395588   2991728      4.49     60300    700476      2016
01:53:32     63797568  63631712   1811300      2.76         0    395816   2991364      4.49     60304    700816      3340
01:53:33     63816504  63650780   1792364      2.73         0    395884   2965564      4.45     60388    677284      3692
01:53:34     63816504  63650780   1792364      2.73         0    395884   2965564      4.45     60388    677284      3692
01:53:35     63816536  63650812   1792332      2.73         0    395884   2965564      4.45     60388    677284      3692
01:53:36     63816536  63650812   1792332      2.73         0    395884   2965564      4.45     60388    677284      3692
01:53:37     63816300  63650576   1792568      2.73         0    395904   2965564      4.45     60388    677224      3712
01:53:38     63816300  63650576   1792568      2.73         0    395908   2965564      4.45     60388    677224       320
01:53:39     63816300  63650576   1792568      2.73         0    395912   2965564      4.45     60388    677224        20
01:53:40     63816300  63650576   1792568      2.73         0    395912   2965564      4.45     60388    677224        20
01:53:41     63816300  63650576   1792568      2.73         0    395912   2965564      4.45     60388    677224        20
01:53:42     63816300  63650576   1792568      2.73         0    395916   2965564      4.45     60388    677224        24
01:53:43     63812536  63646812   1796332      2.74         0    395932   2969964      4.46     60392    679360        40
01:53:44     63813772  63648096   1795096      2.74         0    395980   2965564      4.45     60416    677212        40
01:53:45     63813788  63648112   1795080      2.74         0    395980   2965564      4.45     60416    677212        40
01:53:46     63813788  63648112   1795080      2.74         0    395992   2965564      4.45     60416    677212        52
01:53:47     63813788  63648112   1795080      2.74         0    396000   2965564      4.45     60416    677212        60
01:53:48     63813788  63648112   1795080      2.74         0    396000   2965564      4.45     60416    677212        60
01:53:49     63813788  63648112   1795080      2.74         0    396000   2965564      4.45     60416    677212        60
01:53:50     63813788  63648112   1795080      2.74         0    396000   2965564      4.45     60416    677212        64
01:53:51     63813788  63648112   1795080      2.74         0    396000   2965564      4.45     60416    677208        64
01:53:52     63813788  63648112   1795080      2.74         0    396004   2965564      4.45     60416    677208        68
01:53:53     63813220  63647604   1795648      2.74         0    396036   2966112      4.45     60416    677796        40
01:53:54     63793628  63628044   1815240      2.77         0    396044   2991032      4.49     60412    699732      2520
01:53:55     63795968  63630672   1812900      2.76         0    396320   3014860      4.53     60524    702080      2952
