Linux 6.6.23 (eternity1) 	05/24/25 	_x86_64_	(40 CPU)

01:52:15    kbmemfree   kbavail kbmemused  %memused kbbuffers  kbcached  kbcommit   %commit  kbactive   kbinact   kbdirty
01:52:16     63811276  63646312   1797592      2.74         0    396752   2966108      4.45     60808    678496      4872
01:52:17     63811728  63646768   1797140      2.74         0    396756   2966108      4.45     60792    678084      4880
01:52:18     63811528  63646568   1797340      2.74         0    396756   2966108      4.45     60792    678024      4880
01:52:19     63811224  63646264   1797644      2.74         0    396764   2966108      4.45     60792    678024      4888
01:52:20     63810984  63646024   1797884      2.74         0    396768   2966108      4.45     60792    678024      4892
01:52:21     63810992  63646032   1797876      2.74         0    396772   2966108      4.45     60792    678024      4896
01:52:22     63811304  63646344   1797564      2.74         0    396776   2966108      4.45     60792    678024      4900
01:52:23     63811304  63646344   1797564      2.74         0    396780   2966108      4.45     60792    678024      4904
01:52:24     63813452  63648492   1795416      2.74         0    396784   2966108      4.45     60792    678144      4908
01:52:25     63813844  63648884   1795024      2.74         0    396796   2966108      4.45     60792    678056       900
01:52:26     63813844  63648884   1795024      2.74         0    396796   2966108      4.45     60792    678132       912
01:52:27     63814112  63649152   1794756      2.74         0    396800   2966108      4.45     60792    678084       736
01:52:28     63813304  63648344   1795564      2.74         0    396804   2966108      4.45     60792    678088       740
01:52:29     63790584  63625724   1818284      2.77         0    396820   2990472      4.49     60820    700516      2260
01:52:30     63790708  63626048   1818160      2.77         0    397000   2987880      4.49     60884    697640      3336
01:52:31     63809776  63645196   1799092      2.74         0    397072   2965560      4.45     60892    677860      3216
01:52:32     63810660  63646080   1798208      2.74         0    397072   2965560      4.45     60892    677860      3216
01:52:33     63810660  63646080   1798208      2.74         0    397080   2965560      4.45     60892    677860      3224
01:52:34     63810660  63646080   1798208      2.74         0    397084   2965560      4.45     60892    677860      3228
01:52:35     63811596  63647016   1797272      2.74         0    397092   2965560      4.45     60892    677860      3236
01:52:36     63811596  63647016   1797272      2.74         0    397096   2965560      4.45     60892    677860      3240
01:52:37     63811608  63647028   1797260      2.74         0    397100   2965560      4.45     60892    677860      3244
01:52:38     63811608  63647028   1797260      2.74         0    397100   2965560      4.45     60892    677860      3244
01:52:39     63811608  63647028   1797260      2.74         0    397100   2965560      4.45     60892    677860      3244
01:52:40     63811608  63647028   1797260      2.74         0    397116   2965560      4.45     60892    677860      3260
01:52:41     63809956  63645460   1798912      2.74         0    397168   2969960      4.46     60940    680984         8
01:52:42     63809956  63645460   1798912      2.74         0    397168   2965560      4.45     60920    677932        20
01:52:43     63810736  63646240   1798132      2.74         0    397176   2965560      4.45     60920    677932        28
01:52:44     63810740  63646244   1798128      2.74         0    397180   2965560      4.45     60920    677932        32
01:52:45     63810756  63646260   1798112      2.74         0    397188   2965560      4.45     60920    677932        40
01:52:46     63810756  63646260   1798112      2.74         0    397192   2965560      4.45     60920    677932        48
01:52:47     63810756  63646260   1798112      2.74         0    397192   2965560      4.45     60920    677932        52
01:52:48     63810756  63646260   1798112      2.74         0    397196   2965560      4.45     60920    677932        36
01:52:49     63810756  63646284   1798112      2.74         0    397204   2965560      4.45     60920    677992        44
01:52:50     63810756  63646284   1798112      2.74         0    397216   2965560      4.45     60920    677992        56
01:52:51     63811864  63647400   1797004      2.74         0    397220   2966108      4.45     60920    678504         4
01:52:52     63792532  63628144   1816336      2.77         0    397300   2987548      4.49     60944    697840      2264
01:52:53     63791992  63627744   1816876      2.77         0    397408   2988756      4.49     61020    699336      3608
