Linux 6.6.23 (eternity2) 	05/24/25 	_x86_64_	(40 CPU)

01:52:26        CPU     %user     %nice   %system   %iowait    %steal     %idle
01:52:27        all      2.18      0.00      0.78      0.75      0.00     96.30
01:52:27          0      0.98      0.00      4.90      1.96      0.00     92.16
01:52:27          1     15.15      0.00      3.03     18.18      0.00     63.64
01:52:27          2      0.00      0.00      0.00      0.00      0.00    100.00
01:52:27          3      0.00      0.00      1.00      1.00      0.00     98.00
01:52:27          4      0.00      0.00      0.00      0.00      0.00    100.00
01:52:27          5      0.00      0.00      0.99      0.00      0.00     99.01
01:52:27          6      0.00      0.00      0.00      0.00      0.00    100.00
01:52:27          7      0.00      0.00      0.00      0.00      0.00    100.00
01:52:27          8      0.00      0.00      0.00      0.00      0.00    100.00
01:52:27          9      1.00      0.00      2.00      1.00      0.00     96.00
01:52:27         10     42.86      0.00      8.16      0.00      0.00     48.98
01:52:27         11      4.08      0.00      0.00      0.00      0.00     95.92
01:52:27         12      0.00      0.00      0.00      0.00      0.00    100.00
01:52:27         13      0.00      0.00      0.00      0.00      0.00    100.00
01:52:27         14      0.00      0.00      0.00      0.00      0.00    100.00
01:52:27         15      0.00      0.00      0.00      0.00      0.00    100.00
01:52:27         16      0.00      0.00      0.00      0.00      0.00    100.00
01:52:27         17      0.99      0.00      0.00      0.00      0.00     99.01
01:52:27         18      0.00      0.00      0.99      0.00      0.00     99.01
01:52:27         19      1.98      0.00      0.00      0.00      0.00     98.02
01:52:27         20      0.00      0.00      0.00      0.00      0.00    100.00
01:52:27         21      0.00      0.00      0.00      0.00      0.00    100.00
01:52:27         22      0.00      0.00      0.00      0.00      0.00    100.00
01:52:27         23      0.00      0.00      0.00      0.00      0.00    100.00
01:52:27         24      0.00      0.00      0.00      0.00      0.00    100.00
01:52:27         25      0.00      0.00      0.00      1.01      0.00     98.99
01:52:27         26      0.00      0.00      0.00      0.00      0.00    100.00
01:52:27         27      1.00      0.00      1.00      5.00      0.00     93.00
01:52:27         28      5.05      0.00      0.00      0.00      0.00     94.95
01:52:27         29      0.00      0.00      0.00      0.00      0.00    100.00
01:52:27         30      4.00      0.00      2.00      0.00      0.00     94.00
01:52:27         31      0.00      0.00      1.00      0.00      0.00     99.00
01:52:27         32      1.00      0.00      1.00      0.00      0.00     98.00
01:52:27         33      1.00      0.00      1.00      0.00      0.00     98.00
01:52:27         34      0.99      0.00      0.99      0.00      0.00     98.02
01:52:27         35      1.00      0.00      0.00      0.00      0.00     99.00
01:52:27         36      0.00      0.00      0.99      0.00      0.00     99.01
01:52:27         37      0.00      0.00      0.99      0.00      0.00     99.01
01:52:27         38      8.00      0.00      1.00      0.00      0.00     91.00
01:52:27         39      0.00      0.00      0.00      0.00      0.00    100.00

01:52:27        CPU     %user     %nice   %system   %iowait    %steal     %idle
01:52:28        all      1.80      0.00      0.50      0.00      0.00     97.70
01:52:28          0      0.99      0.00      0.99      0.00      0.00     98.02
01:52:28          1      0.00      0.00      1.01      0.00      0.00     98.99
01:52:28          2     11.00      0.00      1.00      0.00      0.00     88.00
01:52:28          3      0.00      0.00      1.00      0.00      0.00     99.00
01:52:28          4      2.00      0.00      0.00      0.00      0.00     98.00
01:52:28          5      0.00      0.00      1.00      0.00      0.00     99.00
01:52:28          6      1.00      0.00      0.00      0.00      0.00     99.00
01:52:28          7      0.00      0.00      0.00      0.00      0.00    100.00
01:52:28          8      2.97      0.00      0.99      0.00      0.00     96.04
01:52:28          9      0.00      0.00      0.00      0.00      0.00    100.00
01:52:28         10      0.00      0.00      0.00      0.00      0.00    100.00
01:52:28         11      0.00      0.00      0.00      0.00      0.00    100.00
01:52:28         12      0.00      0.00      0.00      0.00      0.00    100.00
01:52:28         13      1.00      0.00      1.00      0.00      0.00     98.00
01:52:28         14      0.00      0.00      1.00      0.00      0.00     99.00
01:52:28         15      1.00      0.00      0.00      0.00      0.00     99.00
01:52:28         16      0.00      0.00      0.00      0.00      0.00    100.00
01:52:28         17      0.00      0.00      1.00      0.00      0.00     99.00
01:52:28         18      0.00      0.00      0.00      0.00      0.00    100.00
01:52:28         19      0.00      0.00      0.00      0.00      0.00    100.00
01:52:28         20      0.00      0.00      0.00      0.00      0.00    100.00
01:52:28         21      0.00      0.00      0.00      0.00      0.00    100.00
01:52:28         22      0.00      0.00      0.00      0.00      0.00    100.00
01:52:28         23      0.00      0.00      0.00      0.00      0.00    100.00
01:52:28         24      0.00      0.00      0.00      0.00      0.00    100.00
01:52:28         25      0.00      0.00      0.00      0.00      0.00    100.00
01:52:28         26      0.00      0.00      1.00      0.00      0.00     99.00
01:52:28         27      0.00      0.00      0.00      0.00      0.00    100.00
01:52:28         28     45.54      0.00      7.92      0.00      0.00     46.53
01:52:28         29      4.95      0.00      0.99      0.00      0.00     94.06
01:52:28         30      0.00      0.00      0.00      0.00      0.00    100.00
01:52:28         31      1.01      0.00      1.01      0.00      0.00     97.98
01:52:28         32      0.00      0.00      0.00      0.00      0.00    100.00
01:52:28         33      0.00      0.00      0.00      0.00      0.00    100.00
01:52:28         34      1.01      0.00      0.00      0.00      0.00     98.99
01:52:28         35      0.00      0.00      0.00      0.00      0.00    100.00
01:52:28         36      0.00      0.00      0.00      0.00      0.00    100.00
01:52:28         37      1.00      0.00      0.00      0.00      0.00     99.00
01:52:28         38      0.00      0.00      0.99      0.00      0.00     99.01
01:52:28         39      0.00      0.00      0.00      0.00      0.00    100.00

01:52:28        CPU     %user     %nice   %system   %iowait    %steal     %idle
01:52:29        all      1.37      0.00      0.37      0.10      0.00     98.15
01:52:29          0      0.99      0.00      0.99      0.00      0.00     98.02
01:52:29          1      1.00      0.00      0.00      0.00      0.00     99.00
01:52:29          2     41.58      0.00      6.93      0.00      0.00     51.49
01:52:29          3      0.99      0.00      0.99      0.00      0.00     98.02
01:52:29          4      0.00      0.00      1.00      3.00      0.00     96.00
01:52:29          5      1.00      0.00      0.00      0.00      0.00     99.00
01:52:29          6      0.00      0.00      0.99      0.00      0.00     99.01
01:52:29          7      0.00      0.00      0.00      0.00      0.00    100.00
01:52:29          8      0.00      0.00      0.00      0.00      0.00    100.00
01:52:29          9      1.00      0.00      0.00      0.00      0.00     99.00
01:52:29         10      7.00      0.00      1.00      0.00      0.00     92.00
01:52:29         11      0.00      0.00      0.00      0.00      0.00    100.00
01:52:29         12      0.00      0.00      0.00      0.00      0.00    100.00
01:52:29         13      0.99      0.00      0.99      0.00      0.00     98.02
01:52:29         14      0.99      0.00      0.00      0.00      0.00     99.01
01:52:29         15      0.00      0.00      0.00      0.00      0.00    100.00
01:52:29         16      0.00      0.00      0.00      0.00      0.00    100.00
01:52:29         17      1.00      0.00      0.00      0.00      0.00     99.00
01:52:29         18      0.00      0.00      0.00      0.00      0.00    100.00
01:52:29         19      0.00      0.00      1.00      0.00      0.00     99.00
01:52:29         20      0.00      0.00      0.00      0.00      0.00    100.00
01:52:29         21      0.00      0.00      0.00      0.00      0.00    100.00
01:52:29         22      0.00      0.00      0.00      0.00      0.00    100.00
01:52:29         23      0.00      0.00      0.00      0.00      0.00    100.00
01:52:29         24      0.00      0.00      0.00      0.00      0.00    100.00
01:52:29         25      0.00      0.00      0.00      0.00      0.00    100.00
01:52:29         26      0.00      0.00      0.00      0.00      0.00    100.00
01:52:29         27      0.00      0.00      0.00      0.00      0.00    100.00
01:52:29         28      0.00      0.00      0.00      0.00      0.00    100.00
01:52:29         29      0.00      0.00      0.00      0.00      0.00    100.00
01:52:29         30      0.00      0.00      0.00      0.00      0.00    100.00
01:52:29         31      0.00      0.00      0.00      0.00      0.00    100.00
01:52:29         32      0.00      0.00      0.00      0.00      0.00    100.00
01:52:29         33      0.00      0.00      0.00      0.00      0.00    100.00
01:52:29         34      0.00      0.00      0.00      0.00      0.00    100.00
01:52:29         35      0.00      0.00      0.00      0.00      0.00    100.00
01:52:29         36      0.00      0.00      0.00      0.00      0.00    100.00
01:52:29         37      0.00      0.00      0.00      0.00      0.00    100.00
01:52:29         38      0.00      0.00      0.00      0.00      0.00    100.00
01:52:29         39      0.00      0.00      0.00      0.00      0.00    100.00

01:52:29        CPU     %user     %nice   %system   %iowait    %steal     %idle
01:52:30        all      0.00      0.00      0.03      0.00      0.00     99.97
01:52:30          0      0.00      0.00      0.00      0.00      0.00    100.00
01:52:30          1      0.00      0.00      0.00      0.00      0.00    100.00
01:52:30          2      0.00      0.00      0.00      0.00      0.00    100.00
01:52:30          3      0.00      0.00      0.00      0.00      0.00    100.00
01:52:30          4      0.00      0.00      0.00      0.00      0.00    100.00
01:52:30          5      0.00      0.00      0.00      0.00      0.00    100.00
01:52:30          6      0.00      0.00      0.00      0.00      0.00    100.00
01:52:30          7      0.00      0.00      0.00      0.00      0.00    100.00
01:52:30          8      0.00      0.00      0.00      0.00      0.00    100.00
01:52:30          9      0.00      0.00      0.00      0.00      0.00    100.00
01:52:30         10      0.00      0.00      0.00      0.00      0.00    100.00
01:52:30         11      0.00      0.00      0.00      0.00      0.00    100.00
01:52:30         12      0.00      0.00      0.00      0.00      0.00    100.00
01:52:30         13      0.00      0.00      0.00      0.00      0.00    100.00
01:52:30         14      0.00      0.00      0.00      0.00      0.00    100.00
01:52:30         15      0.00      0.00      0.00      0.00      0.00    100.00
01:52:30         16      0.00      0.00      0.00      0.00      0.00    100.00
01:52:30         17      0.00      0.00      0.00      0.00      0.00    100.00
01:52:30         18      0.00      0.00      0.00      0.00      0.00    100.00
01:52:30         19      0.00      0.00      0.00      0.00      0.00    100.00
01:52:30         20      0.00      0.00      0.00      0.00      0.00    100.00
01:52:30         21      0.00      0.00      0.00      0.00      0.00    100.00
01:52:30         22      0.00      0.00      0.00      0.00      0.00    100.00
01:52:30         23      0.00      0.00      0.00      0.00      0.00    100.00
01:52:30         24      0.00      0.00      0.00      0.00      0.00    100.00
01:52:30         25      0.00      0.00      0.00      0.00      0.00    100.00
01:52:30         26      0.00      0.00      0.00      0.00      0.00    100.00
01:52:30         27      0.00      0.00      0.00      0.00      0.00    100.00
01:52:30         28      0.00      0.00      0.00      0.00      0.00    100.00
01:52:30         29      0.00      0.00      0.00      0.00      0.00    100.00
01:52:30         30      0.00      0.00      0.00      0.00      0.00    100.00
01:52:30         31      0.00      0.00      0.00      0.00      0.00    100.00
01:52:30         32      0.00      0.00      0.00      0.00      0.00    100.00
01:52:30         33      0.00      0.00      0.99      0.00      0.00     99.01
01:52:30         34      0.00      0.00      0.00      0.00      0.00    100.00
01:52:30         35      0.00      0.00      0.99      0.00      0.00     99.01
01:52:30         36      0.00      0.00      0.00      0.00      0.00    100.00
01:52:30         37      0.00      0.00      0.00      0.00      0.00    100.00
01:52:30         38      0.00      0.00      0.00      0.00      0.00    100.00
01:52:30         39      0.00      0.00      0.00      0.00      0.00    100.00

01:52:30        CPU     %user     %nice   %system   %iowait    %steal     %idle
01:52:31        all      0.03      0.00      0.00      0.00      0.00     99.98
01:52:31          0      0.00      0.00      0.00      0.00      0.00    100.00
01:52:31          1      0.00      0.00      0.00      0.00      0.00    100.00
01:52:31          2      0.00      0.00      0.00      0.00      0.00    100.00
01:52:31          3      0.00      0.00      0.00      0.00      0.00    100.00
01:52:31          4      0.00      0.00      0.00      0.00      0.00    100.00
01:52:31          5      0.00      0.00      0.00      0.00      0.00    100.00
01:52:31          6      0.00      0.00      0.00      0.00      0.00    100.00
01:52:31          7      0.00      0.00      0.00      0.00      0.00    100.00
01:52:31          8      0.00      0.00      0.00      0.00      0.00    100.00
01:52:31          9      0.00      0.00      0.00      0.00      0.00    100.00
01:52:31         10      0.00      0.00      0.00      0.00      0.00    100.00
01:52:31         11      0.00      0.00      0.00      0.00      0.00    100.00
01:52:31         12      0.00      0.00      0.00      0.00      0.00    100.00
01:52:31         13      0.00      0.00      0.00      0.00      0.00    100.00
01:52:31         14      0.00      0.00      0.00      0.00      0.00    100.00
01:52:31         15      0.00      0.00      0.00      0.00      0.00    100.00
01:52:31         16      0.00      0.00      0.00      0.00      0.00    100.00
01:52:31         17      0.00      0.00      0.00      0.00      0.00    100.00
01:52:31         18      0.00      0.00      0.00      0.00      0.00    100.00
01:52:31         19      0.00      0.00      0.00      0.00      0.00    100.00
01:52:31         20      0.00      0.00      0.00      0.00      0.00    100.00
01:52:31         21      0.00      0.00      0.00      0.00      0.00    100.00
01:52:31         22      0.00      0.00      0.00      0.00      0.00    100.00
01:52:31         23      0.00      0.00      0.00      0.00      0.00    100.00
01:52:31         24      0.00      0.00      0.00      0.00      0.00    100.00
01:52:31         25      0.00      0.00      0.00      0.00      0.00    100.00
01:52:31         26      0.00      0.00      0.00      0.00      0.00    100.00
01:52:31         27      0.00      0.00      0.00      0.00      0.00    100.00
01:52:31         28      0.00      0.00      0.00      0.00      0.00    100.00
01:52:31         29      0.00      0.00      0.00      0.00      0.00    100.00
01:52:31         30      0.00      0.00      0.00      0.00      0.00    100.00
01:52:31         31      0.00      0.00      0.00      0.00      0.00    100.00
01:52:31         32      0.00      0.00      0.00      0.00      0.00    100.00
01:52:31         33      0.00      0.00      0.00      0.00      0.00    100.00
01:52:31         34      0.00      0.00      0.00      0.00      0.00    100.00
01:52:31         35      0.00      0.00      0.00      0.00      0.00    100.00
01:52:31         36      0.00      0.00      0.00      0.00      0.00    100.00
01:52:31         37      0.00      0.00      0.00      0.00      0.00    100.00
01:52:31         38      0.00      0.00      0.00      0.00      0.00    100.00
01:52:31         39      0.00      0.00      0.00      0.00      0.00    100.00

01:52:31        CPU     %user     %nice   %system   %iowait    %steal     %idle
01:52:32        all      0.00      0.00      0.03      0.00      0.00     99.97
01:52:32          0      0.00      0.00      0.00      0.00      0.00    100.00
01:52:32          1      0.00      0.00      0.00      0.00      0.00    100.00
01:52:32          2      0.00      0.00      0.00      0.00      0.00    100.00
01:52:32          3      0.00      0.00      0.00      0.00      0.00    100.00
01:52:32          4      0.00      0.00      0.00      0.00      0.00    100.00
01:52:32          5      0.00      0.00      0.00      0.00      0.00    100.00
01:52:32          6      0.00      0.00      0.00      0.00      0.00    100.00
01:52:32          7      0.00      0.00      0.00      0.00      0.00    100.00
01:52:32          8      0.00      0.00      0.00      0.00      0.00    100.00
01:52:32          9      0.00      0.00      0.00      0.00      0.00    100.00
01:52:32         10      0.00      0.00      0.00      0.00      0.00    100.00
01:52:32         11      0.00      0.00      0.00      0.00      0.00    100.00
01:52:32         12      0.00      0.00      0.00      0.00      0.00    100.00
01:52:32         13      0.00      0.00      0.00      0.00      0.00    100.00
01:52:32         14      0.00      0.00      0.00      0.00      0.00    100.00
01:52:32         15      0.00      0.00      0.00      0.00      0.00    100.00
01:52:32         16      0.00      0.00      0.00      0.00      0.00    100.00
01:52:32         17      0.00      0.00      0.00      0.00      0.00    100.00
01:52:32         18      0.00      0.00      0.00      0.00      0.00    100.00
01:52:32         19      0.00      0.00      0.00      0.00      0.00    100.00
01:52:32         20      0.00      0.00      0.00      0.00      0.00    100.00
01:52:32         21      0.00      0.00      0.00      0.00      0.00    100.00
01:52:32         22      0.00      0.00      0.00      0.00      0.00    100.00
01:52:32         23      0.00      0.00      0.00      0.00      0.00    100.00
01:52:32         24      0.00      0.00      0.00      0.00      0.00    100.00
01:52:32         25      0.00      0.00      0.00      0.00      0.00    100.00
01:52:32         26      0.00      0.00      0.00      0.00      0.00    100.00
01:52:32         27      0.00      0.00      0.00      0.00      0.00    100.00
01:52:32         28      0.00      0.00      0.00      0.00      0.00    100.00
01:52:32         29      0.00      0.00      0.00      0.00      0.00    100.00
01:52:32         30      0.00      0.00      0.00      0.00      0.00    100.00
01:52:32         31      0.00      0.00      0.00      0.00      0.00    100.00
01:52:32         32      0.00      0.00      0.00      0.00      0.00    100.00
01:52:32         33      0.00      0.00      0.00      0.00      0.00    100.00
01:52:32         34      0.00      0.00      0.00      0.00      0.00    100.00
01:52:32         35      0.00      0.00      0.00      0.00      0.00    100.00
01:52:32         36      0.00      0.00      0.00      0.00      0.00    100.00
01:52:32         37      0.00      0.00      0.00      0.00      0.00    100.00
01:52:32         38      0.00      0.00      0.00      0.00      0.00    100.00
01:52:32         39      0.00      0.00      0.00      0.00      0.00    100.00

01:52:32        CPU     %user     %nice   %system   %iowait    %steal     %idle
01:52:33        all      0.00      0.00      0.00      0.00      0.00    100.00
01:52:33          0      0.00      0.00      0.00      0.00      0.00    100.00
01:52:33          1      0.00      0.00      0.00      0.00      0.00    100.00
01:52:33          2      0.00      0.00      0.00      0.00      0.00    100.00
01:52:33          3      0.00      0.00      0.00      0.00      0.00    100.00
01:52:33          4      0.00      0.00      0.00      0.00      0.00    100.00
01:52:33          5      0.00      0.00      0.00      0.00      0.00    100.00
01:52:33          6      0.00      0.00      0.00      0.00      0.00    100.00
01:52:33          7      0.00      0.00      0.00      0.00      0.00    100.00
01:52:33          8      0.00      0.00      0.00      0.00      0.00    100.00
01:52:33          9      0.00      0.00      0.00      0.00      0.00    100.00
01:52:33         10      0.00      0.00      0.00      0.00      0.00    100.00
01:52:33         11      0.00      0.00      0.00      0.00      0.00    100.00
01:52:33         12      0.00      0.00      0.00      0.00      0.00    100.00
01:52:33         13      0.00      0.00      0.00      0.00      0.00    100.00
01:52:33         14      0.00      0.00      0.00      0.00      0.00    100.00
01:52:33         15      0.00      0.00      0.00      0.00      0.00    100.00
01:52:33         16      0.00      0.00      0.00      0.00      0.00    100.00
01:52:33         17      0.00      0.00      0.00      0.00      0.00    100.00
01:52:33         18      0.00      0.00      0.00      0.00      0.00    100.00
01:52:33         19      0.00      0.00      0.00      0.00      0.00    100.00
01:52:33         20      0.00      0.00      0.00      0.00      0.00    100.00
01:52:33         21      0.00      0.00      0.00      0.00      0.00    100.00
01:52:33         22      0.00      0.00      0.00      0.00      0.00    100.00
01:52:33         23      0.00      0.00      0.00      0.00      0.00    100.00
01:52:33         24      0.00      0.00      0.00      0.00      0.00    100.00
01:52:33         25      0.00      0.00      0.00      0.00      0.00    100.00
01:52:33         26      0.00      0.00      0.00      0.00      0.00    100.00
01:52:33         27      0.00      0.00      0.00      0.00      0.00    100.00
01:52:33         28      0.00      0.00      0.00      0.00      0.00    100.00
01:52:33         29      0.00      0.00      0.00      0.00      0.00    100.00
01:52:33         30      0.00      0.00      0.00      0.00      0.00    100.00
01:52:33         31      0.00      0.00      0.00      0.00      0.00    100.00
01:52:33         32      0.00      0.00      0.00      0.00      0.00    100.00
01:52:33         33      0.00      0.00      0.00      0.00      0.00    100.00
01:52:33         34      0.00      0.00      0.00      0.00      0.00    100.00
01:52:33         35      0.00      0.00      0.00      0.00      0.00    100.00
01:52:33         36      0.00      0.00      0.00      0.00      0.00    100.00
01:52:33         37      0.00      0.00      0.00      0.00      0.00    100.00
01:52:33         38      0.00      0.00      0.00      0.00      0.00    100.00
01:52:33         39      0.00      0.00      0.00      0.00      0.00    100.00

01:52:33        CPU     %user     %nice   %system   %iowait    %steal     %idle
01:52:34        all      0.00      0.00      0.00      0.00      0.00    100.00
01:52:34          0      0.00      0.00      0.00      0.00      0.00    100.00
01:52:34          1      0.00      0.00      0.00      0.00      0.00    100.00
01:52:34          2      0.00      0.00      0.00      0.00      0.00    100.00
01:52:34          3      0.00      0.00      0.00      0.00      0.00    100.00
01:52:34          4      0.00      0.00      0.00      0.00      0.00    100.00
01:52:34          5      0.00      0.00      0.00      0.00      0.00    100.00
01:52:34          6      0.00      0.00      0.00      0.00      0.00    100.00
01:52:34          7      0.00      0.00      0.00      0.00      0.00    100.00
01:52:34          8      0.00      0.00      0.00      0.00      0.00    100.00
01:52:34          9      0.00      0.00      0.00      0.00      0.00    100.00
01:52:34         10      0.00      0.00      0.00      0.00      0.00    100.00
01:52:34         11      0.00      0.00      0.00      0.00      0.00    100.00
01:52:34         12      0.00      0.00      0.00      0.00      0.00    100.00
01:52:34         13      0.00      0.00      0.00      0.00      0.00    100.00
01:52:34         14      0.00      0.00      0.00      0.00      0.00    100.00
01:52:34         15      0.00      0.00      0.00      0.00      0.00    100.00
01:52:34         16      0.00      0.00      0.00      0.00      0.00    100.00
01:52:34         17      0.00      0.00      0.00      0.00      0.00    100.00
01:52:34         18      0.00      0.00      0.00      0.00      0.00    100.00
01:52:34         19      0.00      0.00      0.00      0.00      0.00    100.00
01:52:34         20      0.00      0.00      0.00      0.00      0.00    100.00
01:52:34         21      0.00      0.00      0.00      0.00      0.00    100.00
01:52:34         22      0.00      0.00      0.00      0.00      0.00    100.00
01:52:34         23      0.00      0.00      0.00      0.00      0.00    100.00
01:52:34         24      0.00      0.00      0.00      0.00      0.00    100.00
01:52:34         25      0.00      0.00      0.00      0.00      0.00    100.00
01:52:34         26      0.00      0.00      0.00      0.00      0.00    100.00
01:52:34         27      0.00      0.00      0.00      0.00      0.00    100.00
01:52:34         28      0.00      0.00      0.00      0.00      0.00    100.00
01:52:34         29      0.00      0.00      0.00      0.00      0.00    100.00
01:52:34         30      0.00      0.00      0.00      0.00      0.00    100.00
01:52:34         31      0.00      0.00      0.00      0.00      0.00    100.00
01:52:34         32      0.00      0.00      0.00      0.00      0.00    100.00
01:52:34         33      0.00      0.00      0.00      0.00      0.00    100.00
01:52:34         34      0.00      0.00      0.00      0.00      0.00    100.00
01:52:34         35      0.00      0.00      0.00      0.00      0.00    100.00
01:52:34         36      0.00      0.00      0.00      0.00      0.00    100.00
01:52:34         37      0.00      0.00      0.00      0.00      0.00    100.00
01:52:34         38      0.00      0.00      0.00      0.00      0.00    100.00
01:52:34         39      0.00      0.00      0.00      0.00      0.00    100.00

01:52:34        CPU     %user     %nice   %system   %iowait    %steal     %idle
01:52:35        all      0.00      0.00      0.00      0.00      0.00    100.00
01:52:35          0      0.00      0.00      0.00      0.00      0.00    100.00
01:52:35          1      0.00      0.00      0.00      0.00      0.00    100.00
01:52:35          2      0.00      0.00      0.00      0.00      0.00    100.00
01:52:35          3      0.00      0.00      0.00      0.00      0.00    100.00
01:52:35          4      0.00      0.00      0.00      0.00      0.00    100.00
01:52:35          5      0.00      0.00      0.00      0.00      0.00    100.00
01:52:35          6      0.00      0.00      0.00      0.00      0.00    100.00
01:52:35          7      0.00      0.00      0.00      0.00      0.00    100.00
01:52:35          8      0.00      0.00      0.00      0.00      0.00    100.00
01:52:35          9      0.00      0.00      0.00      0.00      0.00    100.00
01:52:35         10      0.00      0.00      0.00      0.00      0.00    100.00
01:52:35         11      0.00      0.00      0.00      0.00      0.00    100.00
01:52:35         12      0.00      0.00      0.00      0.00      0.00    100.00
01:52:35         13      0.00      0.00      0.00      0.00      0.00    100.00
01:52:35         14      0.00      0.00      0.00      0.00      0.00    100.00
01:52:35         15      0.00      0.00      0.00      0.00      0.00    100.00
01:52:35         16      0.00      0.00      0.00      0.00      0.00    100.00
01:52:35         17      0.00      0.00      0.00      0.00      0.00    100.00
01:52:35         18      0.00      0.00      0.00      0.00      0.00    100.00
01:52:35         19      0.00      0.00      0.00      0.00      0.00    100.00
01:52:35         20      0.00      0.00      0.00      0.00      0.00    100.00
01:52:35         21      0.00      0.00      0.00      0.00      0.00    100.00
01:52:35         22      0.00      0.00      0.00      0.00      0.00    100.00
01:52:35         23      0.00      0.00      0.00      0.00      0.00    100.00
01:52:35         24      0.00      0.00      0.00      0.00      0.00    100.00
01:52:35         25      0.00      0.00      0.00      0.00      0.00    100.00
01:52:35         26      0.00      0.00      0.00      0.00      0.00    100.00
01:52:35         27      0.00      0.00      0.00      0.00      0.00    100.00
01:52:35         28      0.00      0.00      0.00      0.00      0.00    100.00
01:52:35         29      0.00      0.00      0.00      0.00      0.00    100.00
01:52:35         30      0.00      0.00      0.00      0.00      0.00    100.00
01:52:35         31      0.00      0.00      0.00      0.00      0.00    100.00
01:52:35         32      0.00      0.00      0.00      0.00      0.00    100.00
01:52:35         33      0.00      0.00      0.00      0.00      0.00    100.00
01:52:35         34      0.00      0.00      0.00      0.00      0.00    100.00
01:52:35         35      0.00      0.00      0.00      0.00      0.00    100.00
01:52:35         36      0.00      0.00      0.00      0.00      0.00    100.00
01:52:35         37      0.00      0.00      0.00      0.00      0.00    100.00
01:52:35         38      0.00      0.00      0.00      0.00      0.00    100.00
01:52:35         39      0.00      0.00      0.00      0.00      0.00    100.00

01:52:35        CPU     %user     %nice   %system   %iowait    %steal     %idle
01:52:36        all      0.00      0.00      0.00      0.00      0.00    100.00
01:52:36          0      0.00      0.00      0.00      0.00      0.00    100.00
01:52:36          1      0.00      0.00      0.00      0.00      0.00    100.00
01:52:36          2      0.00      0.00      0.00      0.00      0.00    100.00
01:52:36          3      0.00      0.00      0.00      0.00      0.00    100.00
01:52:36          4      0.00      0.00      0.00      0.00      0.00    100.00
01:52:36          5      0.00      0.00      0.00      0.00      0.00    100.00
01:52:36          6      0.00      0.00      0.00      0.00      0.00    100.00
01:52:36          7      0.00      0.00      0.00      0.00      0.00    100.00
01:52:36          8      0.00      0.00      0.00      0.00      0.00    100.00
01:52:36          9      0.00      0.00      0.00      0.00      0.00    100.00
01:52:36         10      0.00      0.00      0.00      0.00      0.00    100.00
01:52:36         11      0.00      0.00      0.00      0.00      0.00    100.00
01:52:36         12      0.00      0.00      0.00      0.00      0.00    100.00
01:52:36         13      0.00      0.00      0.00      0.00      0.00    100.00
01:52:36         14      0.00      0.00      0.00      0.00      0.00    100.00
01:52:36         15      0.00      0.00      0.00      0.00      0.00    100.00
01:52:36         16      0.00      0.00      0.00      0.00      0.00    100.00
01:52:36         17      0.00      0.00      0.00      0.00      0.00    100.00
01:52:36         18      0.00      0.00      0.00      0.00      0.00    100.00
01:52:36         19      0.00      0.00      0.00      0.00      0.00    100.00
01:52:36         20      0.00      0.00      0.00      0.00      0.00    100.00
01:52:36         21      0.00      0.00      0.00      0.00      0.00    100.00
01:52:36         22      0.00      0.00      0.00      0.00      0.00    100.00
01:52:36         23      0.00      0.00      0.00      0.00      0.00    100.00
01:52:36         24      0.00      0.00      0.00      0.00      0.00    100.00
01:52:36         25      0.00      0.00      0.00      0.00      0.00    100.00
01:52:36         26      0.00      0.00      0.00      0.00      0.00    100.00
01:52:36         27      0.00      0.00      0.00      0.00      0.00    100.00
01:52:36         28      0.00      0.00      0.00      0.00      0.00    100.00
01:52:36         29      0.00      0.00      0.00      0.00      0.00    100.00
01:52:36         30      0.00      0.00      0.00      0.00      0.00    100.00
01:52:36         31      0.00      0.00      0.00      0.00      0.00    100.00
01:52:36         32      0.00      0.00      0.00      0.00      0.00    100.00
01:52:36         33      0.00      0.00      0.00      0.00      0.00    100.00
01:52:36         34      0.00      0.00      0.00      0.00      0.00    100.00
01:52:36         35      0.00      0.00      0.00      0.00      0.00    100.00
01:52:36         36      0.00      0.00      0.00      0.00      0.00    100.00
01:52:36         37      0.00      0.00      0.00      0.00      0.00    100.00
01:52:36         38      0.00      0.00      0.00      0.00      0.00    100.00
01:52:36         39      0.00      0.00      0.00      0.00      0.00    100.00

01:52:36        CPU     %user     %nice   %system   %iowait    %steal     %idle
01:52:37        all      0.00      0.00      0.00      0.00      0.00    100.00
01:52:37          0      0.00      0.00      0.00      0.00      0.00    100.00
01:52:37          1      0.00      0.00      0.00      0.00      0.00    100.00
01:52:37          2      0.00      0.00      0.00      0.00      0.00    100.00
01:52:37          3      0.00      0.00      0.00      0.00      0.00    100.00
01:52:37          4      0.00      0.00      0.00      0.00      0.00    100.00
01:52:37          5      0.00      0.00      0.00      0.00      0.00    100.00
01:52:37          6      0.00      0.00      0.00      0.00      0.00    100.00
01:52:37          7      0.00      0.00      0.00      0.00      0.00    100.00
01:52:37          8      0.00      0.00      0.00      0.00      0.00    100.00
01:52:37          9      0.00      0.00      0.00      0.00      0.00    100.00
01:52:37         10      0.00      0.00      0.00      0.00      0.00    100.00
01:52:37         11      0.00      0.00      0.00      0.00      0.00    100.00
01:52:37         12      0.00      0.00      0.00      0.00      0.00    100.00
01:52:37         13      0.99      0.00      0.00      0.00      0.00     99.01
01:52:37         14      0.00      0.00      0.00      0.00      0.00    100.00
01:52:37         15      0.00      0.00      0.00      0.00      0.00    100.00
01:52:37         16      0.00      0.00      0.00      0.00      0.00    100.00
01:52:37         17      0.00      0.00      0.00      0.00      0.00    100.00
01:52:37         18      0.00      0.00      0.00      0.00      0.00    100.00
01:52:37         19      0.00      0.00      0.00      0.00      0.00    100.00
01:52:37         20      0.00      0.00      0.00      0.00      0.00    100.00
01:52:37         21      0.00      0.00      0.00      0.00      0.00    100.00
01:52:37         22      0.00      0.00      0.00      0.00      0.00    100.00
01:52:37         23      0.00      0.00      0.00      0.00      0.00    100.00
01:52:37         24      0.00      0.00      0.00      0.00      0.00    100.00
01:52:37         25      0.00      0.00      0.00      0.00      0.00    100.00
01:52:37         26      0.00      0.00      0.00      0.00      0.00    100.00
01:52:37         27      0.00      0.00      0.00      0.00      0.00    100.00
01:52:37         28      0.00      0.00      0.00      0.00      0.00    100.00
01:52:37         29      0.00      0.00      0.00      0.00      0.00    100.00
01:52:37         30      0.00      0.00      0.00      0.00      0.00    100.00
01:52:37         31      0.00      0.00      0.00      0.00      0.00    100.00
01:52:37         32      0.00      0.00      0.00      0.00      0.00    100.00
01:52:37         33      0.00      0.00      0.00      0.00      0.00    100.00
01:52:37         34      0.00      0.00      0.00      0.00      0.00    100.00
01:52:37         35      0.00      0.00      0.00      0.00      0.00    100.00
01:52:37         36      0.00      0.00      0.00      0.00      0.00    100.00
01:52:37         37      0.00      0.00      0.00      0.00      0.00    100.00
01:52:37         38      0.00      0.00      0.00      0.00      0.00    100.00
01:52:37         39      0.00      0.00      0.00      0.00      0.00    100.00

01:52:37        CPU     %user     %nice   %system   %iowait    %steal     %idle
01:52:38        all      0.03      0.00      0.00      0.00      0.00     99.97
01:52:38          0      0.00      0.00      0.00      0.00      0.00    100.00
01:52:38          1      0.00      0.00      0.00      0.00      0.00    100.00
01:52:38          2      0.00      0.00      0.00      0.00      0.00    100.00
01:52:38          3      0.00      0.00      0.00      0.00      0.00    100.00
01:52:38          4      0.00      0.00      0.00      0.00      0.00    100.00
01:52:38          5      0.00      0.00      0.00      0.00      0.00    100.00
01:52:38          6      0.00      0.00      0.00      0.00      0.00    100.00
01:52:38          7      0.00      0.00      0.00      0.00      0.00    100.00
01:52:38          8      0.00      0.00      0.00      0.00      0.00    100.00
01:52:38          9      0.00      0.00      0.00      0.00      0.00    100.00
01:52:38         10      0.00      0.00      0.00      0.00      0.00    100.00
01:52:38         11      0.00      0.00      0.00      0.00      0.00    100.00
01:52:38         12      0.00      0.00      0.00      0.00      0.00    100.00
01:52:38         13      0.00      0.00      0.00      0.00      0.00    100.00
01:52:38         14      0.00      0.00      0.00      0.00      0.00    100.00
01:52:38         15      0.00      0.00      0.00      0.00      0.00    100.00
01:52:38         16      0.00      0.00      0.00      0.00      0.00    100.00
01:52:38         17      0.00      0.00      0.00      0.00      0.00    100.00
01:52:38         18      0.00      0.00      0.00      0.00      0.00    100.00
01:52:38         19      0.00      0.00      0.00      0.00      0.00    100.00
01:52:38         20      0.00      0.00      0.00      0.00      0.00    100.00
01:52:38         21      0.00      0.00      0.00      0.00      0.00    100.00
01:52:38         22      0.00      0.00      0.00      0.00      0.00    100.00
01:52:38         23      0.00      0.00      0.00      0.00      0.00    100.00
01:52:38         24      0.00      0.00      0.00      0.00      0.00    100.00
01:52:38         25      0.00      0.00      0.00      0.00      0.00    100.00
01:52:38         26      0.00      0.00      0.00      0.00      0.00    100.00
01:52:38         27      0.00      0.00      0.00      0.00      0.00    100.00
01:52:38         28      0.00      0.00      0.00      0.00      0.00    100.00
01:52:38         29      0.00      0.00      0.00      0.00      0.00    100.00
01:52:38         30      0.00      0.00      0.00      0.00      0.00    100.00
01:52:38         31      0.00      0.00      0.00      0.00      0.00    100.00
01:52:38         32      0.00      0.00      0.00      0.00      0.00    100.00
01:52:38         33      0.00      0.00      0.00      0.00      0.00    100.00
01:52:38         34      0.00      0.00      0.00      0.00      0.00    100.00
01:52:38         35      0.00      0.00      0.00      0.00      0.00    100.00
01:52:38         36      0.00      0.00      0.00      0.00      0.00    100.00
01:52:38         37      0.00      0.00      0.00      0.00      0.00    100.00
01:52:38         38      0.00      0.00      0.00      0.00      0.00    100.00
01:52:38         39      0.00      0.00      0.00      0.00      0.00    100.00

01:52:38        CPU     %user     %nice   %system   %iowait    %steal     %idle
01:52:39        all      0.00      0.00      0.00      0.00      0.00    100.00
01:52:39          0      0.00      0.00      0.00      0.00      0.00    100.00
01:52:39          1      0.00      0.00      0.00      0.00      0.00    100.00
01:52:39          2      0.00      0.00      0.00      0.00      0.00    100.00
01:52:39          3      0.00      0.00      0.00      0.00      0.00    100.00
01:52:39          4      0.00      0.00      0.00      0.00      0.00    100.00
01:52:39          5      0.00      0.00      0.00      0.00      0.00    100.00
01:52:39          6      0.00      0.00      0.00      0.00      0.00    100.00
01:52:39          7      0.00      0.00      0.00      0.00      0.00    100.00
01:52:39          8      0.00      0.00      0.00      0.00      0.00    100.00
01:52:39          9      0.00      0.00      0.00      0.00      0.00    100.00
01:52:39         10      0.00      0.00      0.00      0.00      0.00    100.00
01:52:39         11      0.00      0.00      0.00      0.00      0.00    100.00
01:52:39         12      0.00      0.00      0.00      0.00      0.00    100.00
01:52:39         13      0.99      0.00      0.00      0.00      0.00     99.01
01:52:39         14      0.00      0.00      0.00      0.00      0.00    100.00
01:52:39         15      0.00      0.00      0.00      0.00      0.00    100.00
01:52:39         16      0.00      0.00      0.00      0.00      0.00    100.00
01:52:39         17      0.00      0.00      0.00      0.00      0.00    100.00
01:52:39         18      0.00      0.00      0.00      0.00      0.00    100.00
01:52:39         19      0.00      0.00      0.00      0.00      0.00    100.00
01:52:39         20      0.00      0.00      0.00      0.00      0.00    100.00
01:52:39         21      0.00      0.00      0.00      0.00      0.00    100.00
01:52:39         22      0.00      0.00      0.00      0.00      0.00    100.00
01:52:39         23      0.00      0.00      0.00      0.00      0.00    100.00
01:52:39         24      0.00      0.00      0.00      0.00      0.00    100.00
01:52:39         25      0.00      0.00      0.00      0.00      0.00    100.00
01:52:39         26      0.00      0.00      0.00      0.00      0.00    100.00
01:52:39         27      0.00      0.00      0.00      0.00      0.00    100.00
01:52:39         28      0.00      0.00      0.00      0.00      0.00    100.00
01:52:39         29      0.00      0.00      0.00      0.00      0.00    100.00
01:52:39         30      0.00      0.00      0.00      0.00      0.00    100.00
01:52:39         31      0.00      0.00      0.00      0.00      0.00    100.00
01:52:39         32      0.00      0.00      0.00      0.00      0.00    100.00
01:52:39         33      0.00      0.00      0.00      0.00      0.00    100.00
01:52:39         34      0.00      0.00      0.00      0.00      0.00    100.00
01:52:39         35      0.00      0.00      0.00      0.00      0.00    100.00
01:52:39         36      0.00      0.00      0.00      0.00      0.00    100.00
01:52:39         37      0.00      0.00      0.00      0.00      0.00    100.00
01:52:39         38      0.00      0.00      0.00      0.00      0.00    100.00
01:52:39         39      0.00      0.00      0.00      0.00      0.00    100.00

01:52:39        CPU     %user     %nice   %system   %iowait    %steal     %idle
01:52:40        all      0.02      0.00      0.02      0.00      0.00     99.95
01:52:40          0      0.00      0.00      0.00      0.00      0.00    100.00
01:52:40          1      0.00      0.00      0.00      0.00      0.00    100.00
01:52:40          2      0.00      0.00      0.00      0.00      0.00    100.00
01:52:40          3      0.00      0.00      0.00      0.00      0.00    100.00
01:52:40          4      0.00      0.00      0.00      0.00      0.00    100.00
01:52:40          5      0.00      0.00      0.00      0.00      0.00    100.00
01:52:40          6      0.00      0.00      0.00      0.00      0.00    100.00
01:52:40          7      0.00      0.00      0.00      0.00      0.00    100.00
01:52:40          8      0.00      0.00      0.00      0.00      0.00    100.00
01:52:40          9      0.00      0.00      0.00      0.00      0.00    100.00
01:52:40         10      0.00      0.00      0.00      0.00      0.00    100.00
01:52:40         11      0.00      0.00      0.00      0.00      0.00    100.00
01:52:40         12      0.00      0.00      0.00      0.00      0.00    100.00
01:52:40         13      0.00      0.00      0.00      0.00      0.00    100.00
01:52:40         14      0.00      0.00      0.00      0.00      0.00    100.00
01:52:40         15      0.00      0.00      0.00      0.00      0.00    100.00
01:52:40         16      0.00      0.00      0.00      0.00      0.00    100.00
01:52:40         17      0.00      0.00      0.00      0.00      0.00    100.00
01:52:40         18      0.00      0.00      0.00      0.00      0.00    100.00
01:52:40         19      0.00      0.00      0.00      0.00      0.00    100.00
01:52:40         20      0.00      0.00      0.00      0.00      0.00    100.00
01:52:40         21      0.00      0.00      0.00      0.00      0.00    100.00
01:52:40         22      0.00      0.00      0.00      0.00      0.00    100.00
01:52:40         23      0.00      0.00      0.00      0.00      0.00    100.00
01:52:40         24      0.00      0.00      0.00      0.00      0.00    100.00
01:52:40         25      0.00      0.00      0.00      0.00      0.00    100.00
01:52:40         26      0.00      0.00      0.00      0.00      0.00    100.00
01:52:40         27      0.00      0.00      0.00      0.00      0.00    100.00
01:52:40         28      0.00      0.00      0.00      0.00      0.00    100.00
01:52:40         29      0.00      0.00      0.00      0.00      0.00    100.00
01:52:40         30      0.00      0.00      0.00      0.00      0.00    100.00
01:52:40         31      0.00      0.00      0.00      0.00      0.00    100.00
01:52:40         32      0.00      0.00      0.00      0.00      0.00    100.00
01:52:40         33      0.00      0.00      0.00      0.00      0.00    100.00
01:52:40         34      0.00      0.00      0.00      0.00      0.00    100.00
01:52:40         35      0.00      0.00      0.00      0.00      0.00    100.00
01:52:40         36      0.00      0.00      0.00      0.00      0.00    100.00
01:52:40         37      0.00      0.00      0.00      0.00      0.00    100.00
01:52:40         38      0.00      0.00      0.00      0.00      0.00    100.00
01:52:40         39      0.00      0.00      0.00      0.00      0.00    100.00

01:52:40        CPU     %user     %nice   %system   %iowait    %steal     %idle
01:52:41        all      1.20      0.00      0.35      0.00      0.00     98.45
01:52:41          0      6.93      0.00      0.99      0.00      0.00     92.08
01:52:41          1      5.00      0.00      2.00      0.00      0.00     93.00
01:52:41          2      6.06      0.00      0.00      0.00      0.00     93.94
01:52:41          3      6.00      0.00      0.00      0.00      0.00     94.00
01:52:41          4      0.00      0.00      0.99      0.00      0.00     99.01
01:52:41          5      0.00      0.00      0.00      0.00      0.00    100.00
01:52:41          6      2.02      0.00      0.00      0.00      0.00     97.98
01:52:41          7      0.00      0.00      0.00      0.00      0.00    100.00
01:52:41          8      0.00      0.00      0.00      0.00      0.00    100.00
01:52:41          9      0.00      0.00      0.00      0.00      0.00    100.00
01:52:41         10      0.00      0.00      0.00      0.00      0.00    100.00
01:52:41         11      0.00      0.00      1.00      0.00      0.00     99.00
01:52:41         12      0.00      0.00      0.00      0.00      0.00    100.00
01:52:41         13      0.99      0.00      0.00      0.00      0.00     99.01
01:52:41         14      0.00      0.00      0.00      0.00      0.00    100.00
01:52:41         15      0.00      0.00      1.00      0.00      0.00     99.00
01:52:41         16      1.00      0.00      1.00      0.00      0.00     98.00
01:52:41         17      0.00      0.00      0.00      0.00      0.00    100.00
01:52:41         18      2.00      0.00      1.00      0.00      0.00     97.00
01:52:41         19      0.00      0.00      0.00      0.00      0.00    100.00
01:52:41         20      0.00      0.00      0.00      0.00      0.00    100.00
01:52:41         21      0.00      0.00      0.00      0.00      0.00    100.00
01:52:41         22      2.00      0.00      0.00      0.00      0.00     98.00
01:52:41         23      0.00      0.00      0.00      0.00      0.00    100.00
01:52:41         24      1.00      0.00      0.00      0.00      0.00     99.00
01:52:41         25      0.00      0.00      0.00      0.00      0.00    100.00
01:52:41         26      6.00      0.00      1.00      0.00      0.00     93.00
01:52:41         27      0.00      0.00      0.00      0.00      0.00    100.00
01:52:41         28      0.00      0.00      0.00      0.00      0.00    100.00
01:52:41         29      3.03      0.00      1.01      0.00      0.00     95.96
01:52:41         30      0.00      0.00      1.00      0.00      0.00     99.00
01:52:41         31      0.00      0.00      0.00      0.00      0.00    100.00
01:52:41         32      0.00      0.00      0.00      0.00      0.00    100.00
01:52:41         33      0.00      0.00      0.00      0.00      0.00    100.00
01:52:41         34      0.00      0.00      0.00      0.00      0.00    100.00
01:52:41         35      0.00      0.00      0.00      0.00      0.00    100.00
01:52:41         36      0.00      0.00      0.00      0.00      0.00    100.00
01:52:41         37      0.00      0.00      1.00      0.00      0.00     99.00
01:52:41         38      1.01      0.00      0.00      0.00      0.00     98.99
01:52:41         39      1.00      0.00      1.00      0.00      0.00     98.00

01:52:41        CPU     %user     %nice   %system   %iowait    %steal     %idle
01:52:42        all      7.45      0.00      1.58      0.20      0.00     90.77
01:52:42          0     14.14      0.00      3.03      3.03      0.00     79.80
01:52:42          1      2.02      0.00      1.01      2.02      0.00     94.95
01:52:42          2     16.00      0.00      4.00      0.00      0.00     80.00
01:52:42          3     11.22      0.00      1.02      0.00      0.00     87.76
01:52:42          4      6.12      0.00      1.02      0.00      0.00     92.86
01:52:42          5      1.00      0.00      2.00      0.00      0.00     97.00
01:52:42          6     28.00      0.00      2.00      0.00      0.00     70.00
01:52:42          7      7.00      0.00      3.00      0.00      0.00     90.00
01:52:42          8     40.00      0.00      5.00      0.00      0.00     55.00
01:52:42          9      8.00      0.00      2.00      0.00      0.00     90.00
01:52:42         10      1.00      0.00      1.00      0.00      0.00     98.00
01:52:42         11      4.04      0.00      1.01      0.00      0.00     94.95
01:52:42         12      1.01      0.00      0.00      0.00      0.00     98.99
01:52:42         13      1.01      0.00      1.01      0.00      0.00     97.98
01:52:42         14      0.00      0.00      1.00      0.00      0.00     99.00
01:52:42         15      0.00      0.00      1.00      0.00      0.00     99.00
01:52:42         16      0.99      0.00      1.98      0.00      0.00     97.03
01:52:42         17      2.97      0.00      0.99      0.00      0.00     96.04
01:52:42         18     37.37      0.00      7.07      0.00      0.00     55.56
01:52:42         19     25.00      0.00      2.00      0.00      0.00     73.00
01:52:42         20     14.71      0.00      1.96      0.00      0.00     83.33
01:52:42         21      0.00      0.00      0.00      0.00      0.00    100.00
01:52:42         22      9.09      0.00      2.02      0.00      0.00     88.89
01:52:42         23      0.00      0.00      0.00      0.00      0.00    100.00
01:52:42         24      0.00      0.00      0.99      0.00      0.00     99.01
01:52:42         25      0.00      0.00      0.00      0.00      0.00    100.00
01:52:42         26     20.00      0.00      3.00      0.00      0.00     77.00
01:52:42         27      0.00      0.00      0.00      0.00      0.00    100.00
01:52:42         28      6.00      0.00      1.00      0.00      0.00     93.00
01:52:42         29      3.03      0.00      2.02      1.01      0.00     93.94
01:52:42         30      1.00      0.00      1.00      0.00      0.00     98.00
01:52:42         31      4.04      0.00      1.01      0.00      0.00     94.95
01:52:42         32      9.90      0.00      1.98      0.00      0.00     88.12
01:52:42         33      4.04      0.00      1.01      0.00      0.00     94.95
01:52:42         34      1.98      0.00      1.98      0.00      0.00     96.04
01:52:42         35      1.00      0.00      0.00      0.00      0.00     99.00
01:52:42         36      0.00      0.00      0.00      0.00      0.00    100.00
01:52:42         37      0.00      0.00      1.01      1.01      0.00     97.98
01:52:42         38      1.00      0.00      1.00      1.00      0.00     97.00
01:52:42         39     15.15      0.00      4.04      0.00      0.00     80.81

01:52:42        CPU     %user     %nice   %system   %iowait    %steal     %idle
01:52:43        all      0.03      0.00      0.00      0.00      0.00     99.97
01:52:43          0      0.00      0.00      0.00      0.00      0.00    100.00
01:52:43          1      0.00      0.00      0.00      0.00      0.00    100.00
01:52:43          2      0.00      0.00      0.00      0.00      0.00    100.00
01:52:43          3      0.00      0.00      0.00      0.00      0.00    100.00
01:52:43          4      0.00      0.00      0.00      0.00      0.00    100.00
01:52:43          5      0.00      0.00      0.00      0.00      0.00    100.00
01:52:43          6      0.00      0.00      0.00      0.00      0.00    100.00
01:52:43          7      1.00      0.00      0.00      0.00      0.00     99.00
01:52:43          8      0.00      0.00      0.00      0.00      0.00    100.00
01:52:43          9      0.00      0.00      0.00      0.00      0.00    100.00
01:52:43         10      0.00      0.00      0.00      0.00      0.00    100.00
01:52:43         11      0.00      0.00      0.00      0.00      0.00    100.00
01:52:43         12      0.00      0.00      0.00      0.00      0.00    100.00
01:52:43         13      0.00      0.00      0.00      0.00      0.00    100.00
01:52:43         14      0.00      0.00      0.00      0.00      0.00    100.00
01:52:43         15      0.00      0.00      0.00      0.00      0.00    100.00
01:52:43         16      0.00      0.00      0.00      0.00      0.00    100.00
01:52:43         17      0.00      0.00      0.00      0.00      0.00    100.00
01:52:43         18      0.00      0.00      0.00      0.00      0.00    100.00
01:52:43         19      0.00      0.00      0.00      0.00      0.00    100.00
01:52:43         20      0.00      0.00      0.00      0.00      0.00    100.00
01:52:43         21      0.00      0.00      0.00      0.00      0.00    100.00
01:52:43         22      0.00      0.00      0.00      0.00      0.00    100.00
01:52:43         23      0.00      0.00      0.00      0.00      0.00    100.00
01:52:43         24      0.00      0.00      0.00      0.00      0.00    100.00
01:52:43         25      0.00      0.00      0.00      0.00      0.00    100.00
01:52:43         26      0.00      0.00      0.00      0.00      0.00    100.00
01:52:43         27      0.00      0.00      0.00      0.00      0.00    100.00
01:52:43         28      0.00      0.00      0.00      0.00      0.00    100.00
01:52:43         29      0.00      0.00      0.00      0.00      0.00    100.00
01:52:43         30      0.00      0.00      0.00      0.00      0.00    100.00
01:52:43         31      0.00      0.00      0.00      0.00      0.00    100.00
01:52:43         32      0.00      0.00      0.00      0.00      0.00    100.00
01:52:43         33      0.00      0.00      0.00      0.00      0.00    100.00
01:52:43         34      0.00      0.00      0.00      0.00      0.00    100.00
01:52:43         35      0.00      0.00      0.00      0.00      0.00    100.00
01:52:43         36      0.00      0.00      0.00      0.00      0.00    100.00
01:52:43         37      0.00      0.00      0.00      0.00      0.00    100.00
01:52:43         38      0.00      0.00      0.00      0.00      0.00    100.00
01:52:43         39      0.00      0.00      0.00      0.00      0.00    100.00

01:52:43        CPU     %user     %nice   %system   %iowait    %steal     %idle
01:52:44        all      0.00      0.00      0.00      0.00      0.00    100.00
01:52:44          0      0.00      0.00      0.00      0.00      0.00    100.00
01:52:44          1      0.00      0.00      0.00      0.00      0.00    100.00
01:52:44          2      0.00      0.00      0.00      0.00      0.00    100.00
01:52:44          3      0.00      0.00      0.00      0.00      0.00    100.00
01:52:44          4      0.00      0.00      0.00      0.00      0.00    100.00
01:52:44          5      0.00      0.00      0.00      0.00      0.00    100.00
01:52:44          6      0.00      0.00      0.00      0.00      0.00    100.00
01:52:44          7      0.00      0.00      0.00      0.00      0.00    100.00
01:52:44          8      0.00      0.00      0.00      0.00      0.00    100.00
01:52:44          9      0.00      0.00      0.00      0.00      0.00    100.00
01:52:44         10      0.00      0.00      0.00      0.00      0.00    100.00
01:52:44         11      0.00      0.00      0.00      0.00      0.00    100.00
01:52:44         12      0.00      0.00      0.00      0.00      0.00    100.00
01:52:44         13      0.00      0.00      0.00      0.00      0.00    100.00
01:52:44         14      0.00      0.00      0.00      0.00      0.00    100.00
01:52:44         15      0.00      0.00      0.00      0.00      0.00    100.00
01:52:44         16      0.00      0.00      0.00      0.00      0.00    100.00
01:52:44         17      0.00      0.00      0.00      0.00      0.00    100.00
01:52:44         18      0.00      0.00      0.00      0.00      0.00    100.00
01:52:44         19      0.00      0.00      0.00      0.00      0.00    100.00
01:52:44         20      0.00      0.00      0.00      0.00      0.00    100.00
01:52:44         21      0.00      0.00      0.00      0.00      0.00    100.00
01:52:44         22      0.00      0.00      0.00      0.00      0.00    100.00
01:52:44         23      0.00      0.00      0.00      0.00      0.00    100.00
01:52:44         24      0.00      0.00      0.00      0.00      0.00    100.00
01:52:44         25      0.00      0.00      0.00      0.00      0.00    100.00
01:52:44         26      0.00      0.00      0.00      0.00      0.00    100.00
01:52:44         27      0.00      0.00      0.00      0.00      0.00    100.00
01:52:44         28      0.00      0.00      0.00      0.00      0.00    100.00
01:52:44         29      0.00      0.00      0.00      0.00      0.00    100.00
01:52:44         30      0.00      0.00      0.00      0.00      0.00    100.00
01:52:44         31      0.00      0.00      0.00      0.00      0.00    100.00
01:52:44         32      0.00      0.00      0.00      0.00      0.00    100.00
01:52:44         33      0.00      0.00      0.00      0.00      0.00    100.00
01:52:44         34      0.00      0.00      0.00      0.00      0.00    100.00
01:52:44         35      0.00      0.00      0.00      0.00      0.00    100.00
01:52:44         36      0.00      0.00      0.00      0.00      0.00    100.00
01:52:44         37      0.00      0.00      0.00      0.00      0.00    100.00
01:52:44         38      0.00      0.00      0.00      0.00      0.00    100.00
01:52:44         39      0.00      0.00      0.00      0.00      0.00    100.00

01:52:44        CPU     %user     %nice   %system   %iowait    %steal     %idle
01:52:45        all      0.00      0.00      0.03      0.08      0.00     99.90
01:52:45          0      0.00      0.00      0.00      0.00      0.00    100.00
01:52:45          1      0.00      0.00      0.00      0.00      0.00    100.00
01:52:45          2      0.00      0.00      0.00      0.00      0.00    100.00
01:52:45          3      0.00      0.00      0.00      0.00      0.00    100.00
01:52:45          4      0.00      0.00      0.00      0.00      0.00    100.00
01:52:45          5      0.00      0.00      0.00      0.00      0.00    100.00
01:52:45          6      0.00      0.00      0.00      0.00      0.00    100.00
01:52:45          7      0.00      0.00      0.00      0.00      0.00    100.00
01:52:45          8      0.00      0.00      0.00      3.00      0.00     97.00
01:52:45          9      0.00      0.00      0.00      0.00      0.00    100.00
01:52:45         10      0.00      0.00      0.00      0.00      0.00    100.00
01:52:45         11      0.00      0.00      0.00      0.00      0.00    100.00
01:52:45         12      0.00      0.00      0.00      0.00      0.00    100.00
01:52:45         13      0.00      0.00      0.99      0.00      0.00     99.01
01:52:45         14      0.00      0.00      0.00      0.00      0.00    100.00
01:52:45         15      0.00      0.00      0.00      0.00      0.00    100.00
01:52:45         16      0.00      0.00      0.00      0.00      0.00    100.00
01:52:45         17      0.00      0.00      0.00      0.00      0.00    100.00
01:52:45         18      0.00      0.00      0.00      0.00      0.00    100.00
01:52:45         19      0.00      0.00      0.00      0.00      0.00    100.00
01:52:45         20      0.00      0.00      0.00      0.00      0.00    100.00
01:52:45         21      0.00      0.00      0.00      0.00      0.00    100.00
01:52:45         22      0.00      0.00      0.00      0.00      0.00    100.00
01:52:45         23      0.00      0.00      0.00      0.00      0.00    100.00
01:52:45         24      0.00      0.00      0.00      0.00      0.00    100.00
01:52:45         25      0.00      0.00      0.00      0.00      0.00    100.00
01:52:45         26      0.00      0.00      0.00      0.00      0.00    100.00
01:52:45         27      0.00      0.00      0.00      0.00      0.00    100.00
01:52:45         28      0.00      0.00      0.00      0.00      0.00    100.00
01:52:45         29      0.00      0.00      0.00      0.00      0.00    100.00
01:52:45         30      0.00      0.00      0.00      0.00      0.00    100.00
01:52:45         31      0.00      0.00      0.00      0.00      0.00    100.00
01:52:45         32      0.00      0.00      0.00      0.00      0.00    100.00
01:52:45         33      0.00      0.00      0.00      0.00      0.00    100.00
01:52:45         34      0.00      0.00      0.00      0.00      0.00    100.00
01:52:45         35      0.00      0.00      0.00      0.00      0.00    100.00
01:52:45         36      0.00      0.00      0.00      0.00      0.00    100.00
01:52:45         37      0.00      0.00      0.00      0.00      0.00    100.00
01:52:45         38      0.00      0.00      0.00      0.00      0.00    100.00
01:52:45         39      0.00      0.00      0.00      0.00      0.00    100.00

01:52:45        CPU     %user     %nice   %system   %iowait    %steal     %idle
01:52:46        all      0.00      0.00      0.00      0.00      0.00    100.00
01:52:46          0      0.00      0.00      0.00      0.00      0.00    100.00
01:52:46          1      0.00      0.00      0.00      0.00      0.00    100.00
01:52:46          2      0.00      0.00      0.00      0.00      0.00    100.00
01:52:46          3      0.00      0.00      0.00      0.00      0.00    100.00
01:52:46          4      0.00      0.00      0.00      0.00      0.00    100.00
01:52:46          5      0.00      0.00      0.00      0.00      0.00    100.00
01:52:46          6      0.00      0.00      0.00      0.00      0.00    100.00
01:52:46          7      0.00      0.00      0.00      0.00      0.00    100.00
01:52:46          8      0.00      0.00      0.00      0.00      0.00    100.00
01:52:46          9      0.00      0.00      0.00      0.00      0.00    100.00
01:52:46         10      0.00      0.00      0.00      0.00      0.00    100.00
01:52:46         11      0.00      0.00      0.00      0.00      0.00    100.00
01:52:46         12      0.00      0.00      0.00      0.00      0.00    100.00
01:52:46         13      0.00      0.00      0.00      0.00      0.00    100.00
01:52:46         14      0.00      0.00      0.00      0.00      0.00    100.00
01:52:46         15      0.00      0.00      0.00      0.00      0.00    100.00
01:52:46         16      0.00      0.00      0.00      0.00      0.00    100.00
01:52:46         17      0.00      0.00      0.00      0.00      0.00    100.00
01:52:46         18      0.00      0.00      0.00      0.00      0.00    100.00
01:52:46         19      0.00      0.00      0.00      0.00      0.00    100.00
01:52:46         20      0.00      0.00      0.00      0.00      0.00    100.00
01:52:46         21      0.00      0.00      0.00      0.00      0.00    100.00
01:52:46         22      0.00      0.00      0.00      0.00      0.00    100.00
01:52:46         23      0.00      0.00      0.00      0.00      0.00    100.00
01:52:46         24      0.00      0.00      0.00      0.00      0.00    100.00
01:52:46         25      0.00      0.00      0.00      0.00      0.00    100.00
01:52:46         26      0.00      0.00      0.00      0.00      0.00    100.00
01:52:46         27      0.00      0.00      0.00      0.00      0.00    100.00
01:52:46         28      0.00      0.00      0.00      0.00      0.00    100.00
01:52:46         29      0.00      0.00      0.00      0.00      0.00    100.00
01:52:46         30      0.00      0.00      0.00      0.00      0.00    100.00
01:52:46         31      0.00      0.00      0.00      0.00      0.00    100.00
01:52:46         32      0.00      0.00      0.00      0.00      0.00    100.00
01:52:46         33      0.00      0.00      0.00      0.00      0.00    100.00
01:52:46         34      0.00      0.00      0.00      0.00      0.00    100.00
01:52:46         35      0.00      0.00      0.00      0.00      0.00    100.00
01:52:46         36      0.00      0.00      0.00      0.00      0.00    100.00
01:52:46         37      0.00      0.00      0.00      0.00      0.00    100.00
01:52:46         38      0.00      0.00      0.00      0.00      0.00    100.00
01:52:46         39      0.00      0.00      0.00      0.00      0.00    100.00

01:52:46        CPU     %user     %nice   %system   %iowait    %steal     %idle
01:52:47        all      0.00      0.00      0.00      0.00      0.00    100.00
01:52:47          0      0.00      0.00      0.00      0.00      0.00    100.00
01:52:47          1      0.00      0.00      0.00      0.00      0.00    100.00
01:52:47          2      0.00      0.00      0.00      0.00      0.00    100.00
01:52:47          3      0.00      0.00      0.00      0.00      0.00    100.00
01:52:47          4      0.00      0.00      0.00      0.00      0.00    100.00
01:52:47          5      0.00      0.00      0.00      0.00      0.00    100.00
01:52:47          6      0.00      0.00      0.00      0.00      0.00    100.00
01:52:47          7      0.00      0.00      0.00      0.00      0.00    100.00
01:52:47          8      0.00      0.00      0.00      0.00      0.00    100.00
01:52:47          9      0.00      0.00      0.00      0.00      0.00    100.00
01:52:47         10      0.00      0.00      0.00      0.00      0.00    100.00
01:52:47         11      0.00      0.00      0.00      0.00      0.00    100.00
01:52:47         12      0.00      0.00      0.00      0.00      0.00    100.00
01:52:47         13      0.00      0.00      0.00      0.00      0.00    100.00
01:52:47         14      0.00      0.00      0.00      0.00      0.00    100.00
01:52:47         15      0.00      0.00      0.00      0.00      0.00    100.00
01:52:47         16      0.00      0.00      0.00      0.00      0.00    100.00
01:52:47         17      0.00      0.00      0.00      0.00      0.00    100.00
01:52:47         18      0.00      0.00      0.00      0.00      0.00    100.00
01:52:47         19      0.00      0.00      0.00      0.00      0.00    100.00
01:52:47         20      0.00      0.00      0.00      0.00      0.00    100.00
01:52:47         21      0.00      0.00      0.00      0.00      0.00    100.00
01:52:47         22      0.00      0.00      0.00      0.00      0.00    100.00
01:52:47         23      0.00      0.00      0.00      0.00      0.00    100.00
01:52:47         24      0.00      0.00      0.00      0.00      0.00    100.00
01:52:47         25      0.00      0.00      0.00      0.00      0.00    100.00
01:52:47         26      0.00      0.00      0.00      0.00      0.00    100.00
01:52:47         27      0.00      0.00      0.00      0.00      0.00    100.00
01:52:47         28      0.00      0.00      0.00      0.00      0.00    100.00
01:52:47         29      0.00      0.00      0.00      0.00      0.00    100.00
01:52:47         30      0.00      0.00      0.00      0.00      0.00    100.00
01:52:47         31      0.00      0.00      0.00      0.00      0.00    100.00
01:52:47         32      0.00      0.00      0.00      0.00      0.00    100.00
01:52:47         33      0.00      0.00      0.00      0.00      0.00    100.00
01:52:47         34      0.00      0.00      0.00      0.00      0.00    100.00
01:52:47         35      0.00      0.00      0.00      0.00      0.00    100.00
01:52:47         36      0.00      0.00      0.00      0.00      0.00    100.00
01:52:47         37      0.00      0.00      0.00      0.00      0.00    100.00
01:52:47         38      0.00      0.00      0.00      0.00      0.00    100.00
01:52:47         39      0.00      0.00      0.00      0.00      0.00    100.00

01:52:47        CPU     %user     %nice   %system   %iowait    %steal     %idle
01:52:48        all      0.00      0.00      0.00      0.00      0.00    100.00
01:52:48          0      0.00      0.00      0.00      0.00      0.00    100.00
01:52:48          1      0.00      0.00      0.00      0.00      0.00    100.00
01:52:48          2      0.00      0.00      0.00      0.00      0.00    100.00
01:52:48          3      0.00      0.00      0.00      0.00      0.00    100.00
01:52:48          4      0.00      0.00      0.00      0.00      0.00    100.00
01:52:48          5      0.00      0.00      0.00      0.00      0.00    100.00
01:52:48          6      0.00      0.00      0.00      0.00      0.00    100.00
01:52:48          7      0.00      0.00      0.00      0.00      0.00    100.00
01:52:48          8      0.00      0.00      0.00      0.00      0.00    100.00
01:52:48          9      0.00      0.00      0.00      0.00      0.00    100.00
01:52:48         10      0.00      0.00      0.00      0.00      0.00    100.00
01:52:48         11      0.00      0.00      0.00      0.00      0.00    100.00
01:52:48         12      0.00      0.00      0.00      0.00      0.00    100.00
01:52:48         13      0.99      0.00      0.00      0.00      0.00     99.01
01:52:48         14      0.00      0.00      0.00      0.00      0.00    100.00
01:52:48         15      0.00      0.00      0.00      0.00      0.00    100.00
01:52:48         16      0.00      0.00      0.00      0.00      0.00    100.00
01:52:48         17      0.00      0.00      0.00      0.00      0.00    100.00
01:52:48         18      0.00      0.00      0.00      0.00      0.00    100.00
01:52:48         19      0.00      0.00      0.00      0.00      0.00    100.00
01:52:48         20      0.00      0.00      0.00      0.00      0.00    100.00
01:52:48         21      0.00      0.00      0.00      0.00      0.00    100.00
01:52:48         22      0.00      0.00      0.00      0.00      0.00    100.00
01:52:48         23      0.00      0.00      0.00      0.00      0.00    100.00
01:52:48         24      0.00      0.00      0.00      0.00      0.00    100.00
01:52:48         25      0.00      0.00      0.00      0.00      0.00    100.00
01:52:48         26      0.00      0.00      0.00      0.00      0.00    100.00
01:52:48         27      0.00      0.00      0.00      0.00      0.00    100.00
01:52:48         28      0.00      0.00      0.00      0.00      0.00    100.00
01:52:48         29      0.00      0.00      0.00      0.00      0.00    100.00
01:52:48         30      0.00      0.00      0.00      0.00      0.00    100.00
01:52:48         31      0.00      0.00      0.00      0.00      0.00    100.00
01:52:48         32      0.00      0.00      0.00      0.00      0.00    100.00
01:52:48         33      0.00      0.00      0.00      0.00      0.00    100.00
01:52:48         34      0.00      0.00      0.00      0.00      0.00    100.00
01:52:48         35      0.00      0.00      0.00      0.00      0.00    100.00
01:52:48         36      0.00      0.00      0.00      0.00      0.00    100.00
01:52:48         37      0.00      0.00      0.00      0.00      0.00    100.00
01:52:48         38      0.00      0.00      0.00      0.00      0.00    100.00
01:52:48         39      0.00      0.00      0.00      0.00      0.00    100.00

01:52:48        CPU     %user     %nice   %system   %iowait    %steal     %idle
01:52:49        all      0.03      0.00      0.00      0.00      0.00     99.97
01:52:49          0      0.00      0.00      0.00      0.00      0.00    100.00
01:52:49          1      0.00      0.00      0.00      0.00      0.00    100.00
01:52:49          2      0.00      0.00      0.00      0.00      0.00    100.00
01:52:49          3      0.00      0.00      0.00      0.00      0.00    100.00
01:52:49          4      0.00      0.00      0.00      0.00      0.00    100.00
01:52:49          5      0.00      0.00      0.00      0.00      0.00    100.00
01:52:49          6      0.00      0.00      0.00      0.00      0.00    100.00
01:52:49          7      0.00      0.00      0.00      0.00      0.00    100.00
01:52:49          8      0.00      0.00      0.00      0.00      0.00    100.00
01:52:49          9      0.00      0.00      0.00      0.00      0.00    100.00
01:52:49         10      0.00      0.00      0.00      0.00      0.00    100.00
01:52:49         11      0.00      0.00      0.00      0.00      0.00    100.00
01:52:49         12      0.00      0.00      0.00      0.00      0.00    100.00
01:52:49         13      0.99      0.00      0.00      0.00      0.00     99.01
01:52:49         14      0.00      0.00      0.00      0.00      0.00    100.00
01:52:49         15      0.00      0.00      0.00      0.00      0.00    100.00
01:52:49         16      0.00      0.00      0.00      0.00      0.00    100.00
01:52:49         17      0.00      0.00      0.00      0.00      0.00    100.00
01:52:49         18      0.00      0.00      0.00      0.00      0.00    100.00
01:52:49         19      0.00      0.00      0.00      0.00      0.00    100.00
01:52:49         20      0.00      0.00      0.00      0.00      0.00    100.00
01:52:49         21      0.00      0.00      0.00      0.00      0.00    100.00
01:52:49         22      0.00      0.00      0.00      0.00      0.00    100.00
01:52:49         23      0.00      0.00      0.00      0.00      0.00    100.00
01:52:49         24      0.00      0.00      0.00      0.00      0.00    100.00
01:52:49         25      0.00      0.00      0.00      0.00      0.00    100.00
01:52:49         26      0.00      0.00      0.00      0.00      0.00    100.00
01:52:49         27      0.00      0.00      0.00      0.00      0.00    100.00
01:52:49         28      0.00      0.00      0.00      0.00      0.00    100.00
01:52:49         29      0.00      0.00      0.00      0.00      0.00    100.00
01:52:49         30      0.00      0.00      0.00      0.00      0.00    100.00
01:52:49         31      0.00      0.00      0.00      0.00      0.00    100.00
01:52:49         32      0.00      0.00      0.00      0.00      0.00    100.00
01:52:49         33      0.00      0.00      0.00      0.00      0.00    100.00
01:52:49         34      0.00      0.00      0.00      0.00      0.00    100.00
01:52:49         35      0.00      0.00      0.00      0.00      0.00    100.00
01:52:49         36      0.00      0.00      0.00      0.00      0.00    100.00
01:52:49         37      0.00      0.00      0.00      0.00      0.00    100.00
01:52:49         38      0.00      0.00      0.00      0.00      0.00    100.00
01:52:49         39      0.00      0.00      0.00      0.00      0.00    100.00

01:52:49        CPU     %user     %nice   %system   %iowait    %steal     %idle
01:52:50        all      0.00      0.00      0.00      0.00      0.00    100.00
01:52:50          0      0.00      0.00      0.00      0.00      0.00    100.00
01:52:50          1      0.00      0.00      0.00      0.00      0.00    100.00
01:52:50          2      0.00      0.00      0.00      0.00      0.00    100.00
01:52:50          3      0.00      0.00      0.00      0.00      0.00    100.00
01:52:50          4      0.00      0.00      0.00      0.00      0.00    100.00
01:52:50          5      0.00      0.00      0.00      0.00      0.00    100.00
01:52:50          6      0.00      0.00      0.00      0.00      0.00    100.00
01:52:50          7      0.00      0.00      0.00      0.00      0.00    100.00
01:52:50          8      0.00      0.00      0.00      0.00      0.00    100.00
01:52:50          9      0.00      0.00      0.00      0.00      0.00    100.00
01:52:50         10      0.00      0.00      0.00      0.00      0.00    100.00
01:52:50         11      0.00      0.00      0.00      0.00      0.00    100.00
01:52:50         12      0.00      0.00      0.00      0.00      0.00    100.00
01:52:50         13      0.00      0.00      0.00      0.00      0.00    100.00
01:52:50         14      0.00      0.00      0.00      0.00      0.00    100.00
01:52:50         15      0.00      0.00      0.00      0.00      0.00    100.00
01:52:50         16      0.00      0.00      0.00      0.00      0.00    100.00
01:52:50         17      0.00      0.00      0.00      0.00      0.00    100.00
01:52:50         18      0.00      0.00      0.00      0.00      0.00    100.00
01:52:50         19      0.00      0.00      0.00      0.00      0.00    100.00
01:52:50         20      0.00      0.00      0.00      0.00      0.00    100.00
01:52:50         21      0.00      0.00      0.00      0.00      0.00    100.00
01:52:50         22      0.00      0.00      0.00      0.00      0.00    100.00
01:52:50         23      0.00      0.00      0.00      0.00      0.00    100.00
01:52:50         24      0.00      0.00      0.00      0.00      0.00    100.00
01:52:50         25      0.00      0.00      0.00      0.00      0.00    100.00
01:52:50         26      0.00      0.00      0.00      0.00      0.00    100.00
01:52:50         27      0.00      0.00      0.00      0.00      0.00    100.00
01:52:50         28      0.00      0.00      0.00      0.00      0.00    100.00
01:52:50         29      0.00      0.00      0.00      0.00      0.00    100.00
01:52:50         30      0.00      0.00      0.00      0.00      0.00    100.00
01:52:50         31      0.00      0.00      0.00      0.00      0.00    100.00
01:52:50         32      0.00      0.00      0.00      0.00      0.00    100.00
01:52:50         33      0.00      0.00      0.00      0.00      0.00    100.00
01:52:50         34      0.00      0.00      0.00      0.00      0.00    100.00
01:52:50         35      0.00      0.00      0.00      0.00      0.00    100.00
01:52:50         36      0.00      0.00      0.00      0.00      0.00    100.00
01:52:50         37      0.00      0.00      0.00      0.00      0.00    100.00
01:52:50         38      0.00      0.00      0.00      0.00      0.00    100.00
01:52:50         39      0.00      0.00      0.00      0.00      0.00    100.00

01:52:50        CPU     %user     %nice   %system   %iowait    %steal     %idle
01:52:51        all      0.23      0.00      0.10      0.00      0.00     99.67
01:52:51          0      1.00      0.00      0.00      0.00      0.00     99.00
01:52:51          1      0.00      0.00      0.00      0.00      0.00    100.00
01:52:51          2      0.00      0.00      0.00      0.00      0.00    100.00
01:52:51          3      0.00      0.00      0.00      0.00      0.00    100.00
01:52:51          4      0.00      0.00      0.00      0.00      0.00    100.00
01:52:51          5      0.00      0.00      0.00      0.00      0.00    100.00
01:52:51          6      0.00      0.00      0.00      0.00      0.00    100.00
01:52:51          7      0.00      0.00      0.00      0.00      0.00    100.00
01:52:51          8      0.00      0.00      0.00      0.00      0.00    100.00
01:52:51          9      0.00      0.00      0.00      0.00      0.00    100.00
01:52:51         10      0.00      0.00      0.00      0.00      0.00    100.00
01:52:51         11      0.00      0.00      0.99      0.00      0.00     99.01
01:52:51         12      0.00      0.00      0.00      0.00      0.00    100.00
01:52:51         13      0.00      0.00      0.00      0.00      0.00    100.00
01:52:51         14      0.00      0.00      0.00      0.00      0.00    100.00
01:52:51         15      0.00      0.00      0.00      0.00      0.00    100.00
01:52:51         16      0.00      0.00      0.00      0.00      0.00    100.00
01:52:51         17      0.00      0.00      1.00      0.00      0.00     99.00
01:52:51         18      0.00      0.00      0.00      0.00      0.00    100.00
01:52:51         19      2.00      0.00      0.00      0.00      0.00     98.00
01:52:51         20      0.00      0.00      0.00      0.00      0.00    100.00
01:52:51         21      0.00      0.00      0.00      0.00      0.00    100.00
01:52:51         22      0.00      0.00      0.00      0.00      0.00    100.00
01:52:51         23      0.00      0.00      0.00      0.00      0.00    100.00
01:52:51         24      0.00      0.00      0.00      0.00      0.00    100.00
01:52:51         25      0.00      0.00      0.00      0.00      0.00    100.00
01:52:51         26      0.00      0.00      0.00      0.00      0.00    100.00
01:52:51         27      0.00      0.00      0.00      0.00      0.00    100.00
01:52:51         28      0.00      0.00      0.00      0.00      0.00    100.00
01:52:51         29      7.07      0.00      0.00      0.00      0.00     92.93
01:52:51         30      0.00      0.00      0.00      0.00      0.00    100.00
01:52:51         31      0.00      0.00      0.00      0.00      0.00    100.00
01:52:51         32      0.00      0.00      0.00      0.00      0.00    100.00
01:52:51         33      0.00      0.00      0.00      0.00      0.00    100.00
01:52:51         34      0.00      0.00      0.00      0.00      0.00    100.00
01:52:51         35      0.00      0.00      0.99      0.00      0.00     99.01
01:52:51         36      0.00      0.00      0.00      0.00      0.00    100.00
01:52:51         37      0.00      0.00      0.00      0.00      0.00    100.00
01:52:51         38      0.00      0.00      0.00      0.00      0.00    100.00
01:52:51         39      0.00      0.00      0.00      0.00      0.00    100.00

01:52:51        CPU     %user     %nice   %system   %iowait    %steal     %idle
01:52:52        all      1.45      0.00      0.45      0.05      0.00     98.05
01:52:52          0      1.00      0.00      1.00      0.00      0.00     98.00
01:52:52          1      0.00      0.00      0.99      0.00      0.00     99.01
01:52:52          2      0.00      0.00      0.00      0.00      0.00    100.00
01:52:52          3      0.00      0.00      0.00      0.00      0.00    100.00
01:52:52          4      0.00      0.00      0.00      0.00      0.00    100.00
01:52:52          5      0.00      0.00      0.00      0.00      0.00    100.00
01:52:52          6      0.00      0.00      0.00      0.00      0.00    100.00
01:52:52          7      0.00      0.00      0.99      0.00      0.00     99.01
01:52:52          8      0.00      0.00      0.00      0.00      0.00    100.00
01:52:52          9      1.98      0.00      1.98      0.00      0.00     96.04
01:52:52         10      0.00      0.00      1.96      0.00      0.00     98.04
01:52:52         11      2.04      0.00      0.00      0.00      0.00     97.96
01:52:52         12      0.99      0.00      0.00      0.00      0.00     99.01
01:52:52         13      1.98      0.00      0.00      0.00      0.00     98.02
01:52:52         14      0.00      0.00      0.00      0.00      0.00    100.00
01:52:52         15      0.00      0.00      0.00      0.00      0.00    100.00
01:52:52         16      0.00      0.00      1.01      0.00      0.00     98.99
01:52:52         17      0.00      0.00      0.00      0.00      0.00    100.00
01:52:52         18      1.98      0.00      2.97      0.99      0.00     94.06
01:52:52         19      0.00      0.00      1.00      0.00      0.00     99.00
01:52:52         20      0.00      0.00      0.00      0.00      0.00    100.00
01:52:52         21      0.00      0.00      0.00      0.00      0.00    100.00
01:52:52         22      0.00      0.00      0.00      0.00      0.00    100.00
01:52:52         23      0.00      0.00      0.00      0.00      0.00    100.00
01:52:52         24      0.00      0.00      0.00      0.00      0.00    100.00
01:52:52         25      0.00      0.00      0.00      0.00      0.00    100.00
01:52:52         26      0.00      0.00      0.00      0.00      0.00    100.00
01:52:52         27      0.00      0.00      0.00      0.00      0.00    100.00
01:52:52         28      0.00      0.00      0.00      0.00      0.00    100.00
01:52:52         29     41.58      0.00      6.93      0.00      0.00     51.49
01:52:52         30      0.00      0.00      0.00      0.00      0.00    100.00
01:52:52         31      4.00      0.00      0.00      0.00      0.00     96.00
01:52:52         32      0.00      0.00      0.00      0.00      0.00    100.00
01:52:52         33      1.00      0.00      0.00      0.00      0.00     99.00
01:52:52         34      0.00      0.00      0.00      0.00      0.00    100.00
01:52:52         35      0.00      0.00      0.00      0.00      0.00    100.00
01:52:52         36      0.00      0.00      0.00      0.00      0.00    100.00
01:52:52         37      0.00      0.00      0.00      0.00      0.00    100.00
01:52:52         38      0.00      0.00      1.01      0.00      0.00     98.99
01:52:52         39      0.00      0.00      0.00      0.00      0.00    100.00

01:52:52        CPU     %user     %nice   %system   %iowait    %steal     %idle
01:52:53        all      0.00      0.00      0.00      0.00      0.00    100.00
01:52:53          0      0.00      0.00      0.00      0.00      0.00    100.00
01:52:53          1      0.00      0.00      0.00      0.00      0.00    100.00
01:52:53          2      0.00      0.00      0.00      0.00      0.00    100.00
01:52:53          3      0.00      0.00      0.00      0.00      0.00    100.00
01:52:53          4      0.00      0.00      0.00      0.00      0.00    100.00
01:52:53          5      0.00      0.00      0.00      0.00      0.00    100.00
01:52:53          6      0.00      0.00      0.00      0.00      0.00    100.00
01:52:53          7      0.00      0.00      0.00      0.00      0.00    100.00
01:52:53          8      0.00      0.00      0.00      0.00      0.00    100.00
01:52:53          9      0.00      0.00      0.00      0.00      0.00    100.00
01:52:53         10      0.00      0.00      0.00      0.00      0.00    100.00
01:52:53         11      0.00      0.00      0.00      0.00      0.00    100.00
01:52:53         12      0.00      0.00      0.00      0.00      0.00    100.00
01:52:53         13      0.00      0.00      0.00      0.00      0.00    100.00
01:52:53         14      0.00      0.00      0.00      0.00      0.00    100.00
01:52:53         15      0.00      0.00      0.00      0.00      0.00    100.00
01:52:53         16      0.00      0.00      0.00      0.00      0.00    100.00
01:52:53         17      0.00      0.00      0.00      0.00      0.00    100.00
01:52:53         18      0.00      0.00      0.00      0.00      0.00    100.00
01:52:53         19      0.00      0.00      0.00      0.00      0.00    100.00
01:52:53         20      0.00      0.00      0.00      0.00      0.00    100.00
01:52:53         21      0.00      0.00      0.00      0.00      0.00    100.00
01:52:53         22      0.00      0.00      0.00      0.00      0.00    100.00
01:52:53         23      0.00      0.00      0.00      0.00      0.00    100.00
01:52:53         24      0.00      0.00      0.00      0.00      0.00    100.00
01:52:53         25      0.00      0.00      0.00      0.00      0.00    100.00
01:52:53         26      0.00      0.00      0.00      0.00      0.00    100.00
01:52:53         27      0.00      0.00      0.00      0.00      0.00    100.00
01:52:53         28      0.00      0.00      0.00      0.00      0.00    100.00
01:52:53         29      0.00      0.00      0.00      0.00      0.00    100.00
01:52:53         30      0.00      0.00      0.00      0.00      0.00    100.00
01:52:53         31      0.00      0.00      0.00      0.00      0.00    100.00
01:52:53         32      0.00      0.00      0.00      0.00      0.00    100.00
01:52:53         33      0.00      0.00      0.00      0.00      0.00    100.00
01:52:53         34      0.00      0.00      0.00      0.00      0.00    100.00
01:52:53         35      0.00      0.00      0.00      0.00      0.00    100.00
01:52:53         36      0.00      0.00      0.00      0.00      0.00    100.00
01:52:53         37      0.00      0.00      0.00      0.00      0.00    100.00
01:52:53         38      0.00      0.00      0.00      0.00      0.00    100.00
01:52:53         39      0.00      0.00      0.00      0.00      0.00    100.00

01:52:53        CPU     %user     %nice   %system   %iowait    %steal     %idle
01:52:54        all      0.45      0.00      0.08      0.00      0.00     99.47
01:52:54          0      0.00      0.00      0.00      0.00      0.00    100.00
01:52:54          1      0.00      0.00      0.00      0.00      0.00    100.00
01:52:54          2      0.00      0.00      0.00      0.00      0.00    100.00
01:52:54          3      0.99      0.00      0.00      0.00      0.00     99.01
01:52:54          4      0.00      0.00      0.00      0.00      0.00    100.00
01:52:54          5      0.00      0.00      0.00      0.00      0.00    100.00
01:52:54          6      0.00      0.00      0.00      0.00      0.00    100.00
01:52:54          7     12.12      0.00      0.00      0.00      0.00     87.88
01:52:54          8      0.00      0.00      0.00      0.00      0.00    100.00
01:52:54          9      0.00      0.00      0.00      0.00      0.00    100.00
01:52:54         10      0.00      0.00      0.00      0.00      0.00    100.00
01:52:54         11      0.00      0.00      0.00      0.00      0.00    100.00
01:52:54         12      0.00      0.00      0.00      0.00      0.00    100.00
01:52:54         13      0.00      0.00      0.00      0.00      0.00    100.00
01:52:54         14      0.00      0.00      0.00      0.00      0.00    100.00
01:52:54         15      0.00      0.00      0.00      0.00      0.00    100.00
01:52:54         16      0.00      0.00      0.00      0.00      0.00    100.00
01:52:54         17      0.99      0.00      0.00      0.00      0.00     99.01
01:52:54         18      0.00      0.00      0.00      0.00      0.00    100.00
01:52:54         19      0.00      0.00      0.00      0.00      0.00    100.00
01:52:54         20      0.00      0.00      0.00      0.00      0.00    100.00
01:52:54         21      0.00      0.00      0.00      0.00      0.00    100.00
01:52:54         22      0.00      0.00      0.00      0.00      0.00    100.00
01:52:54         23      0.00      0.00      0.00      0.00      0.00    100.00
01:52:54         24      0.00      0.00      0.00      0.00      0.00    100.00
01:52:54         25      0.00      0.00      0.00      0.00      0.00    100.00
01:52:54         26      0.00      0.00      1.00      0.00      0.00     99.00
01:52:54         27      4.00      0.00      0.00      0.00      0.00     96.00
01:52:54         28      0.00      0.00      0.00      0.00      0.00    100.00
01:52:54         29      0.00      0.00      0.00      0.00      0.00    100.00
01:52:54         30      0.00      0.00      0.00      0.00      0.00    100.00
01:52:54         31      0.00      0.00      0.00      0.00      0.00    100.00
01:52:54         32      0.00      0.00      0.00      0.00      0.00    100.00
01:52:54         33      0.00      0.00      0.99      0.00      0.00     99.01
01:52:54         34      0.00      0.00      0.00      0.00      0.00    100.00
01:52:54         35      0.00      0.00      0.00      0.00      0.00    100.00
01:52:54         36      0.00      0.00      0.99      0.00      0.00     99.01
01:52:54         37      0.00      0.00      0.00      0.00      0.00    100.00
01:52:54         38      0.00      0.00      0.00      0.00      0.00    100.00
01:52:54         39      0.00      0.00      0.00      0.00      0.00    100.00
