Linux 6.6.23 (eternity2) 	05/24/25 	_x86_64_	(40 CPU)

01:52:28    kbmemfree   kbavail kbmemused  %memused kbbuffers  kbcached  kbcommit   %commit  kbactive   kbinact   kbdirty
01:52:29     64264992  64016016   1343960      2.05       244    235552   2079648      3.12     52244    279052      4400
01:52:30     64265172  64016196   1343780      2.05       244    235556   2079648      3.12     52240    278524       280
01:52:31     64265184  64016208   1343768      2.05       244    235560   2079648      3.12     52240    278524       292
01:52:32     64265184  64016208   1343768      2.05       244    235560   2079648      3.12     52240    278524       292
01:52:33     64265184  64016208   1343768      2.05       244    235560   2079648      3.12     52240    278524       292
01:52:34     64265216  64016240   1343736      2.05       244    235572   2079648      3.12     52240    278524       304
01:52:35     64265216  64016240   1343736      2.05       244    235572   2079648      3.12     52240    278524       304
01:52:36     64265248  64016272   1343704      2.05       244    235580   2079648      3.12     52240    278524        44
01:52:37     64265296  64016320   1343656      2.05       244    235584   2079648      3.12     52240    278524        48
01:52:38     64265332  64016356   1343620      2.05       244    235592   2079648      3.12     52240    278524        56
01:52:39     64265332  64016356   1343620      2.05       244    235592   2079648      3.12     52240    278524        56
01:52:40     64265332  64016356   1343620      2.05       244    235600   2079648      3.12     52240    278524        64
01:52:41     64265332  64016356   1343620      2.05       244    235604   2079648      3.12     52240    278524        68
01:52:42     64252864  64003936   1356088      2.07       244    235656   2087404      3.13     52348    292352      2072
01:52:43     64257580  64008760   1351372      2.06       244    235824   2079648      3.12     52292    279128      2728
01:52:44     64257908  64009088   1351044      2.06       244    235824   2079648      3.12     52288    278876      2728
01:52:45     64257908  64009088   1351044      2.06       244    235828   2079648      3.12     52288    278876       484
01:52:46     64258116  64009296   1350836      2.06       244    235832   2079648      3.12     52288    278876       496
01:52:47     64258116  64009296   1350836      2.06       244    235836   2079648      3.12     52288    278876       500
01:52:48     64257876  64009056   1351076      2.06       244    235848   2079648      3.12     52288    278876        36
01:52:49     64257876  64009056   1351076      2.06       244    235852   2079648      3.12     52288    278876        40
01:52:50     64257876  64009056   1351076      2.06       244    235852   2079648      3.12     52288    278876        40
01:52:51     64257876  64009056   1351076      2.06       244    235856   2079648      3.12     52288    278876        44
01:52:52     64258448  64009640   1350504      2.06       244    235864   2084588      3.13     52292    281060       992
01:52:53     64259704  64010896   1349248      2.06       244    235868   2079648      3.12     52332    279492       996
01:52:54     64260756  64012016   1348196      2.05       244    236008   2081992      3.13     52356    279720      1428
