Linux 6.6.23 (eternity2) 	05/24/25 	_x86_64_	(40 CPU)

01:41:16    kbmemfree   kbavail kbmemused  %memused kbbuffers  kbcached  kbcommit   %commit  kbactive   kbinact   kbdirty
01:41:17     64267420  64017292   1341532      2.04       244    233476   2079440      3.12     52716    277092      3972
01:41:18     64267156  64017028   1341796      2.05       244    233480   2079440      3.12     52708    275668        12
01:41:19     64269112  64018984   1339840      2.04       244    233484   2079440      3.12     52708    275668        24
01:41:20     64269496  64019368   1339456      2.04       244    233488   2079440      3.12     52708    275668        28
01:41:21     64269372  64019244   1339580      2.04       244    233492   2079440      3.12     52708    275668        32
01:41:22     64269372  64019244   1339580      2.04       244    233496   2079440      3.12     52708    275668        36
01:41:23     64269624  64019496   1339328      2.04       244    233500   2079440      3.12     52708    275668        40
01:41:24     64269804  64019676   1339148      2.04       244    233504   2079440      3.12     52708    275668        44
01:41:25     64269804  64019676   1339148      2.04       244    233508   2079440      3.12     52708    275668        48
01:41:26     64269552  64019424   1339400      2.04       244    233520   2079440      3.12     52708    275668        60
01:41:27     64269552  64019424   1339400      2.04       244    233520   2079440      3.12     52708    275668        60
01:41:28     64269552  64019424   1339400      2.04       244    233524   2079440      3.12     52708    275668        64
01:41:29     64267384  64017280   1341568      2.04       244    233528   2091160      3.14     52728    279676        68
01:41:30     64266860  64016776   1342092      2.05       244    233536   2091320      3.14     52756    287912      2028
01:41:31     64272464  64022400   1336488      2.04       244    233544   2079440      3.12     52740    278788      2516
01:41:32     64272464  64022400   1336488      2.04       244    233544   2079440      3.12     52740    278788      2516
01:41:33     64272464  64022400   1336488      2.04       244    233548   2079440      3.12     52740    278788       264
01:41:34     64272464  64022400   1336488      2.04       244    233548   2079440      3.12     52740    278788       268
01:41:35     64272464  64022400   1336488      2.04       244    233548   2079440      3.12     52740    278788       268
01:41:36     64272464  64022400   1336488      2.04       244    233552   2079440      3.12     52740    278788       272
01:41:37     64274468  64024472   1334484      2.03       244    233648   2079440      3.12     52756    275900        40
01:41:38     64274484  64024488   1334468      2.03       244    233648   2079440      3.12     52756    275900        40
01:41:39     64275288  64025292   1333664      2.03       244    233652   2081784      3.13     52756    276336        48
01:41:40     64278152  64028180   1330800      2.03       244    233664   2079440      3.12     52764    277672      1300
01:41:41     64278500  64028596   1330452      2.03       244    233800   2079440      3.12     52820    276764      1508
01:41:42     64277520  64027620   1331432      2.03       244    233808   2080900      3.12     52820    277752      1552
