Linux 6.6.23 (eternity1) 	05/24/25 	_x86_64_	(40 CPU)

01:41:04    kbmemfree   kbavail kbmemused  %memused kbbuffers  kbcached  kbcommit   %commit  kbactive   kbinact   kbdirty
01:41:05     63814696  63644596   1794172      2.73         0    391768   2965696      4.45     60824    673792      7048
01:41:06     63815656  63645556   1793212      2.73         0    391772   2965696      4.45     60816    672764      7120
01:41:07     63818936  63648848   1789932      2.73         0    391776   2965696      4.45     60812    672744      7124
01:41:08     63818996  63648908   1789872      2.73         0    391780   2965696      4.45     60812    672744      7128
01:41:09     63818756  63648668   1790112      2.73         0    391784   2965696      4.45     60812    672744      7132
01:41:10     63818812  63648724   1790056      2.73         0    391784   2965696      4.45     60812    672744      7132
01:41:11     63818812  63648724   1790056      2.73         0    391792   2965696      4.45     60812    672744      7140
01:41:12     63818812  63648724   1790056      2.73         0    391800   2965696      4.45     60812    672744      7148
01:41:13     63818812  63648724   1790056      2.73         0    391804   2965696      4.45     60812    672308      7152
01:41:14     63818336  63648248   1790532      2.73         0    391804   2965696      4.45     60812    672744      7152
01:41:15     63818488  63648400   1790380      2.73         0    391812   2965696      4.45     60808    672660       432
01:41:16     63817760  63647704   1791108      2.73         0    391816   2965696      4.45     60808    672680       436
01:41:17     63818044  63648000   1790824      2.73         0    391828   2965696      4.45     60820    672784       456
01:41:18     63806560  63636528   1802308      2.75         0    391832   2980444      4.47     60820    684408       464
01:41:19     63806196  63636324   1802672      2.75         0    391988   2980776      4.48     60900    686328      4272
01:41:20     63819912  63650184   1788956      2.73         0    392116   2965148      4.45     60912    672220      4188
01:41:21     63821376  63651652   1787492      2.72         0    392120   2965148      4.45     60916    672532      4192
01:41:22     63821376  63651652   1787492      2.72         0    392124   2965148      4.45     60916    672532      4196
01:41:23     63821192  63651468   1787676      2.72         0    392128   2965148      4.45     60916    672532      4200
01:41:24     63821192  63651468   1787676      2.72         0    392136   2965148      4.45     60916    672532      4208
01:41:25     63821192  63651468   1787676      2.72         0    392140   2965148      4.45     60916    672532      4212
01:41:26     63821192  63651468   1787676      2.72         0    392144   2965148      4.45     60916    672532      4216
01:41:27     63821312  63651588   1787556      2.72         0    392148   2965148      4.45     60916    672532      4220
01:41:28     63821312  63651588   1787556      2.72         0    392152   2965148      4.45     60916    672532      4224
01:41:29     63821360  63651636   1787508      2.72         0    392160   2965148      4.45     60916    672532      4232
01:41:30     63821680  63651956   1787188      2.72         0    392160   2969548      4.46     60920    675608      4232
01:41:31     63823680  63654040   1785188      2.72         0    392212   2965148      4.45     60944    672584      4236
01:41:32     63823748  63654108   1785120      2.72         0    392216   2965148      4.45     60944    672584      4240
01:41:33     63823748  63654108   1785120      2.72         0    392220   2965148      4.45     60944    672584      4244
01:41:34     63823260  63653620   1785608      2.72         0    392232   2965148      4.45     60944    672584      4256
01:41:35     63823260  63653620   1785608      2.72         0    392236   2965148      4.45     60944    672584      4260
01:41:36     63823416  63653776   1785452      2.72         0    392240   2965148      4.45     60944    672584      4128
01:41:37     63823416  63653776   1785452      2.72         0    392240   2965148      4.45     60944    672584      4128
01:41:38     63823416  63653776   1785452      2.72         0    392248   2965148      4.45     60944    672584      4136
01:41:39     63823416  63653776   1785452      2.72         0    392256   2965148      4.45     60944    672584      4144
01:41:40     63822432  63652792   1786436      2.72         0    392260   2965696      4.45     60940    672528      4148
01:41:41     63815716  63646076   1793152      2.73         0    392268   2978600      4.47     60956    683584      4136
01:41:42     63809984  63640348   1798884      2.74         0    392272   2980580      4.47     60952    686464      4144
