Linux 6.6.23 (eternity2) 	05/24/25 	_x86_64_	(40 CPU)

01:41:15        CPU     %user     %nice   %system   %iowait    %steal     %idle
01:41:16        all      2.28      0.00      0.68      0.78      0.00     96.27
01:41:16          0      0.98      0.00      0.98      0.98      0.00     97.06
01:41:16          1      0.00      0.00      0.00      0.00      0.00    100.00
01:41:16          2      0.99      0.00      0.99      0.00      0.00     98.02
01:41:16          3     13.27      0.00      1.02     12.24      0.00     73.47
01:41:16          4      1.00      0.00      1.00      0.00      0.00     98.00
01:41:16          5     46.46      0.00      5.05      0.00      0.00     48.48
01:41:16          6      0.99      0.00      1.98      0.00      0.00     97.03
01:41:16          7      7.00      0.00      1.00      0.00      0.00     92.00
01:41:16          8      2.00      0.00      1.00      0.00      0.00     97.00
01:41:16          9      0.00      0.00      0.00      0.00      0.00    100.00
01:41:16         10      0.00      0.00      1.01      0.00      0.00     98.99
01:41:16         11      0.00      0.00      0.00      0.00      0.00    100.00
01:41:16         12      0.00      0.00      2.00      0.00      0.00     98.00
01:41:16         13      0.00      0.00      1.00      0.00      0.00     99.00
01:41:16         14      0.00      0.00      1.00      1.00      0.00     98.00
01:41:16         15      1.01      0.00      0.00      1.01      0.00     97.98
01:41:16         16      1.00      0.00      0.00      0.00      0.00     99.00
01:41:16         17      7.00      0.00      1.00      3.00      0.00     89.00
01:41:16         18      0.00      0.00      0.00      0.00      0.00    100.00
01:41:16         19      0.00      0.00      0.00      0.00      0.00    100.00
01:41:16         20      0.00      0.00      0.00      0.00      0.00    100.00
01:41:16         21      0.00      0.00      0.00      0.00      0.00    100.00
01:41:16         22      0.00      0.00      1.98      0.00      0.00     98.02
01:41:16         23      0.00      0.00      0.00      0.00      0.00    100.00
01:41:16         24      0.00      0.00      0.00      0.00      0.00    100.00
01:41:16         25      1.01      0.00      1.01      0.00      0.00     97.98
01:41:16         26      0.00      0.00      0.00      0.00      0.00    100.00
01:41:16         27      0.00      0.00      0.00      0.00      0.00    100.00
01:41:16         28      0.00      0.00      1.00      0.00      0.00     99.00
01:41:16         29      0.00      0.00      0.00      0.00      0.00    100.00
01:41:16         30      0.00      0.00      0.00      0.00      0.00    100.00
01:41:16         31      2.00      0.00      2.00      8.00      0.00     88.00
01:41:16         32      0.00      0.00      0.00      0.00      0.00    100.00
01:41:16         33      0.00      0.00      0.00      0.00      0.00    100.00
01:41:16         34      0.00      0.00      0.00      0.00      0.00    100.00
01:41:16         35      1.00      0.00      1.00      0.00      0.00     98.00
01:41:16         36      0.00      0.00      0.00      0.00      0.00    100.00
01:41:16         37      0.00      0.00      0.00      0.00      0.00    100.00
01:41:16         38      1.01      0.00      0.00      0.00      0.00     98.99
01:41:16         39      2.97      0.00      1.98      4.95      0.00     90.10

01:41:16        CPU     %user     %nice   %system   %iowait    %steal     %idle
01:41:17        all      1.80      0.00      0.38      0.00      0.00     97.82
01:41:17          0      0.00      0.00      0.00      0.00      0.00    100.00
01:41:17          1      0.00      0.00      0.99      0.00      0.00     99.01
01:41:17          2      0.00      0.00      0.00      0.00      0.00    100.00
01:41:17          3      0.00      0.00      0.00      0.00      0.00    100.00
01:41:17          4      6.00      0.00      2.00      0.00      0.00     92.00
01:41:17          5      0.00      0.00      0.00      0.00      0.00    100.00
01:41:17          6      0.00      0.00      0.00      0.00      0.00    100.00
01:41:17          7      1.00      0.00      0.00      0.00      0.00     99.00
01:41:17          8     60.61      0.00      6.06      0.00      0.00     33.33
01:41:17          9      0.99      0.00      1.98      0.00      0.00     97.03
01:41:17         10      0.00      0.00      0.00      0.00      0.00    100.00
01:41:17         11      0.00      0.00      0.00      0.00      0.00    100.00
01:41:17         12      0.00      0.00      0.00      0.00      0.00    100.00
01:41:17         13      0.00      0.00      1.00      0.00      0.00     99.00
01:41:17         14      0.00      0.00      0.00      0.00      0.00    100.00
01:41:17         15      0.00      0.00      0.00      0.00      0.00    100.00
01:41:17         16      1.00      0.00      1.00      0.00      0.00     98.00
01:41:17         17      0.00      0.00      0.00      0.00      0.00    100.00
01:41:17         18      0.00      0.00      0.00      0.00      0.00    100.00
01:41:17         19      0.00      0.00      0.00      0.00      0.00    100.00
01:41:17         20      0.99      0.00      0.00      0.00      0.00     99.01
01:41:17         21      0.00      0.00      0.00      0.00      0.00    100.00
01:41:17         22      0.00      0.00      0.00      0.00      0.00    100.00
01:41:17         23      0.00      0.00      0.00      0.00      0.00    100.00
01:41:17         24      0.00      0.00      0.00      0.00      0.00    100.00
01:41:17         25      0.00      0.00      0.00      0.00      0.00    100.00
01:41:17         26      0.00      0.00      0.00      0.00      0.00    100.00
01:41:17         27      0.00      0.00      1.00      0.00      0.00     99.00
01:41:17         28      0.00      0.00      0.00      0.00      0.00    100.00
01:41:17         29      0.00      0.00      0.00      0.00      0.00    100.00
01:41:17         30      0.00      0.00      0.00      0.00      0.00    100.00
01:41:17         31      0.00      0.00      0.00      0.00      0.00    100.00
01:41:17         32      0.00      0.00      0.00      0.00      0.00    100.00
01:41:17         33      0.00      0.00      0.00      0.00      0.00    100.00
01:41:17         34      0.00      0.00      0.00      0.00      0.00    100.00
01:41:17         35      0.00      0.00      0.00      0.00      0.00    100.00
01:41:17         36      0.00      0.00      0.00      0.00      0.00    100.00
01:41:17         37      0.00      0.00      0.00      0.00      0.00    100.00
01:41:17         38      0.00      0.00      0.00      0.00      0.00    100.00
01:41:17         39      0.00      0.00      0.00      0.00      0.00    100.00

01:41:17        CPU     %user     %nice   %system   %iowait    %steal     %idle
01:41:18        all      1.40      0.00      0.37      0.07      0.00     98.15
01:41:18          0      1.00      0.00      2.00      3.00      0.00     94.00
01:41:18          1      0.00      0.00      1.01      0.00      0.00     98.99
01:41:18          2      0.00      0.00      0.00      0.00      0.00    100.00
01:41:18          3      0.98      0.00      1.96      0.00      0.00     97.06
01:41:18          4      1.00      0.00      0.00      0.00      0.00     99.00
01:41:18          5      0.00      0.00      0.99      0.00      0.00     99.01
01:41:18          6      0.99      0.00      0.00      0.00      0.00     99.01
01:41:18          7      0.00      0.00      0.99      0.00      0.00     99.01
01:41:18          8     44.44      0.00      4.04      0.00      0.00     51.52
01:41:18          9      0.00      0.00      0.00      0.00      0.00    100.00
01:41:18         10      0.00      0.00      0.00      0.00      0.00    100.00
01:41:18         11      0.00      0.00      0.00      0.00      0.00    100.00
01:41:18         12      0.00      0.00      0.00      0.00      0.00    100.00
01:41:18         13      0.99      0.00      0.00      0.00      0.00     99.01
01:41:18         14      0.00      0.00      0.00      0.00      0.00    100.00
01:41:18         15      0.00      0.00      0.00      0.00      0.00    100.00
01:41:18         16      0.00      0.00      0.00      0.00      0.00    100.00
01:41:18         17      6.00      0.00      1.00      0.00      0.00     93.00
01:41:18         18      0.00      0.00      0.00      0.00      0.00    100.00
01:41:18         19      0.00      0.00      0.00      0.00      0.00    100.00
01:41:18         20      0.00      0.00      0.00      0.00      0.00    100.00
01:41:18         21      0.00      0.00      0.00      0.00      0.00    100.00
01:41:18         22      0.00      0.00      0.00      0.00      0.00    100.00
01:41:18         23      0.00      0.00      0.00      0.00      0.00    100.00
01:41:18         24      0.00      0.00      0.00      0.00      0.00    100.00
01:41:18         25      1.00      0.00      0.00      0.00      0.00     99.00
01:41:18         26      0.00      0.00      0.00      0.00      0.00    100.00
01:41:18         27      0.00      0.00      0.00      0.00      0.00    100.00
01:41:18         28      0.00      0.00      0.00      0.00      0.00    100.00
01:41:18         29      0.00      0.00      0.00      0.00      0.00    100.00
01:41:18         30      0.00      0.00      0.00      0.00      0.00    100.00
01:41:18         31      0.00      0.00      0.99      0.00      0.00     99.01
01:41:18         32      0.00      0.00      0.00      0.00      0.00    100.00
01:41:18         33      0.00      0.00      0.00      0.00      0.00    100.00
01:41:18         34      0.00      0.00      0.00      0.00      0.00    100.00
01:41:18         35      0.00      0.00      0.00      0.00      0.00    100.00
01:41:18         36      0.00      0.00      0.00      0.00      0.00    100.00
01:41:18         37      0.00      0.00      0.00      0.00      0.00    100.00
01:41:18         38      0.00      0.00      0.00      0.00      0.00    100.00
01:41:18         39      0.00      0.00      0.00      0.00      0.00    100.00

01:41:18        CPU     %user     %nice   %system   %iowait    %steal     %idle
01:41:19        all      0.03      0.00      0.00      0.00      0.00     99.97
01:41:19          0      0.00      0.00      0.00      0.00      0.00    100.00
01:41:19          1      0.00      0.00      0.00      0.00      0.00    100.00
01:41:19          2      0.00      0.00      0.00      0.00      0.00    100.00
01:41:19          3      0.00      0.00      0.00      0.00      0.00    100.00
01:41:19          4      0.00      0.00      0.00      0.00      0.00    100.00
01:41:19          5      0.00      0.00      0.00      0.00      0.00    100.00
01:41:19          6      0.00      0.00      0.00      0.00      0.00    100.00
01:41:19          7      0.00      0.00      0.00      0.00      0.00    100.00
01:41:19          8      0.00      0.00      0.00      0.00      0.00    100.00
01:41:19          9      0.00      0.00      0.00      0.00      0.00    100.00
01:41:19         10      0.00      0.00      0.00      0.00      0.00    100.00
01:41:19         11      0.00      0.00      0.00      0.00      0.00    100.00
01:41:19         12      0.00      0.00      0.00      0.00      0.00    100.00
01:41:19         13      0.00      0.00      0.00      0.00      0.00    100.00
01:41:19         14      0.00      0.00      0.00      0.00      0.00    100.00
01:41:19         15      0.00      0.00      0.00      0.00      0.00    100.00
01:41:19         16      0.00      0.00      0.00      0.00      0.00    100.00
01:41:19         17      0.99      0.00      0.00      0.00      0.00     99.01
01:41:19         18      0.00      0.00      0.00      0.00      0.00    100.00
01:41:19         19      0.00      0.00      0.00      0.00      0.00    100.00
01:41:19         20      0.00      0.00      0.00      0.00      0.00    100.00
01:41:19         21      0.00      0.00      0.00      0.00      0.00    100.00
01:41:19         22      0.00      0.00      0.00      0.00      0.00    100.00
01:41:19         23      0.00      0.00      0.00      0.00      0.00    100.00
01:41:19         24      0.00      0.00      0.00      0.00      0.00    100.00
01:41:19         25      0.00      0.00      0.99      0.00      0.00     99.01
01:41:19         26      0.00      0.00      0.00      0.00      0.00    100.00
01:41:19         27      0.00      0.00      0.00      0.00      0.00    100.00
01:41:19         28      0.00      0.00      0.00      0.00      0.00    100.00
01:41:19         29      0.00      0.00      0.00      0.00      0.00    100.00
01:41:19         30      0.00      0.00      0.00      0.00      0.00    100.00
01:41:19         31      0.00      0.00      0.00      0.00      0.00    100.00
01:41:19         32      0.00      0.00      0.99      0.00      0.00     99.01
01:41:19         33      0.00      0.00      0.00      0.00      0.00    100.00
01:41:19         34      0.00      0.00      0.00      0.00      0.00    100.00
01:41:19         35      0.00      0.00      0.00      0.00      0.00    100.00
01:41:19         36      0.00      0.00      0.00      0.00      0.00    100.00
01:41:19         37      0.00      0.00      0.00      0.00      0.00    100.00
01:41:19         38      0.00      0.00      0.00      0.00      0.00    100.00
01:41:19         39      0.00      0.00      0.00      0.00      0.00    100.00

01:41:19        CPU     %user     %nice   %system   %iowait    %steal     %idle
01:41:20        all      0.23      0.00      0.03      0.00      0.00     99.75
01:41:20          0      0.00      0.00      0.00      0.00      0.00    100.00
01:41:20          1      1.00      0.00      0.00      0.00      0.00     99.00
01:41:20          2      0.00      0.00      0.00      0.00      0.00    100.00
01:41:20          3      0.00      0.00      0.00      0.00      0.00    100.00
01:41:20          4      0.99      0.00      0.00      0.00      0.00     99.01
01:41:20          5      0.00      0.00      0.00      0.00      0.00    100.00
01:41:20          6      0.00      0.00      0.00      0.00      0.00    100.00
01:41:20          7      0.00      0.00      0.00      0.00      0.00    100.00
01:41:20          8      0.00      0.00      0.00      0.00      0.00    100.00
01:41:20          9      0.00      0.00      0.00      0.00      0.00    100.00
01:41:20         10      0.00      0.00      0.00      0.00      0.00    100.00
01:41:20         11      0.00      0.00      0.00      0.00      0.00    100.00
01:41:20         12      0.99      0.00      0.00      0.00      0.00     99.01
01:41:20         13      0.00      0.00      0.00      0.00      0.00    100.00
01:41:20         14      0.00      0.00      0.00      0.00      0.00    100.00
01:41:20         15      0.00      0.00      0.00      0.00      0.00    100.00
01:41:20         16      0.99      0.00      0.00      0.00      0.00     99.01
01:41:20         17      0.00      0.00      0.00      0.00      0.00    100.00
01:41:20         18      0.00      0.00      0.00      0.00      0.00    100.00
01:41:20         19      0.00      0.00      0.00      0.00      0.00    100.00
01:41:20         20      0.00      0.00      0.00      0.00      0.00    100.00
01:41:20         21      0.00      0.00      0.00      0.00      0.00    100.00
01:41:20         22      0.00      0.00      0.00      0.00      0.00    100.00
01:41:20         23      0.00      0.00      0.00      0.00      0.00    100.00
01:41:20         24      0.00      0.00      0.00      0.00      0.00    100.00
01:41:20         25      0.00      0.00      0.00      0.00      0.00    100.00
01:41:20         26      0.00      0.00      0.00      0.00      0.00    100.00
01:41:20         27      0.00      0.00      0.00      0.00      0.00    100.00
01:41:20         28      0.00      0.00      0.00      0.00      0.00    100.00
01:41:20         29      0.00      0.00      0.00      0.00      0.00    100.00
01:41:20         30      0.99      0.00      0.00      0.00      0.00     99.01
01:41:20         31      1.00      0.00      0.00      0.00      0.00     99.00
01:41:20         32      0.00      0.00      0.00      0.00      0.00    100.00
01:41:20         33      0.00      0.00      0.00      0.00      0.00    100.00
01:41:20         34      0.00      0.00      0.00      0.00      0.00    100.00
01:41:20         35      0.99      0.00      0.00      0.00      0.00     99.01
01:41:20         36      0.00      0.00      0.00      0.00      0.00    100.00
01:41:20         37      0.00      0.00      0.00      0.00      0.00    100.00
01:41:20         38      0.00      0.00      0.00      0.00      0.00    100.00
01:41:20         39      0.00      0.00      0.00      0.00      0.00    100.00

01:41:20        CPU     %user     %nice   %system   %iowait    %steal     %idle
01:41:21        all      0.03      0.00      0.03      0.00      0.00     99.95
01:41:21          0      0.00      0.00      0.00      0.00      0.00    100.00
01:41:21          1      0.00      0.00      0.00      0.00      0.00    100.00
01:41:21          2      0.00      0.00      0.00      0.00      0.00    100.00
01:41:21          3      0.00      0.00      0.00      0.00      0.00    100.00
01:41:21          4      0.00      0.00      0.00      0.00      0.00    100.00
01:41:21          5      0.00      0.00      0.00      0.00      0.00    100.00
01:41:21          6      0.00      0.00      0.00      0.00      0.00    100.00
01:41:21          7      0.00      0.00      0.00      0.00      0.00    100.00
01:41:21          8      0.00      0.00      0.00      0.00      0.00    100.00
01:41:21          9      0.00      0.00      0.00      0.00      0.00    100.00
01:41:21         10      0.00      0.00      0.00      0.00      0.00    100.00
01:41:21         11      0.00      0.00      0.00      0.00      0.00    100.00
01:41:21         12      0.00      0.00      0.00      0.00      0.00    100.00
01:41:21         13      0.00      0.00      0.00      0.00      0.00    100.00
01:41:21         14      0.00      0.00      0.00      0.00      0.00    100.00
01:41:21         15      0.00      0.00      0.00      0.00      0.00    100.00
01:41:21         16      0.00      0.00      0.00      0.00      0.00    100.00
01:41:21         17      0.00      0.00      0.00      0.00      0.00    100.00
01:41:21         18      0.00      0.00      0.99      0.00      0.00     99.01
01:41:21         19      0.00      0.00      0.00      0.00      0.00    100.00
01:41:21         20      0.00      0.00      0.00      0.00      0.00    100.00
01:41:21         21      0.00      0.00      0.99      0.00      0.00     99.01
01:41:21         22      0.99      0.00      0.00      0.00      0.00     99.01
01:41:21         23      0.00      0.00      0.00      0.00      0.00    100.00
01:41:21         24      0.00      0.00      0.00      0.00      0.00    100.00
01:41:21         25      0.00      0.00      0.00      0.00      0.00    100.00
01:41:21         26      0.00      0.00      0.00      0.00      0.00    100.00
01:41:21         27      0.00      0.00      0.00      0.00      0.00    100.00
01:41:21         28      0.00      0.00      0.00      0.00      0.00    100.00
01:41:21         29      0.00      0.00      0.00      0.00      0.00    100.00
01:41:21         30      0.00      0.00      0.00      0.00      0.00    100.00
01:41:21         31      0.00      0.00      0.00      0.00      0.00    100.00
01:41:21         32      0.00      0.00      0.00      0.00      0.00    100.00
01:41:21         33      0.00      0.00      0.00      0.00      0.00    100.00
01:41:21         34      0.00      0.00      0.00      0.00      0.00    100.00
01:41:21         35      0.00      0.00      0.00      0.00      0.00    100.00
01:41:21         36      0.00      0.00      0.00      0.00      0.00    100.00
01:41:21         37      0.00      0.00      0.00      0.00      0.00    100.00
01:41:21         38      0.00      0.00      0.00      0.00      0.00    100.00
01:41:21         39      0.00      0.00      0.00      0.00      0.00    100.00

01:41:21        CPU     %user     %nice   %system   %iowait    %steal     %idle
01:41:22        all      0.00      0.00      0.03      0.00      0.00     99.98
01:41:22          0      0.00      0.00      0.00      0.00      0.00    100.00
01:41:22          1      0.00      0.00      0.99      0.00      0.00     99.01
01:41:22          2      0.00      0.00      0.00      0.00      0.00    100.00
01:41:22          3      0.00      0.00      0.00      0.00      0.00    100.00
01:41:22          4      0.00      0.00      0.00      0.00      0.00    100.00
01:41:22          5      0.00      0.00      0.00      0.00      0.00    100.00
01:41:22          6      0.00      0.00      0.00      0.00      0.00    100.00
01:41:22          7      0.00      0.00      0.00      0.00      0.00    100.00
01:41:22          8      0.00      0.00      0.00      0.00      0.00    100.00
01:41:22          9      0.00      0.00      0.00      0.00      0.00    100.00
01:41:22         10      0.00      0.00      0.00      0.00      0.00    100.00
01:41:22         11      0.00      0.00      0.00      0.00      0.00    100.00
01:41:22         12      0.00      0.00      0.00      0.00      0.00    100.00
01:41:22         13      0.00      0.00      0.00      0.00      0.00    100.00
01:41:22         14      0.00      0.00      0.00      0.00      0.00    100.00
01:41:22         15      0.00      0.00      0.00      0.00      0.00    100.00
01:41:22         16      0.00      0.00      0.00      0.00      0.00    100.00
01:41:22         17      0.00      0.00      0.00      0.00      0.00    100.00
01:41:22         18      0.00      0.00      0.00      0.00      0.00    100.00
01:41:22         19      0.00      0.00      0.00      0.00      0.00    100.00
01:41:22         20      0.00      0.00      0.00      0.00      0.00    100.00
01:41:22         21      0.00      0.00      0.00      0.00      0.00    100.00
01:41:22         22      0.00      0.00      0.00      0.00      0.00    100.00
01:41:22         23      0.00      0.00      0.00      0.00      0.00    100.00
01:41:22         24      0.00      0.00      0.00      0.00      0.00    100.00
01:41:22         25      0.00      0.00      0.00      0.00      0.00    100.00
01:41:22         26      0.00      0.00      0.00      0.00      0.00    100.00
01:41:22         27      0.00      0.00      0.00      0.00      0.00    100.00
01:41:22         28      0.00      0.00      0.00      0.00      0.00    100.00
01:41:22         29      0.00      0.00      0.00      0.00      0.00    100.00
01:41:22         30      0.00      0.00      0.00      0.00      0.00    100.00
01:41:22         31      0.00      0.00      0.00      0.00      0.00    100.00
01:41:22         32      0.00      0.00      0.00      0.00      0.00    100.00
01:41:22         33      0.00      0.00      0.00      0.00      0.00    100.00
01:41:22         34      0.00      0.00      0.00      0.00      0.00    100.00
01:41:22         35      0.00      0.00      0.00      0.00      0.00    100.00
01:41:22         36      0.00      0.00      0.00      0.00      0.00    100.00
01:41:22         37      0.00      0.00      0.00      0.00      0.00    100.00
01:41:22         38      0.00      0.00      0.00      0.00      0.00    100.00
01:41:22         39      0.00      0.00      0.00      0.00      0.00    100.00

01:41:22        CPU     %user     %nice   %system   %iowait    %steal     %idle
01:41:23        all      0.03      0.00      0.03      0.00      0.00     99.95
01:41:23          0      0.00      0.00      0.00      0.00      0.00    100.00
01:41:23          1      1.00      0.00      0.00      0.00      0.00     99.00
01:41:23          2      0.00      0.00      0.99      0.00      0.00     99.01
01:41:23          3      0.00      0.00      0.00      0.00      0.00    100.00
01:41:23          4      0.00      0.00      0.00      0.00      0.00    100.00
01:41:23          5      0.00      0.00      0.00      0.00      0.00    100.00
01:41:23          6      0.00      0.00      0.00      0.00      0.00    100.00
01:41:23          7      0.00      0.00      0.00      0.00      0.00    100.00
01:41:23          8      0.00      0.00      0.00      0.00      0.00    100.00
01:41:23          9      0.00      0.00      0.00      0.00      0.00    100.00
01:41:23         10      0.00      0.00      0.00      0.00      0.00    100.00
01:41:23         11      0.00      0.00      0.00      0.00      0.00    100.00
01:41:23         12      0.00      0.00      0.00      0.00      0.00    100.00
01:41:23         13      0.00      0.00      0.00      0.00      0.00    100.00
01:41:23         14      0.00      0.00      0.00      0.00      0.00    100.00
01:41:23         15      0.00      0.00      0.00      0.00      0.00    100.00
01:41:23         16      0.00      0.00      0.00      0.00      0.00    100.00
01:41:23         17      0.00      0.00      0.00      0.00      0.00    100.00
01:41:23         18      0.99      0.00      0.00      0.00      0.00     99.01
01:41:23         19      0.00      0.00      0.00      0.00      0.00    100.00
01:41:23         20      0.00      0.00      0.00      0.00      0.00    100.00
01:41:23         21      0.00      0.00      0.00      0.00      0.00    100.00
01:41:23         22      0.00      0.00      0.00      0.00      0.00    100.00
01:41:23         23      0.00      0.00      0.00      0.00      0.00    100.00
01:41:23         24      0.00      0.00      0.00      0.00      0.00    100.00
01:41:23         25      0.00      0.00      0.00      0.00      0.00    100.00
01:41:23         26      0.00      0.00      0.00      0.00      0.00    100.00
01:41:23         27      0.00      0.00      0.00      0.00      0.00    100.00
01:41:23         28      0.00      0.00      0.00      0.00      0.00    100.00
01:41:23         29      0.00      0.00      0.00      0.00      0.00    100.00
01:41:23         30      0.00      0.00      0.00      0.00      0.00    100.00
01:41:23         31      0.00      0.00      0.00      0.00      0.00    100.00
01:41:23         32      0.00      0.00      0.00      0.00      0.00    100.00
01:41:23         33      0.00      0.00      0.00      0.00      0.00    100.00
01:41:23         34      0.00      0.00      0.00      0.00      0.00    100.00
01:41:23         35      0.00      0.00      0.00      0.00      0.00    100.00
01:41:23         36      0.00      0.00      0.00      0.00      0.00    100.00
01:41:23         37      0.00      0.00      0.00      0.00      0.00    100.00
01:41:23         38      0.00      0.00      0.00      0.00      0.00    100.00
01:41:23         39      0.00      0.00      0.00      0.00      0.00    100.00

01:41:23        CPU     %user     %nice   %system   %iowait    %steal     %idle
01:41:24        all      0.00      0.00      0.03      0.00      0.00     99.97
01:41:24          0      0.00      0.00      0.00      0.00      0.00    100.00
01:41:24          1      0.00      0.00      0.99      0.00      0.00     99.01
01:41:24          2      0.00      0.00      0.00      0.00      0.00    100.00
01:41:24          3      0.00      0.00      0.00      0.00      0.00    100.00
01:41:24          4      0.00      0.00      0.00      0.00      0.00    100.00
01:41:24          5      0.00      0.00      0.00      0.00      0.00    100.00
01:41:24          6      0.00      0.00      0.00      0.00      0.00    100.00
01:41:24          7      0.00      0.00      0.00      0.00      0.00    100.00
01:41:24          8      0.00      0.00      0.00      0.00      0.00    100.00
01:41:24          9      0.00      0.00      0.00      0.00      0.00    100.00
01:41:24         10      0.00      0.00      0.00      0.00      0.00    100.00
01:41:24         11      0.00      0.00      0.00      0.00      0.00    100.00
01:41:24         12      0.00      0.00      0.00      0.00      0.00    100.00
01:41:24         13      0.00      0.00      0.00      0.00      0.00    100.00
01:41:24         14      0.00      0.00      0.00      0.00      0.00    100.00
01:41:24         15      0.00      0.00      0.00      0.00      0.00    100.00
01:41:24         16      0.00      0.00      0.00      0.00      0.00    100.00
01:41:24         17      0.00      0.00      0.00      0.00      0.00    100.00
01:41:24         18      0.00      0.00      0.00      0.00      0.00    100.00
01:41:24         19      0.00      0.00      0.00      0.00      0.00    100.00
01:41:24         20      0.00      0.00      0.00      0.00      0.00    100.00
01:41:24         21      0.00      0.00      0.00      0.00      0.00    100.00
01:41:24         22      0.00      0.00      0.00      0.00      0.00    100.00
01:41:24         23      0.00      0.00      0.00      0.00      0.00    100.00
01:41:24         24      0.00      0.00      0.00      0.00      0.00    100.00
01:41:24         25      0.00      0.00      0.00      0.00      0.00    100.00
01:41:24         26      0.00      0.00      0.00      0.00      0.00    100.00
01:41:24         27      0.00      0.00      0.00      0.00      0.00    100.00
01:41:24         28      0.00      0.00      0.00      0.00      0.00    100.00
01:41:24         29      0.00      0.00      0.00      0.00      0.00    100.00
01:41:24         30      0.00      0.00      0.00      0.00      0.00    100.00
01:41:24         31      0.00      0.00      0.00      0.00      0.00    100.00
01:41:24         32      0.00      0.00      0.00      0.00      0.00    100.00
01:41:24         33      0.00      0.00      0.00      0.00      0.00    100.00
01:41:24         34      0.00      0.00      0.00      0.00      0.00    100.00
01:41:24         35      0.00      0.00      0.00      0.00      0.00    100.00
01:41:24         36      0.00      0.00      0.00      0.00      0.00    100.00
01:41:24         37      0.00      0.00      0.00      0.00      0.00    100.00
01:41:24         38      0.00      0.00      0.00      0.00      0.00    100.00
01:41:24         39      0.00      0.00      0.00      0.00      0.00    100.00

01:41:24        CPU     %user     %nice   %system   %iowait    %steal     %idle
01:41:25        all      0.03      0.00      0.00      0.00      0.00     99.98
01:41:25          0      0.00      0.00      0.00      0.00      0.00    100.00
01:41:25          1      0.00      0.00      0.00      0.00      0.00    100.00
01:41:25          2      0.00      0.00      0.00      0.00      0.00    100.00
01:41:25          3      0.00      0.00      0.00      0.00      0.00    100.00
01:41:25          4      0.00      0.00      0.00      0.00      0.00    100.00
01:41:25          5      0.00      0.00      0.00      0.00      0.00    100.00
01:41:25          6      0.00      0.00      0.00      0.00      0.00    100.00
01:41:25          7      0.00      0.00      0.00      0.00      0.00    100.00
01:41:25          8      0.00      0.00      0.00      0.00      0.00    100.00
01:41:25          9      0.00      0.00      0.00      0.00      0.00    100.00
01:41:25         10      0.00      0.00      0.00      0.00      0.00    100.00
01:41:25         11      0.00      0.00      0.00      0.00      0.00    100.00
01:41:25         12      0.00      0.00      0.00      0.00      0.00    100.00
01:41:25         13      0.00      0.00      0.00      0.00      0.00    100.00
01:41:25         14      0.00      0.00      0.00      0.00      0.00    100.00
01:41:25         15      0.00      0.00      0.00      0.00      0.00    100.00
01:41:25         16      0.00      0.00      0.00      0.00      0.00    100.00
01:41:25         17      0.00      0.00      0.00      0.00      0.00    100.00
01:41:25         18      0.99      0.00      0.00      0.00      0.00     99.01
01:41:25         19      0.00      0.00      0.00      0.00      0.00    100.00
01:41:25         20      0.00      0.00      0.00      0.00      0.00    100.00
01:41:25         21      0.00      0.00      0.00      0.00      0.00    100.00
01:41:25         22      0.00      0.00      0.00      0.00      0.00    100.00
01:41:25         23      0.00      0.00      0.00      0.00      0.00    100.00
01:41:25         24      0.00      0.00      0.00      0.00      0.00    100.00
01:41:25         25      0.00      0.00      0.00      0.00      0.00    100.00
01:41:25         26      0.00      0.00      0.00      0.00      0.00    100.00
01:41:25         27      0.00      0.00      0.00      0.00      0.00    100.00
01:41:25         28      0.00      0.00      0.00      0.00      0.00    100.00
01:41:25         29      0.00      0.00      0.00      0.00      0.00    100.00
01:41:25         30      0.00      0.00      0.00      0.00      0.00    100.00
01:41:25         31      0.00      0.00      0.00      0.00      0.00    100.00
01:41:25         32      0.00      0.00      0.00      0.00      0.00    100.00
01:41:25         33      0.00      0.00      0.00      0.00      0.00    100.00
01:41:25         34      0.00      0.00      0.00      0.00      0.00    100.00
01:41:25         35      0.00      0.00      0.00      0.00      0.00    100.00
01:41:25         36      0.00      0.00      0.00      0.00      0.00    100.00
01:41:25         37      0.00      0.00      0.00      0.00      0.00    100.00
01:41:25         38      0.00      0.00      0.00      0.00      0.00    100.00
01:41:25         39      0.00      0.00      0.00      0.00      0.00    100.00

01:41:25        CPU     %user     %nice   %system   %iowait    %steal     %idle
01:41:26        all      0.02      0.00      0.02      0.00      0.00     99.95
01:41:26          0      0.00      0.00      0.00      0.00      0.00    100.00
01:41:26          1      0.00      0.00      0.00      0.00      0.00    100.00
01:41:26          2      0.00      0.00      0.00      0.00      0.00    100.00
01:41:26          3      0.00      0.00      0.00      0.00      0.00    100.00
01:41:26          4      0.00      0.00      0.00      0.00      0.00    100.00
01:41:26          5      0.00      0.00      0.00      0.00      0.00    100.00
01:41:26          6      0.00      0.00      0.00      0.00      0.00    100.00
01:41:26          7      0.00      0.00      0.00      0.00      0.00    100.00
01:41:26          8      0.00      0.00      0.00      0.00      0.00    100.00
01:41:26          9      0.00      0.00      0.00      0.00      0.00    100.00
01:41:26         10      0.00      0.00      0.00      0.00      0.00    100.00
01:41:26         11      0.00      0.00      0.00      0.00      0.00    100.00
01:41:26         12      0.00      0.00      0.00      0.00      0.00    100.00
01:41:26         13      0.99      0.00      0.00      0.00      0.00     99.01
01:41:26         14      0.00      0.00      0.00      0.00      0.00    100.00
01:41:26         15      0.00      0.00      0.00      0.00      0.00    100.00
01:41:26         16      0.00      0.00      0.00      0.00      0.00    100.00
01:41:26         17      0.00      0.00      0.00      0.00      0.00    100.00
01:41:26         18      0.00      0.00      0.00      0.00      0.00    100.00
01:41:26         19      0.00      0.00      0.00      0.00      0.00    100.00
01:41:26         20      0.00      0.00      0.00      0.00      0.00    100.00
01:41:26         21      0.00      0.00      0.99      0.00      0.00     99.01
01:41:26         22      0.00      0.00      0.00      0.00      0.00    100.00
01:41:26         23      0.00      0.00      0.00      0.00      0.00    100.00
01:41:26         24      0.00      0.00      0.00      0.00      0.00    100.00
01:41:26         25      0.00      0.00      0.00      0.00      0.00    100.00
01:41:26         26      0.00      0.00      0.00      0.00      0.00    100.00
01:41:26         27      0.00      0.00      0.00      0.00      0.00    100.00
01:41:26         28      0.00      0.00      0.00      0.00      0.00    100.00
01:41:26         29      0.00      0.00      0.00      0.00      0.00    100.00
01:41:26         30      0.00      0.00      0.00      0.00      0.00    100.00
01:41:26         31      0.00      0.00      0.00      0.00      0.00    100.00
01:41:26         32      0.00      0.00      0.00      0.00      0.00    100.00
01:41:26         33      0.00      0.00      0.00      0.00      0.00    100.00
01:41:26         34      0.00      0.00      0.00      0.00      0.00    100.00
01:41:26         35      0.00      0.00      0.00      0.00      0.00    100.00
01:41:26         36      0.00      0.00      0.00      0.00      0.00    100.00
01:41:26         37      0.00      0.00      0.00      0.00      0.00    100.00
01:41:26         38      0.00      0.00      0.00      0.00      0.00    100.00
01:41:26         39      0.00      0.00      0.00      0.00      0.00    100.00

01:41:26        CPU     %user     %nice   %system   %iowait    %steal     %idle
01:41:27        all      0.00      0.00      0.03      0.00      0.00     99.97
01:41:27          0      0.00      0.00      0.00      0.00      0.00    100.00
01:41:27          1      0.00      0.00      0.00      0.00      0.00    100.00
01:41:27          2      0.00      0.00      0.00      0.00      0.00    100.00
01:41:27          3      0.00      0.00      0.00      0.00      0.00    100.00
01:41:27          4      0.00      0.00      0.00      0.00      0.00    100.00
01:41:27          5      0.00      0.00      0.00      0.00      0.00    100.00
01:41:27          6      0.00      0.00      0.00      0.00      0.00    100.00
01:41:27          7      0.00      0.00      0.00      0.00      0.00    100.00
01:41:27          8      0.00      0.00      0.00      0.00      0.00    100.00
01:41:27          9      0.00      0.00      0.00      0.00      0.00    100.00
01:41:27         10      0.00      0.00      0.00      0.00      0.00    100.00
01:41:27         11      0.00      0.00      0.00      0.00      0.00    100.00
01:41:27         12      0.00      0.00      0.00      0.00      0.00    100.00
01:41:27         13      0.00      0.00      0.00      0.00      0.00    100.00
01:41:27         14      0.00      0.00      0.00      0.00      0.00    100.00
01:41:27         15      0.00      0.00      0.00      0.00      0.00    100.00
01:41:27         16      0.00      0.00      0.00      0.00      0.00    100.00
01:41:27         17      0.00      0.00      0.00      0.00      0.00    100.00
01:41:27         18      0.00      0.00      0.99      0.00      0.00     99.01
01:41:27         19      0.00      0.00      0.00      0.00      0.00    100.00
01:41:27         20      0.00      0.00      0.00      0.00      0.00    100.00
01:41:27         21      0.00      0.00      0.00      0.00      0.00    100.00
01:41:27         22      0.00      0.00      0.00      0.00      0.00    100.00
01:41:27         23      0.00      0.00      0.00      0.00      0.00    100.00
01:41:27         24      0.00      0.00      0.00      0.00      0.00    100.00
01:41:27         25      0.00      0.00      0.00      0.00      0.00    100.00
01:41:27         26      0.00      0.00      0.00      0.00      0.00    100.00
01:41:27         27      0.00      0.00      0.00      0.00      0.00    100.00
01:41:27         28      0.00      0.00      0.00      0.00      0.00    100.00
01:41:27         29      0.00      0.00      0.00      0.00      0.00    100.00
01:41:27         30      0.00      0.00      0.00      0.00      0.00    100.00
01:41:27         31      0.00      0.00      0.00      0.00      0.00    100.00
01:41:27         32      0.00      0.00      0.00      0.00      0.00    100.00
01:41:27         33      0.00      0.00      0.00      0.00      0.00    100.00
01:41:27         34      0.00      0.00      0.00      0.00      0.00    100.00
01:41:27         35      0.00      0.00      0.00      0.00      0.00    100.00
01:41:27         36      0.00      0.00      0.00      0.00      0.00    100.00
01:41:27         37      0.00      0.00      0.00      0.00      0.00    100.00
01:41:27         38      0.00      0.00      0.00      0.00      0.00    100.00
01:41:27         39      0.00      0.00      0.00      0.00      0.00    100.00

01:41:27        CPU     %user     %nice   %system   %iowait    %steal     %idle
01:41:28        all      0.00      0.00      0.03      0.00      0.00     99.98
01:41:28          0      0.00      0.00      0.00      0.00      0.00    100.00
01:41:28          1      0.00      0.00      1.00      0.00      0.00     99.00
01:41:28          2      0.00      0.00      0.00      0.00      0.00    100.00
01:41:28          3      0.00      0.00      0.00      0.00      0.00    100.00
01:41:28          4      0.00      0.00      0.00      0.00      0.00    100.00
01:41:28          5      0.00      0.00      0.00      0.00      0.00    100.00
01:41:28          6      0.00      0.00      0.00      0.00      0.00    100.00
01:41:28          7      0.00      0.00      0.00      0.00      0.00    100.00
01:41:28          8      0.00      0.00      0.00      0.00      0.00    100.00
01:41:28          9      0.00      0.00      0.00      0.00      0.00    100.00
01:41:28         10      0.00      0.00      0.00      0.00      0.00    100.00
01:41:28         11      0.00      0.00      0.00      0.00      0.00    100.00
01:41:28         12      0.00      0.00      0.00      0.00      0.00    100.00
01:41:28         13      0.00      0.00      0.00      0.00      0.00    100.00
01:41:28         14      0.00      0.00      0.00      0.00      0.00    100.00
01:41:28         15      0.00      0.00      0.00      0.00      0.00    100.00
01:41:28         16      0.00      0.00      0.00      0.00      0.00    100.00
01:41:28         17      0.00      0.00      0.00      0.00      0.00    100.00
01:41:28         18      0.00      0.00      0.00      0.00      0.00    100.00
01:41:28         19      0.00      0.00      0.00      0.00      0.00    100.00
01:41:28         20      0.00      0.00      0.00      0.00      0.00    100.00
01:41:28         21      0.00      0.00      0.00      0.00      0.00    100.00
01:41:28         22      0.00      0.00      0.00      0.00      0.00    100.00
01:41:28         23      0.00      0.00      0.00      0.00      0.00    100.00
01:41:28         24      0.00      0.00      0.00      0.00      0.00    100.00
01:41:28         25      0.00      0.00      0.00      0.00      0.00    100.00
01:41:28         26      0.00      0.00      0.00      0.00      0.00    100.00
01:41:28         27      0.00      0.00      0.00      0.00      0.00    100.00
01:41:28         28      0.00      0.00      0.00      0.00      0.00    100.00
01:41:28         29      0.00      0.00      0.00      0.00      0.00    100.00
01:41:28         30      0.00      0.00      0.00      0.00      0.00    100.00
01:41:28         31      0.00      0.00      0.00      0.00      0.00    100.00
01:41:28         32      0.00      0.00      0.00      0.00      0.00    100.00
01:41:28         33      0.00      0.00      0.00      0.00      0.00    100.00
01:41:28         34      0.00      0.00      0.00      0.00      0.00    100.00
01:41:28         35      0.00      0.00      0.00      0.00      0.00    100.00
01:41:28         36      0.00      0.00      0.00      0.00      0.00    100.00
01:41:28         37      0.00      0.00      0.00      0.00      0.00    100.00
01:41:28         38      0.00      0.00      0.00      0.00      0.00    100.00
01:41:28         39      0.00      0.00      0.00      0.00      0.00    100.00

01:41:28        CPU     %user     %nice   %system   %iowait    %steal     %idle
01:41:29        all      0.00      0.00      0.03      0.00      0.00     99.97
01:41:29          0      0.00      0.00      0.00      0.00      0.00    100.00
01:41:29          1      0.00      0.00      0.00      0.00      0.00    100.00
01:41:29          2      0.00      0.00      0.00      0.00      0.00    100.00
01:41:29          3      0.00      0.00      0.00      0.00      0.00    100.00
01:41:29          4      0.00      0.00      0.00      0.00      0.00    100.00
01:41:29          5      0.00      0.00      0.00      0.00      0.00    100.00
01:41:29          6      0.00      0.00      0.00      0.00      0.00    100.00
01:41:29          7      0.00      0.00      0.00      0.00      0.00    100.00
01:41:29          8      0.00      0.00      0.00      0.00      0.00    100.00
01:41:29          9      0.00      0.00      0.00      0.00      0.00    100.00
01:41:29         10      0.00      0.00      0.00      0.00      0.00    100.00
01:41:29         11      0.00      0.00      0.00      0.00      0.00    100.00
01:41:29         12      0.00      0.00      0.00      0.00      0.00    100.00
01:41:29         13      0.00      0.00      0.00      0.00      0.00    100.00
01:41:29         14      0.00      0.00      0.00      0.00      0.00    100.00
01:41:29         15      0.00      0.00      0.00      0.00      0.00    100.00
01:41:29         16      0.00      0.00      0.00      0.00      0.00    100.00
01:41:29         17      0.00      0.00      0.00      0.00      0.00    100.00
01:41:29         18      0.00      0.00      1.00      0.00      0.00     99.00
01:41:29         19      0.00      0.00      0.00      0.00      0.00    100.00
01:41:29         20      0.00      0.00      0.00      0.00      0.00    100.00
01:41:29         21      0.00      0.00      0.00      0.00      0.00    100.00
01:41:29         22      0.00      0.00      0.00      0.00      0.00    100.00
01:41:29         23      0.00      0.00      0.00      0.00      0.00    100.00
01:41:29         24      0.00      0.00      0.00      0.00      0.00    100.00
01:41:29         25      0.00      0.00      0.00      0.00      0.00    100.00
01:41:29         26      0.00      0.00      0.00      0.00      0.00    100.00
01:41:29         27      0.00      0.00      0.00      0.00      0.00    100.00
01:41:29         28      0.00      0.00      0.00      0.00      0.00    100.00
01:41:29         29      0.00      0.00      0.00      0.00      0.00    100.00
01:41:29         30      0.00      0.00      0.00      0.00      0.00    100.00
01:41:29         31      0.00      0.00      0.00      0.00      0.00    100.00
01:41:29         32      0.00      0.00      0.00      0.00      0.00    100.00
01:41:29         33      0.00      0.00      0.00      0.00      0.00    100.00
01:41:29         34      0.00      0.00      0.00      0.00      0.00    100.00
01:41:29         35      0.00      0.00      0.00      0.00      0.00    100.00
01:41:29         36      0.00      0.00      0.00      0.00      0.00    100.00
01:41:29         37      0.00      0.00      0.00      0.00      0.00    100.00
01:41:29         38      0.00      0.00      0.00      0.00      0.00    100.00
01:41:29         39      0.00      0.00      0.00      0.00      0.00    100.00

01:41:29        CPU     %user     %nice   %system   %iowait    %steal     %idle
01:41:30        all      1.65      0.00      0.43      0.00      0.00     97.92
01:41:30          0      0.99      0.00      0.00      0.00      0.00     99.01
01:41:30          1      0.00      0.00      0.00      0.00      0.00    100.00
01:41:30          2      0.00      0.00      0.99      0.00      0.00     99.01
01:41:30          3      4.04      0.00      0.00      0.00      0.00     95.96
01:41:30          4      5.00      0.00      2.00      0.00      0.00     93.00
01:41:30          5      1.98      0.00      0.99      0.00      0.00     97.03
01:41:30          6      0.00      0.00      0.00      0.00      0.00    100.00
01:41:30          7      0.00      0.00      0.00      0.00      0.00    100.00
01:41:30          8      3.00      0.00      1.00      0.00      0.00     96.00
01:41:30          9     11.11      0.00      0.00      0.00      0.00     88.89
01:41:30         10      0.00      0.00      0.00      0.00      0.00    100.00
01:41:30         11      0.00      0.00      0.00      0.00      0.00    100.00
01:41:30         12      0.00      0.00      0.00      0.00      0.00    100.00
01:41:30         13      0.00      0.00      2.00      0.00      0.00     98.00
01:41:30         14      0.00      0.00      0.99      0.00      0.00     99.01
01:41:30         15      0.00      0.00      0.00      0.00      0.00    100.00
01:41:30         16      0.00      0.00      0.00      0.00      0.00    100.00
01:41:30         17      1.01      0.00      0.00      0.00      0.00     98.99
01:41:30         18      0.00      0.00      0.00      0.00      0.00    100.00
01:41:30         19      0.00      0.00      0.00      0.00      0.00    100.00
01:41:30         20      0.00      0.00      0.00      0.00      0.00    100.00
01:41:30         21      1.00      0.00      1.00      0.00      0.00     98.00
01:41:30         22      0.00      0.00      0.00      0.00      0.00    100.00
01:41:30         23      6.06      0.00      0.00      0.00      0.00     93.94
01:41:30         24      0.00      0.00      0.00      0.00      0.00    100.00
01:41:30         25     10.10      0.00      1.01      0.00      0.00     88.89
01:41:30         26      1.00      0.00      1.00      0.00      0.00     98.00
01:41:30         27      7.00      0.00      1.00      0.00      0.00     92.00
01:41:30         28      8.00      0.00      2.00      0.00      0.00     90.00
01:41:30         29      0.00      0.00      0.00      0.00      0.00    100.00
01:41:30         30      0.00      0.00      0.00      0.00      0.00    100.00
01:41:30         31      0.00      0.00      0.00      0.00      0.00    100.00
01:41:30         32      1.00      0.00      0.00      0.00      0.00     99.00
01:41:30         33      0.00      0.00      0.00      0.00      0.00    100.00
01:41:30         34      1.00      0.00      1.00      0.00      0.00     98.00
01:41:30         35      0.00      0.00      0.00      0.00      0.00    100.00
01:41:30         36      0.00      0.00      0.00      0.00      0.00    100.00
01:41:30         37      0.00      0.00      0.00      0.00      0.00    100.00
01:41:30         38      2.97      0.00      1.98      0.00      0.00     95.05
01:41:30         39      0.00      0.00      0.00      0.00      0.00    100.00

01:41:30        CPU     %user     %nice   %system   %iowait    %steal     %idle
01:41:31        all      6.81      0.00      1.78      0.05      0.00     91.36
01:41:31          0      5.94      0.00      0.99      0.00      0.00     93.07
01:41:31          1      5.88      0.00      3.92      0.00      0.00     90.20
01:41:31          2      7.07      0.00      2.02      0.00      0.00     90.91
01:41:31          3      0.98      0.00      2.94      0.00      0.00     96.08
01:41:31          4     29.00      0.00      4.00      0.00      0.00     67.00
01:41:31          5      0.00      0.00      0.00      0.00      0.00    100.00
01:41:31          6     18.37      0.00      1.02      0.00      0.00     80.61
01:41:31          7      3.00      0.00      1.00      0.00      0.00     96.00
01:41:31          8      1.01      0.00      0.00      0.00      0.00     98.99
01:41:31          9     36.27      0.00      4.90      0.00      0.00     58.82
01:41:31         10     35.00      0.00      9.00      0.00      0.00     56.00
01:41:31         11      0.00      0.00      1.00      0.00      0.00     99.00
01:41:31         12      0.00      0.00      0.00      0.00      0.00    100.00
01:41:31         13      0.99      0.00      1.98      0.00      0.00     97.03
01:41:31         14      0.00      0.00      0.00      0.00      0.00    100.00
01:41:31         15      0.00      0.00      0.00      0.00      0.00    100.00
01:41:31         16      0.00      0.00      0.00      0.00      0.00    100.00
01:41:31         17     12.87      0.00      1.98      0.00      0.00     85.15
01:41:31         18      0.00      0.00      0.00      0.00      0.00    100.00
01:41:31         19      0.00      0.00      0.00      0.00      0.00    100.00
01:41:31         20      4.90      0.00      1.96      1.96      0.00     91.18
01:41:31         21      7.07      0.00      0.00      0.00      0.00     92.93
01:41:31         22      0.00      0.00      1.00      0.00      0.00     99.00
01:41:31         23     13.86      0.00      3.96      0.00      0.00     82.18
01:41:31         24      4.00      0.00      1.00      0.00      0.00     95.00
01:41:31         25      8.91      0.00      0.99      0.00      0.00     90.10
01:41:31         26     10.00      0.00      5.00      0.00      0.00     85.00
01:41:31         27      5.00      0.00      1.00      0.00      0.00     94.00
01:41:31         28      6.06      0.00      1.01      0.00      0.00     92.93
01:41:31         29      6.00      0.00      1.00      0.00      0.00     93.00
01:41:31         30      1.98      0.00      0.99      0.00      0.00     97.03
01:41:31         31      6.93      0.00      2.97      0.00      0.00     90.10
01:41:31         32      1.02      0.00      0.00      0.00      0.00     98.98
01:41:31         33      0.00      0.00      0.00      0.00      0.00    100.00
01:41:31         34     10.20      0.00      2.04      0.00      0.00     87.76
01:41:31         35      2.02      0.00      2.02      0.00      0.00     95.96
01:41:31         36      0.99      0.00      2.97      0.00      0.00     96.04
01:41:31         37     25.74      0.00      6.93      0.00      0.00     67.33
01:41:31         38      1.01      0.00      1.01      0.00      0.00     97.98
01:41:31         39      2.02      0.00      2.02      0.00      0.00     95.96

01:41:31        CPU     %user     %nice   %system   %iowait    %steal     %idle
01:41:32        all      0.00      0.00      0.03      0.00      0.00     99.97
01:41:32          0      0.00      0.00      0.00      0.00      0.00    100.00
01:41:32          1      0.00      0.00      0.00      0.00      0.00    100.00
01:41:32          2      0.00      0.00      0.00      0.00      0.00    100.00
01:41:32          3      0.00      0.00      0.00      0.00      0.00    100.00
01:41:32          4      0.00      0.00      0.00      0.00      0.00    100.00
01:41:32          5      0.00      0.00      0.00      0.00      0.00    100.00
01:41:32          6      0.00      0.00      0.00      0.00      0.00    100.00
01:41:32          7      0.00      0.00      0.00      0.00      0.00    100.00
01:41:32          8      0.00      0.00      0.00      0.00      0.00    100.00
01:41:32          9      0.00      0.00      0.00      0.00      0.00    100.00
01:41:32         10      0.00      0.00      0.00      0.00      0.00    100.00
01:41:32         11      0.00      0.00      0.00      0.00      0.00    100.00
01:41:32         12      0.00      0.00      0.00      0.00      0.00    100.00
01:41:32         13      0.00      0.00      0.00      0.00      0.00    100.00
01:41:32         14      0.00      0.00      0.00      0.00      0.00    100.00
01:41:32         15      0.00      0.00      0.00      0.00      0.00    100.00
01:41:32         16      0.00      0.00      0.00      0.00      0.00    100.00
01:41:32         17      0.00      0.00      0.00      0.00      0.00    100.00
01:41:32         18      0.00      0.00      0.00      0.00      0.00    100.00
01:41:32         19      0.00      0.00      0.00      0.00      0.00    100.00
01:41:32         20      0.00      0.00      0.00      0.00      0.00    100.00
01:41:32         21      0.00      0.00      0.99      0.00      0.00     99.01
01:41:32         22      0.00      0.00      0.00      0.00      0.00    100.00
01:41:32         23      0.00      0.00      0.00      0.00      0.00    100.00
01:41:32         24      0.00      0.00      0.00      0.00      0.00    100.00
01:41:32         25      0.00      0.00      0.00      0.00      0.00    100.00
01:41:32         26      0.00      0.00      0.00      0.00      0.00    100.00
01:41:32         27      0.00      0.00      0.00      0.00      0.00    100.00
01:41:32         28      0.00      0.00      0.00      0.00      0.00    100.00
01:41:32         29      0.00      0.00      0.00      0.00      0.00    100.00
01:41:32         30      0.00      0.00      0.00      0.00      0.00    100.00
01:41:32         31      0.00      0.00      0.00      0.00      0.00    100.00
01:41:32         32      0.00      0.00      0.00      0.00      0.00    100.00
01:41:32         33      0.00      0.00      0.00      0.00      0.00    100.00
01:41:32         34      0.00      0.00      0.00      0.00      0.00    100.00
01:41:32         35      0.00      0.00      0.00      0.00      0.00    100.00
01:41:32         36      0.00      0.00      0.00      0.00      0.00    100.00
01:41:32         37      0.00      0.00      0.00      0.00      0.00    100.00
01:41:32         38      0.00      0.00      0.00      0.00      0.00    100.00
01:41:32         39      0.00      0.00      0.00      0.00      0.00    100.00

01:41:32        CPU     %user     %nice   %system   %iowait    %steal     %idle
01:41:33        all      0.02      0.00      0.02      0.00      0.00     99.95
01:41:33          0      0.00      0.00      0.00      0.00      0.00    100.00
01:41:33          1      0.00      0.00      0.99      0.00      0.00     99.01
01:41:33          2      0.00      0.00      0.00      0.00      0.00    100.00
01:41:33          3      0.00      0.00      0.00      0.00      0.00    100.00
01:41:33          4      0.00      0.00      0.00      0.00      0.00    100.00
01:41:33          5      0.00      0.00      0.00      0.00      0.00    100.00
01:41:33          6      0.00      0.00      0.00      0.00      0.00    100.00
01:41:33          7      0.00      0.00      0.00      0.00      0.00    100.00
01:41:33          8      0.00      0.00      0.00      0.00      0.00    100.00
01:41:33          9      0.00      0.00      0.00      0.00      0.00    100.00
01:41:33         10      0.00      0.00      0.00      0.00      0.00    100.00
01:41:33         11      0.00      0.00      0.00      0.00      0.00    100.00
01:41:33         12      0.00      0.00      0.00      0.00      0.00    100.00
01:41:33         13      0.00      0.00      0.00      0.00      0.00    100.00
01:41:33         14      0.00      0.00      0.00      0.00      0.00    100.00
01:41:33         15      0.00      0.00      0.00      0.00      0.00    100.00
01:41:33         16      0.00      0.00      0.00      0.00      0.00    100.00
01:41:33         17      0.00      0.00      0.00      0.00      0.00    100.00
01:41:33         18      0.00      0.00      0.99      0.00      0.00     99.01
01:41:33         19      0.00      0.00      0.00      0.00      0.00    100.00
01:41:33         20      0.00      0.00      0.00      0.00      0.00    100.00
01:41:33         21      0.00      0.00      0.00      0.00      0.00    100.00
01:41:33         22      0.00      0.00      0.00      0.00      0.00    100.00
01:41:33         23      0.00      0.00      0.00      0.00      0.00    100.00
01:41:33         24      0.00      0.00      0.00      0.00      0.00    100.00
01:41:33         25      0.00      0.00      0.00      0.00      0.00    100.00
01:41:33         26      0.00      0.00      0.00      0.00      0.00    100.00
01:41:33         27      0.00      0.00      0.00      0.00      0.00    100.00
01:41:33         28      0.00      0.00      0.00      0.00      0.00    100.00
01:41:33         29      0.00      0.00      0.00      0.00      0.00    100.00
01:41:33         30      0.00      0.00      0.00      0.00      0.00    100.00
01:41:33         31      0.00      0.00      0.00      0.00      0.00    100.00
01:41:33         32      0.00      0.00      0.00      0.00      0.00    100.00
01:41:33         33      0.00      0.00      0.00      0.00      0.00    100.00
01:41:33         34      0.00      0.00      0.00      0.00      0.00    100.00
01:41:33         35      0.00      0.00      0.00      0.00      0.00    100.00
01:41:33         36      0.00      0.00      0.00      0.00      0.00    100.00
01:41:33         37      0.00      0.00      0.00      0.00      0.00    100.00
01:41:33         38      0.00      0.00      0.00      0.00      0.00    100.00
01:41:33         39      0.00      0.00      0.00      0.00      0.00    100.00

01:41:33        CPU     %user     %nice   %system   %iowait    %steal     %idle
01:41:34        all      0.00      0.00      0.05      0.08      0.00     99.87
01:41:34          0      0.00      0.00      0.00      0.00      0.00    100.00
01:41:34          1      0.00      0.00      0.00      0.00      0.00    100.00
01:41:34          2      0.00      0.00      0.00      0.00      0.00    100.00
01:41:34          3      0.00      0.00      0.00      4.00      0.00     96.00
01:41:34          4      0.00      0.00      0.00      0.00      0.00    100.00
01:41:34          5      0.00      0.00      0.00      0.00      0.00    100.00
01:41:34          6      0.00      0.00      0.00      0.00      0.00    100.00
01:41:34          7      0.00      0.00      0.00      0.00      0.00    100.00
01:41:34          8      0.00      0.00      0.00      0.00      0.00    100.00
01:41:34          9      0.00      0.00      0.00      0.00      0.00    100.00
01:41:34         10      0.00      0.00      0.00      0.00      0.00    100.00
01:41:34         11      0.00      0.00      0.00      0.00      0.00    100.00
01:41:34         12      0.00      0.00      0.00      0.00      0.00    100.00
01:41:34         13      0.00      0.00      0.00      0.00      0.00    100.00
01:41:34         14      0.00      0.00      0.00      0.00      0.00    100.00
01:41:34         15      0.00      0.00      0.00      0.00      0.00    100.00
01:41:34         16      0.00      0.00      0.00      0.00      0.00    100.00
01:41:34         17      0.00      0.00      0.00      0.00      0.00    100.00
01:41:34         18      0.00      0.00      0.00      0.00      0.00    100.00
01:41:34         19      0.00      0.00      0.00      0.00      0.00    100.00
01:41:34         20      0.00      0.00      0.00      0.00      0.00    100.00
01:41:34         21      0.00      0.00      0.00      0.00      0.00    100.00
01:41:34         22      0.00      0.00      0.00      0.00      0.00    100.00
01:41:34         23      0.00      0.00      0.00      0.00      0.00    100.00
01:41:34         24      0.00      0.00      0.00      0.00      0.00    100.00
01:41:34         25      0.00      0.00      0.00      0.00      0.00    100.00
01:41:34         26      0.00      0.00      0.00      0.00      0.00    100.00
01:41:34         27      0.00      0.00      0.00      0.00      0.00    100.00
01:41:34         28      0.00      0.00      0.00      0.00      0.00    100.00
01:41:34         29      0.00      0.00      0.00      0.00      0.00    100.00
01:41:34         30      0.00      0.00      0.00      0.00      0.00    100.00
01:41:34         31      0.00      0.00      0.00      0.00      0.00    100.00
01:41:34         32      0.00      0.00      0.00      0.00      0.00    100.00
01:41:34         33      0.00      0.00      0.00      0.00      0.00    100.00
01:41:34         34      0.00      0.00      0.00      0.00      0.00    100.00
01:41:34         35      0.00      0.00      0.00      0.00      0.00    100.00
01:41:34         36      0.00      0.00      0.00      0.00      0.00    100.00
01:41:34         37      0.00      0.00      0.00      0.00      0.00    100.00
01:41:34         38      0.00      0.00      0.00      0.00      0.00    100.00
01:41:34         39      0.00      0.00      0.00      0.00      0.00    100.00

01:41:34        CPU     %user     %nice   %system   %iowait    %steal     %idle
01:41:35        all      0.02      0.00      0.02      0.00      0.00     99.95
01:41:35          0      0.00      0.00      0.00      0.00      0.00    100.00
01:41:35          1      0.00      0.00      0.99      0.00      0.00     99.01
01:41:35          2      0.00      0.00      0.00      0.00      0.00    100.00
01:41:35          3      0.00      0.00      0.00      0.00      0.00    100.00
01:41:35          4      0.00      0.00      0.00      0.00      0.00    100.00
01:41:35          5      0.00      0.00      0.00      0.00      0.00    100.00
01:41:35          6      0.00      0.00      0.00      0.00      0.00    100.00
01:41:35          7      0.00      0.00      0.00      0.00      0.00    100.00
01:41:35          8      0.00      0.00      0.00      0.00      0.00    100.00
01:41:35          9      0.00      0.00      0.00      0.00      0.00    100.00
01:41:35         10      0.00      0.00      0.00      0.00      0.00    100.00
01:41:35         11      0.00      0.00      0.00      0.00      0.00    100.00
01:41:35         12      0.00      0.00      0.00      0.00      0.00    100.00
01:41:35         13      0.00      0.00      0.00      0.00      0.00    100.00
01:41:35         14      0.00      0.00      0.00      0.00      0.00    100.00
01:41:35         15      0.00      0.00      0.00      0.00      0.00    100.00
01:41:35         16      0.00      0.00      0.00      0.00      0.00    100.00
01:41:35         17      0.00      0.00      0.00      0.00      0.00    100.00
01:41:35         18      0.00      0.00      0.99      0.00      0.00     99.01
01:41:35         19      0.00      0.00      0.00      0.00      0.00    100.00
01:41:35         20      0.00      0.00      0.00      0.00      0.00    100.00
01:41:35         21      0.00      0.00      0.00      0.00      0.00    100.00
01:41:35         22      0.00      0.00      0.00      0.00      0.00    100.00
01:41:35         23      0.00      0.00      0.00      0.00      0.00    100.00
01:41:35         24      0.00      0.00      0.00      0.00      0.00    100.00
01:41:35         25      0.00      0.00      0.00      0.00      0.00    100.00
01:41:35         26      0.00      0.00      0.00      0.00      0.00    100.00
01:41:35         27      0.00      0.00      0.00      0.00      0.00    100.00
01:41:35         28      0.00      0.00      0.00      0.00      0.00    100.00
01:41:35         29      0.00      0.00      0.00      0.00      0.00    100.00
01:41:35         30      0.00      0.00      0.00      0.00      0.00    100.00
01:41:35         31      0.00      0.00      0.00      0.00      0.00    100.00
01:41:35         32      0.00      0.00      0.00      0.00      0.00    100.00
01:41:35         33      0.00      0.00      0.00      0.00      0.00    100.00
01:41:35         34      0.00      0.00      0.00      0.00      0.00    100.00
01:41:35         35      0.00      0.00      0.00      0.00      0.00    100.00
01:41:35         36      0.00      0.00      0.00      0.00      0.00    100.00
01:41:35         37      0.00      0.00      0.00      0.00      0.00    100.00
01:41:35         38      0.00      0.00      0.00      0.00      0.00    100.00
01:41:35         39      0.00      0.00      0.00      0.00      0.00    100.00

01:41:35        CPU     %user     %nice   %system   %iowait    %steal     %idle
01:41:36        all      0.00      0.00      0.03      0.00      0.00     99.97
01:41:36          0      0.00      0.00      0.00      0.00      0.00    100.00
01:41:36          1      0.00      0.00      0.00      0.00      0.00    100.00
01:41:36          2      0.00      0.00      0.00      0.00      0.00    100.00
01:41:36          3      0.00      0.00      0.00      0.00      0.00    100.00
01:41:36          4      0.00      0.00      0.00      0.00      0.00    100.00
01:41:36          5      0.00      0.00      0.00      0.00      0.00    100.00
01:41:36          6      0.00      0.00      0.00      0.00      0.00    100.00
01:41:36          7      0.00      0.00      0.00      0.00      0.00    100.00
01:41:36          8      0.00      0.00      0.00      0.00      0.00    100.00
01:41:36          9      0.00      0.00      0.00      0.00      0.00    100.00
01:41:36         10      0.00      0.00      0.00      0.00      0.00    100.00
01:41:36         11      0.00      0.00      0.00      0.00      0.00    100.00
01:41:36         12      0.00      0.00      0.00      0.00      0.00    100.00
01:41:36         13      0.00      0.00      0.00      0.00      0.00    100.00
01:41:36         14      0.00      0.00      0.00      0.00      0.00    100.00
01:41:36         15      0.00      0.00      0.00      0.00      0.00    100.00
01:41:36         16      0.00      0.00      0.00      0.00      0.00    100.00
01:41:36         17      0.00      0.00      0.00      0.00      0.00    100.00
01:41:36         18      0.00      0.00      0.00      0.00      0.00    100.00
01:41:36         19      0.00      0.00      0.00      0.00      0.00    100.00
01:41:36         20      0.00      0.00      0.00      0.00      0.00    100.00
01:41:36         21      0.00      0.00      0.00      0.00      0.00    100.00
01:41:36         22      0.00      0.00      0.00      0.00      0.00    100.00
01:41:36         23      0.00      0.00      0.00      0.00      0.00    100.00
01:41:36         24      0.00      0.00      0.00      0.00      0.00    100.00
01:41:36         25      0.00      0.00      0.99      0.00      0.00     99.01
01:41:36         26      0.00      0.00      0.00      0.00      0.00    100.00
01:41:36         27      0.00      0.00      0.00      0.00      0.00    100.00
01:41:36         28      0.00      0.00      0.00      0.00      0.00    100.00
01:41:36         29      0.00      0.00      0.00      0.00      0.00    100.00
01:41:36         30      0.00      0.00      0.00      0.00      0.00    100.00
01:41:36         31      0.00      0.00      0.00      0.00      0.00    100.00
01:41:36         32      0.00      0.00      0.00      0.00      0.00    100.00
01:41:36         33      0.00      0.00      0.00      0.00      0.00    100.00
01:41:36         34      0.00      0.00      0.00      0.00      0.00    100.00
01:41:36         35      0.00      0.00      0.00      0.00      0.00    100.00
01:41:36         36      0.00      0.00      0.00      0.00      0.00    100.00
01:41:36         37      0.00      0.00      0.00      0.00      0.00    100.00
01:41:36         38      0.00      0.00      0.00      0.00      0.00    100.00
01:41:36         39      0.00      0.00      0.00      0.00      0.00    100.00

01:41:36        CPU     %user     %nice   %system   %iowait    %steal     %idle
01:41:37        all      0.00      0.00      0.03      0.00      0.00     99.98
01:41:37          0      0.00      0.00      0.00      0.00      0.00    100.00
01:41:37          1      0.00      0.00      1.00      0.00      0.00     99.00
01:41:37          2      0.00      0.00      0.00      0.00      0.00    100.00
01:41:37          3      0.00      0.00      0.00      0.00      0.00    100.00
01:41:37          4      0.00      0.00      0.00      0.00      0.00    100.00
01:41:37          5      0.00      0.00      0.00      0.00      0.00    100.00
01:41:37          6      0.00      0.00      0.00      0.00      0.00    100.00
01:41:37          7      0.00      0.00      0.00      0.00      0.00    100.00
01:41:37          8      0.00      0.00      0.00      0.00      0.00    100.00
01:41:37          9      0.00      0.00      0.00      0.00      0.00    100.00
01:41:37         10      0.00      0.00      0.00      0.00      0.00    100.00
01:41:37         11      0.00      0.00      0.00      0.00      0.00    100.00
01:41:37         12      0.00      0.00      0.00      0.00      0.00    100.00
01:41:37         13      0.00      0.00      0.00      0.00      0.00    100.00
01:41:37         14      0.00      0.00      0.00      0.00      0.00    100.00
01:41:37         15      0.00      0.00      0.00      0.00      0.00    100.00
01:41:37         16      0.00      0.00      0.00      0.00      0.00    100.00
01:41:37         17      0.00      0.00      0.00      0.00      0.00    100.00
01:41:37         18      0.00      0.00      0.00      0.00      0.00    100.00
01:41:37         19      0.00      0.00      0.00      0.00      0.00    100.00
01:41:37         20      0.00      0.00      0.00      0.00      0.00    100.00
01:41:37         21      0.00      0.00      0.00      0.00      0.00    100.00
01:41:37         22      0.00      0.00      0.00      0.00      0.00    100.00
01:41:37         23      0.00      0.00      0.00      0.00      0.00    100.00
01:41:37         24      0.00      0.00      0.00      0.00      0.00    100.00
01:41:37         25      0.00      0.00      0.00      0.00      0.00    100.00
01:41:37         26      0.00      0.00      0.00      0.00      0.00    100.00
01:41:37         27      0.00      0.00      0.00      0.00      0.00    100.00
01:41:37         28      0.00      0.00      0.00      0.00      0.00    100.00
01:41:37         29      0.00      0.00      0.00      0.00      0.00    100.00
01:41:37         30      0.00      0.00      0.00      0.00      0.00    100.00
01:41:37         31      0.00      0.00      0.00      0.00      0.00    100.00
01:41:37         32      0.00      0.00      0.00      0.00      0.00    100.00
01:41:37         33      0.00      0.00      0.00      0.00      0.00    100.00
01:41:37         34      0.00      0.00      0.00      0.00      0.00    100.00
01:41:37         35      0.00      0.00      0.00      0.00      0.00    100.00
01:41:37         36      0.00      0.00      0.00      0.00      0.00    100.00
01:41:37         37      0.00      0.00      0.00      0.00      0.00    100.00
01:41:37         38      0.00      0.00      0.00      0.00      0.00    100.00
01:41:37         39      0.00      0.00      0.00      0.00      0.00    100.00

01:41:37        CPU     %user     %nice   %system   %iowait    %steal     %idle
01:41:38        all      0.03      0.00      0.03      0.00      0.00     99.95
01:41:38          0      0.00      0.00      0.00      0.00      0.00    100.00
01:41:38          1      0.00      0.00      0.00      0.00      0.00    100.00
01:41:38          2      0.00      0.00      0.00      0.00      0.00    100.00
01:41:38          3      0.00      0.00      0.00      0.00      0.00    100.00
01:41:38          4      0.00      0.00      0.00      0.00      0.00    100.00
01:41:38          5      0.00      0.00      0.99      0.00      0.00     99.01
01:41:38          6      0.00      0.00      0.00      0.00      0.00    100.00
01:41:38          7      0.00      0.00      0.00      0.00      0.00    100.00
01:41:38          8      0.00      0.00      0.00      0.00      0.00    100.00
01:41:38          9      0.00      0.00      0.00      0.00      0.00    100.00
01:41:38         10      0.00      0.00      0.00      0.00      0.00    100.00
01:41:38         11      0.00      0.00      0.00      0.00      0.00    100.00
01:41:38         12      0.00      0.00      0.00      0.00      0.00    100.00
01:41:38         13      0.00      0.00      0.00      0.00      0.00    100.00
01:41:38         14      0.00      0.00      0.00      0.00      0.00    100.00
01:41:38         15      0.00      0.00      0.00      0.00      0.00    100.00
01:41:38         16      0.00      0.00      0.00      0.00      0.00    100.00
01:41:38         17      0.00      0.00      0.00      0.00      0.00    100.00
01:41:38         18      0.00      0.00      0.99      0.00      0.00     99.01
01:41:38         19      0.00      0.00      0.00      0.00      0.00    100.00
01:41:38         20      0.00      0.00      0.00      0.00      0.00    100.00
01:41:38         21      0.00      0.00      0.00      0.00      0.00    100.00
01:41:38         22      0.00      0.00      0.00      0.00      0.00    100.00
01:41:38         23      0.99      0.00      0.00      0.00      0.00     99.01
01:41:38         24      0.00      0.00      0.00      0.00      0.00    100.00
01:41:38         25      0.99      0.00      0.00      0.00      0.00     99.01
01:41:38         26      0.00      0.00      0.00      0.00      0.00    100.00
01:41:38         27      0.00      0.00      0.00      0.00      0.00    100.00
01:41:38         28      0.00      0.00      0.00      0.00      0.00    100.00
01:41:38         29      0.00      0.00      0.00      0.00      0.00    100.00
01:41:38         30      0.00      0.00      0.00      0.00      0.00    100.00
01:41:38         31      0.00      0.00      0.00      0.00      0.00    100.00
01:41:38         32      0.00      0.00      0.00      0.00      0.00    100.00
01:41:38         33      0.00      0.00      0.00      0.00      0.00    100.00
01:41:38         34      0.00      0.00      0.00      0.00      0.00    100.00
01:41:38         35      0.00      0.00      0.00      0.00      0.00    100.00
01:41:38         36      0.00      0.00      0.00      0.00      0.00    100.00
01:41:38         37      0.00      0.00      0.00      0.00      0.00    100.00
01:41:38         38      0.00      0.00      0.00      0.00      0.00    100.00
01:41:38         39      0.00      0.00      0.00      0.00      0.00    100.00

01:41:38        CPU     %user     %nice   %system   %iowait    %steal     %idle
01:41:39        all      0.00      0.00      0.02      0.02      0.00     99.95
01:41:39          0      0.00      0.00      0.00      0.00      0.00    100.00
01:41:39          1      0.00      0.00      0.00      0.00      0.00    100.00
01:41:39          2      0.00      0.00      0.00      0.00      0.00    100.00
01:41:39          3      0.00      0.00      0.00      0.00      0.00    100.00
01:41:39          4      0.00      0.00      0.00      0.00      0.00    100.00
01:41:39          5      0.00      0.00      0.00      0.00      0.00    100.00
01:41:39          6      0.00      0.00      0.00      0.00      0.00    100.00
01:41:39          7      0.00      0.00      0.00      0.00      0.00    100.00
01:41:39          8      0.00      0.00      0.00      0.00      0.00    100.00
01:41:39          9      0.00      0.00      0.00      0.00      0.00    100.00
01:41:39         10      0.00      0.00      0.00      0.00      0.00    100.00
01:41:39         11      0.00      0.00      0.00      0.00      0.00    100.00
01:41:39         12      0.00      0.00      0.00      0.00      0.00    100.00
01:41:39         13      0.00      0.00      0.00      0.00      0.00    100.00
01:41:39         14      0.00      0.00      0.00      0.00      0.00    100.00
01:41:39         15      0.00      0.00      0.00      0.00      0.00    100.00
01:41:39         16      0.00      0.00      0.00      0.00      0.00    100.00
01:41:39         17      0.00      0.00      0.00      0.00      0.00    100.00
01:41:39         18      0.00      0.00      0.00      0.00      0.00    100.00
01:41:39         19      0.00      0.00      0.00      0.00      0.00    100.00
01:41:39         20      0.00      0.00      0.00      0.00      0.00    100.00
01:41:39         21      0.00      0.00      0.00      0.00      0.00    100.00
01:41:39         22      0.00      0.00      0.00      0.00      0.00    100.00
01:41:39         23      0.00      0.00      0.00      0.00      0.00    100.00
01:41:39         24      0.00      0.00      0.00      0.00      0.00    100.00
01:41:39         25      0.00      0.00      0.00      0.00      0.00    100.00
01:41:39         26      0.00      0.00      0.00      0.00      0.00    100.00
01:41:39         27      0.00      0.00      0.00      0.00      0.00    100.00
01:41:39         28      0.00      0.00      0.00      0.00      0.00    100.00
01:41:39         29      0.00      0.00      0.00      0.00      0.00    100.00
01:41:39         30      0.00      0.00      0.00      0.00      0.00    100.00
01:41:39         31      0.00      0.00      0.00      0.00      0.00    100.00
01:41:39         32      0.00      0.00      0.00      0.00      0.00    100.00
01:41:39         33      0.00      0.00      0.00      0.00      0.00    100.00
01:41:39         34      0.00      0.00      0.00      0.00      0.00    100.00
01:41:39         35      0.00      0.00      0.00      0.00      0.00    100.00
01:41:39         36      0.00      0.00      0.00      0.00      0.00    100.00
01:41:39         37      0.00      0.00      0.00      0.00      0.00    100.00
01:41:39         38      0.00      0.00      0.00      0.00      0.00    100.00
01:41:39         39      0.00      0.00      0.00      0.00      0.00    100.00

01:41:39        CPU     %user     %nice   %system   %iowait    %steal     %idle
01:41:40        all      0.33      0.00      0.13      0.00      0.00     99.55
01:41:40          0      0.00      0.00      0.00      0.00      0.00    100.00
01:41:40          1      0.00      0.00      1.00      0.00      0.00     99.00
01:41:40          2      6.00      0.00      1.00      0.00      0.00     93.00
01:41:40          3      0.00      0.00      0.00      0.00      0.00    100.00
01:41:40          4      0.00      0.00      0.00      0.00      0.00    100.00
01:41:40          5      0.00      0.00      0.00      0.00      0.00    100.00
01:41:40          6      0.00      0.00      0.00      0.00      0.00    100.00
01:41:40          7      0.00      0.00      0.00      0.00      0.00    100.00
01:41:40          8      0.00      0.00      0.00      0.00      0.00    100.00
01:41:40          9      0.00      0.00      0.00      0.00      0.00    100.00
01:41:40         10      0.00      0.00      0.00      0.00      0.00    100.00
01:41:40         11      0.00      0.00      0.00      0.00      0.00    100.00
01:41:40         12      0.00      0.00      0.00      0.00      0.00    100.00
01:41:40         13      0.00      0.00      0.00      0.00      0.00    100.00
01:41:40         14      0.00      0.00      0.00      0.00      0.00    100.00
01:41:40         15      0.00      0.00      0.00      0.00      0.00    100.00
01:41:40         16      0.00      0.00      0.00      0.00      0.00    100.00
01:41:40         17      0.00      0.00      0.00      0.00      0.00    100.00
01:41:40         18      0.00      0.00      0.99      0.00      0.00     99.01
01:41:40         19      0.00      0.00      0.00      0.00      0.00    100.00
01:41:40         20      0.99      0.00      0.00      0.00      0.00     99.01
01:41:40         21      0.00      0.00      0.00      0.00      0.00    100.00
01:41:40         22      5.00      0.00      1.00      0.00      0.00     94.00
01:41:40         23      0.00      0.00      0.00      0.00      0.00    100.00
01:41:40         24      0.00      0.00      0.00      0.00      0.00    100.00
01:41:40         25      0.98      0.00      0.98      0.00      0.00     98.04
01:41:40         26      0.00      0.00      0.00      0.00      0.00    100.00
01:41:40         27      0.00      0.00      0.00      0.00      0.00    100.00
01:41:40         28      0.00      0.00      0.00      0.00      0.00    100.00
01:41:40         29      0.00      0.00      0.00      0.00      0.00    100.00
01:41:40         30      0.00      0.00      0.00      0.00      0.00    100.00
01:41:40         31      0.00      0.00      0.00      0.00      0.00    100.00
01:41:40         32      0.00      0.00      0.00      0.00      0.00    100.00
01:41:40         33      0.00      0.00      0.00      0.00      0.00    100.00
01:41:40         34      0.00      0.00      0.00      0.00      0.00    100.00
01:41:40         35      0.00      0.00      0.00      0.00      0.00    100.00
01:41:40         36      1.00      0.00      0.00      0.00      0.00     99.00
01:41:40         37      0.00      0.00      0.00      0.00      0.00    100.00
01:41:40         38      0.00      0.00      0.00      0.00      0.00    100.00
01:41:40         39      0.00      0.00      0.00      0.00      0.00    100.00

01:41:40        CPU     %user     %nice   %system   %iowait    %steal     %idle
01:41:41        all      1.45      0.00      0.30      0.03      0.00     98.22
01:41:41          0      2.00      0.00      2.00      1.00      0.00     95.00
01:41:41          1      0.00      0.00      0.00      0.00      0.00    100.00
01:41:41          2      0.00      0.00      0.00      0.00      0.00    100.00
01:41:41          3      0.99      0.00      0.99      0.00      0.00     98.02
01:41:41          4      0.00      0.00      0.00      0.00      0.00    100.00
01:41:41          5      0.00      0.00      0.00      0.00      0.00    100.00
01:41:41          6      0.00      0.00      0.00      0.00      0.00    100.00
01:41:41          7      7.07      0.00      0.00      0.00      0.00     92.93
01:41:41          8      0.00      0.00      0.00      0.00      0.00    100.00
01:41:41          9      0.00      0.00      0.00      0.00      0.00    100.00
01:41:41         10      0.00      0.00      0.00      0.00      0.00    100.00
01:41:41         11      0.00      0.00      0.00      0.00      0.00    100.00
01:41:41         12      0.00      0.00      0.00      0.00      0.00    100.00
01:41:41         13      0.00      0.00      1.00      0.00      0.00     99.00
01:41:41         14      0.00      0.00      0.00      0.00      0.00    100.00
01:41:41         15      0.00      0.00      0.99      0.00      0.00     99.01
01:41:41         16      0.00      0.00      1.01      0.00      0.00     98.99
01:41:41         17      0.00      0.00      0.00      0.00      0.00    100.00
01:41:41         18      0.00      0.00      0.00      0.00      0.00    100.00
01:41:41         19      0.00      0.00      0.00      0.00      0.00    100.00
01:41:41         20      0.00      0.00      0.00      0.00      0.00    100.00
01:41:41         21      0.99      0.00      0.00      0.00      0.00     99.01
01:41:41         22     43.43      0.00      3.03      0.00      0.00     53.54
01:41:41         23      0.00      0.00      0.00      0.00      0.00    100.00
01:41:41         24      0.00      0.00      0.00      0.00      0.00    100.00
01:41:41         25      0.00      0.00      0.00      0.00      0.00    100.00
01:41:41         26      0.00      0.00      0.00      0.00      0.00    100.00
01:41:41         27      0.00      0.00      0.00      0.00      0.00    100.00
01:41:41         28      0.00      0.00      0.00      0.00      0.00    100.00
01:41:41         29      0.00      0.00      0.00      0.00      0.00    100.00
01:41:41         30      0.00      0.00      0.00      0.00      0.00    100.00
01:41:41         31      0.00      0.00      0.00      0.00      0.00    100.00
01:41:41         32      0.00      0.00      0.00      0.00      0.00    100.00
01:41:41         33      0.00      0.00      0.00      0.00      0.00    100.00
01:41:41         34      0.00      0.00      0.00      0.00      0.00    100.00
01:41:41         35      0.00      0.00      0.00      0.00      0.00    100.00
01:41:41         36      0.00      0.00      0.00      0.00      0.00    100.00
01:41:41         37      0.00      0.00      0.00      0.00      0.00    100.00
01:41:41         38      1.01      0.00      0.00      0.00      0.00     98.99
01:41:41         39      0.00      0.00      0.00      0.00      0.00    100.00

01:41:41        CPU     %user     %nice   %system   %iowait    %steal     %idle
01:41:42        all      0.00      0.00      0.03      0.00      0.00     99.97
01:41:42          0      0.00      0.00      0.00      0.00      0.00    100.00
01:41:42          1      0.00      0.00      0.99      0.00      0.00     99.01
01:41:42          2      0.00      0.00      0.00      0.00      0.00    100.00
01:41:42          3      0.00      0.00      0.00      0.00      0.00    100.00
01:41:42          4      0.00      0.00      0.00      0.00      0.00    100.00
01:41:42          5      0.00      0.00      0.00      0.00      0.00    100.00
01:41:42          6      0.00      0.00      0.00      0.00      0.00    100.00
01:41:42          7      0.00      0.00      0.00      0.00      0.00    100.00
01:41:42          8      0.00      0.00      0.00      0.00      0.00    100.00
01:41:42          9      0.00      0.00      0.00      0.00      0.00    100.00
01:41:42         10      0.00      0.00      0.00      0.00      0.00    100.00
01:41:42         11      0.00      0.00      0.00      0.00      0.00    100.00
01:41:42         12      0.00      0.00      0.00      0.00      0.00    100.00
01:41:42         13      0.00      0.00      0.00      0.00      0.00    100.00
01:41:42         14      0.00      0.00      0.00      0.00      0.00    100.00
01:41:42         15      0.00      0.00      0.00      0.00      0.00    100.00
01:41:42         16      0.00      0.00      0.00      0.00      0.00    100.00
01:41:42         17      0.00      0.00      0.00      0.00      0.00    100.00
01:41:42         18      0.00      0.00      0.00      0.00      0.00    100.00
01:41:42         19      0.00      0.00      0.00      0.00      0.00    100.00
01:41:42         20      0.00      0.00      0.00      0.00      0.00    100.00
01:41:42         21      0.00      0.00      0.99      0.00      0.00     99.01
01:41:42         22      0.00      0.00      0.00      0.00      0.00    100.00
01:41:42         23      0.00      0.00      0.00      0.00      0.00    100.00
01:41:42         24      0.00      0.00      0.00      0.00      0.00    100.00
01:41:42         25      0.00      0.00      0.00      0.00      0.00    100.00
01:41:42         26      0.00      0.00      0.00      0.00      0.00    100.00
01:41:42         27      0.00      0.00      0.00      0.00      0.00    100.00
01:41:42         28      0.00      0.00      0.00      0.00      0.00    100.00
01:41:42         29      0.00      0.00      0.00      0.00      0.00    100.00
01:41:42         30      0.00      0.00      0.00      0.00      0.00    100.00
01:41:42         31      0.00      0.00      0.00      0.00      0.00    100.00
01:41:42         32      0.00      0.00      0.00      0.00      0.00    100.00
01:41:42         33      0.00      0.00      0.00      0.00      0.00    100.00
01:41:42         34      0.00      0.00      0.00      0.00      0.00    100.00
01:41:42         35      0.00      0.00      0.00      0.00      0.00    100.00
01:41:42         36      0.00      0.00      0.00      0.00      0.00    100.00
01:41:42         37      0.00      0.00      0.00      0.00      0.00    100.00
01:41:42         38      0.00      0.00      0.00      0.00      0.00    100.00
01:41:42         39      0.00      0.00      0.00      0.00      0.00    100.00

01:41:42        CPU     %user     %nice   %system   %iowait    %steal     %idle
01:41:43        all      0.55      0.00      0.15      0.00      0.00     99.30
01:41:43          0      0.00      0.00      0.00      0.00      0.00    100.00
01:41:43          1      0.00      0.00      0.00      0.00      0.00    100.00
01:41:43          2      2.00      0.00      0.00      0.00      0.00     98.00
01:41:43          3      0.00      0.00      0.00      0.00      0.00    100.00
01:41:43          4      0.00      0.00      0.00      0.00      0.00    100.00
01:41:43          5     11.11      0.00      1.01      0.00      0.00     87.88
01:41:43          6      0.00      0.00      0.99      0.00      0.00     99.01
01:41:43          7      0.00      0.00      0.00      0.00      0.00    100.00
01:41:43          8      0.00      0.00      0.00      0.00      0.00    100.00
01:41:43          9      0.00      0.00      0.99      0.00      0.00     99.01
01:41:43         10      0.00      0.00      0.00      0.00      0.00    100.00
01:41:43         11      0.00      0.00      0.00      0.00      0.00    100.00
01:41:43         12      0.00      0.00      0.00      0.00      0.00    100.00
01:41:43         13      0.00      0.00      0.00      0.00      0.00    100.00
01:41:43         14      0.00      0.00      0.00      0.00      0.00    100.00
01:41:43         15      0.00      0.00      0.00      0.00      0.00    100.00
01:41:43         16      0.00      0.00      0.00      0.00      0.00    100.00
01:41:43         17      0.00      0.00      0.00      0.00      0.00    100.00
01:41:43         18      0.00      0.00      1.00      0.00      0.00     99.00
01:41:43         19      0.00      0.00      0.00      0.00      0.00    100.00
01:41:43         20      0.00      0.00      0.00      0.00      0.00    100.00
01:41:43         21      0.00      0.00      0.00      0.00      0.00    100.00
01:41:43         22      4.90      0.00      0.98      0.00      0.00     94.12
01:41:43         23      0.00      0.00      0.00      0.00      0.00    100.00
01:41:43         24      0.00      0.00      0.00      0.00      0.00    100.00
01:41:43         25      0.00      0.00      1.00      0.00      0.00     99.00
01:41:43         26      0.00      0.00      0.99      0.00      0.00     99.01
01:41:43         27      0.00      0.00      0.00      0.00      0.00    100.00
01:41:43         28      0.00      0.00      0.99      0.00      0.00     99.01
01:41:43         29      0.00      0.00      0.00      0.00      0.00    100.00
01:41:43         30      0.00      0.00      0.00      0.00      0.00    100.00
01:41:43         31      0.00      0.00      0.00      0.00      0.00    100.00
01:41:43         32      0.00      0.00      0.00      0.00      0.00    100.00
01:41:43         33      0.00      0.00      0.00      0.00      0.00    100.00
01:41:43         34      0.00      0.00      0.00      0.00      0.00    100.00
01:41:43         35      0.00      0.00      0.00      0.00      0.00    100.00
01:41:43         36      0.00      0.00      0.00      0.00      0.00    100.00
01:41:43         37      1.00      0.00      0.00      0.00      0.00     99.00
01:41:43         38      0.00      0.00      0.00      0.00      0.00    100.00
01:41:43         39      2.00      0.00      0.00      0.00      0.00     98.00
