Linux 6.6.23 (eternity1) 	05/23/25 	_x86_64_	(40 CPU)

17:53:04    kbmemfree   kbavail kbmemused  %memused kbbuffers  kbcached  kbcommit   %commit  kbactive   kbinact   kbdirty
17:53:05     63847584  63663936   1761284      2.68         0    377968   2943372      4.42     61320    653804      8808
17:53:06     63847368  63663720   1761500      2.68         0    377972   2943372      4.42     61296    652776      8848
17:53:07     63848268  63664620   1760600      2.68         0    377980   2943372      4.42     61296    651836      8856
17:53:08     63848420  63664772   1760448      2.68         0    377984   2943372      4.42     61296    651836      8860
17:53:09     63848312  63664664   1760556      2.68         0    377988   2943372      4.42     61296    651836      8864
17:53:10     63848600  63664952   1760268      2.68         0    377992   2943372      4.42     61296    651836      8868
17:53:11     63848600  63664952   1760268      2.68         0    377996   2943372      4.42     61296    651836      8872
17:53:12     63848600  63664952   1760268      2.68         0    378004   2943372      4.42     61296    651836      8880
17:53:13     63848992  63665344   1759876      2.68         0    378008   2943372      4.42     61296    651828      8884
17:53:14     63848776  63665132   1760092      2.68         0    378016   2943372      4.42     61296    651788        76
17:53:15     63849420  63665776   1759448      2.68         0    378016   2943372      4.42     61296    651800        76
17:53:16     63848932  63665288   1759936      2.68         0    378020   2943372      4.42     61296    651764        80
17:53:17     63848608  63664964   1760260      2.68         0    378024   2943372      4.42     61296    651840        84
17:53:18     63827188  63643592   1781680      2.72         0    378040   2968988      4.46     61320    675652      1184
17:53:19     63825680  63642176   1783188      2.72         0    378228   2969320      4.46     61396    676056      1592
17:53:20     63839316  63655856   1769552      2.70         0    378296   2942824      4.42     61404    651552      1708
17:53:21     63839408  63655948   1769460      2.70         0    378296   2942824      4.42     61404    651552      1708
17:53:22     63839284  63655824   1769584      2.70         0    378304   2942824      4.42     61404    651552      1716
17:53:23     63839284  63655852   1769584      2.70         0    378308   2942824      4.42     61404    651612      1720
17:53:24     63839320  63655888   1769548      2.70         0    378316   2942824      4.42     61404    651612      1728
17:53:25     63839320  63655888   1769548      2.70         0    378324   2942824      4.42     61404    651612      1732
17:53:26     63839320  63655888   1769548      2.70         0    378324   2942824      4.42     61404    651612      1732
17:53:27     63839320  63655888   1769548      2.70         0    378324   2942824      4.42     61404    651612      1732
17:53:28     63839320  63655888   1769548      2.70         0    378332   2942824      4.42     61404    651612      1740
17:53:29     63839320  63655888   1769548      2.70         0    378336   2942824      4.42     61404    651612      1744
17:53:30     63837056  63653652   1771812      2.70         0    378392   2947224      4.42     61432    654260      1752
17:53:31     63838232  63654828   1770636      2.70         0    378392   2942824      4.42     61432    651648      1752
17:53:32     63837980  63654576   1770888      2.70         0    378400   2942824      4.42     61432    651648      1760
17:53:33     63837980  63654576   1770888      2.70         0    378404   2942824      4.42     61432    651648      1764
17:53:34     63837980  63654576   1770888      2.70         0    378412   2942824      4.42     61432    651648      1772
17:53:35     63837980  63654576   1770888      2.70         0    378416   2942824      4.42     61432    651648      1628
17:53:36     63837980  63654576   1770888      2.70         0    378420   2942824      4.42     61432    651648      1644
17:53:37     63837980  63654576   1770888      2.70         0    378420   2942824      4.42     61432    651648      1644
17:53:38     63838324  63654920   1770544      2.70         0    378428   2942824      4.42     61432    651648      1652
17:53:39     63838324  63654920   1770544      2.70         0    378440   2942824      4.42     61432    651648      1664
17:53:40     63837848  63654444   1771020      2.70         0    378444   2943372      4.42     61432    652180      1648
17:53:41     63817164  63633800   1791704      2.73         0    378460   2968988      4.46     61456    675712      1888
17:53:42     63819408  63636100   1789460      2.73         0    378568   2968988      4.46     61532    675724      2264
