Linux 6.6.23 (eternity2) 	05/23/25 	_x86_64_	(40 CPU)

17:53:15        CPU     %user     %nice   %system   %iowait    %steal     %idle
17:53:16        all      2.05      0.00      0.73      0.68      0.00     96.55
17:53:16          0      0.00      0.00      0.00      0.00      0.00    100.00
17:53:16          1     21.00      0.00      3.00      0.00      0.00     76.00
17:53:16          2      0.00      0.00      0.00      0.00      0.00    100.00
17:53:16          3      5.00      0.00      0.00      0.00      0.00     95.00
17:53:16          4      1.98      0.00      4.95      7.92      0.00     85.15
17:53:16          5      0.00      0.00      2.00      0.00      0.00     98.00
17:53:16          6      0.00      0.00      1.00      0.00      0.00     99.00
17:53:16          7      0.00      0.00      1.00      0.00      0.00     99.00
17:53:16          8      7.14      0.00      0.00     11.22      0.00     81.63
17:53:16          9      8.82      0.00      2.94      0.00      0.00     88.24
17:53:16         10      0.00      0.00      1.00      0.00      0.00     99.00
17:53:16         11      0.00      0.00      1.00      0.00      0.00     99.00
17:53:16         12      0.00      0.00      0.00      0.00      0.00    100.00
17:53:16         13      1.00      0.00      1.00      1.00      0.00     97.00
17:53:16         14     31.31      0.00      4.04      0.00      0.00     64.65
17:53:16         15      0.00      0.00      1.00      0.00      0.00     99.00
17:53:16         16      0.98      0.00      1.96      1.96      0.00     95.10
17:53:16         17      0.00      0.00      0.00      0.00      0.00    100.00
17:53:16         18      1.00      0.00      1.00      0.00      0.00     98.00
17:53:16         19      0.00      0.00      1.00      0.00      0.00     99.00
17:53:16         20      0.00      0.00      1.98      4.95      0.00     93.07
17:53:16         21      0.00      0.00      0.00      0.00      0.00    100.00
17:53:16         22      0.00      0.00      0.00      0.00      0.00    100.00
17:53:16         23      0.00      0.00      0.00      0.00      0.00    100.00
17:53:16         24      0.00      0.00      0.00      0.00      0.00    100.00
17:53:16         25      0.00      0.00      0.00      0.00      0.00    100.00
17:53:16         26      0.00      0.00      0.00      0.00      0.00    100.00
17:53:16         27      0.00      0.00      0.00      0.00      0.00    100.00
17:53:16         28      0.00      0.00      0.00      0.00      0.00    100.00
17:53:16         29      0.00      0.00      0.00      0.00      0.00    100.00
17:53:16         30      0.00      0.00      0.00      0.00      0.00    100.00
17:53:16         31      0.00      0.00      0.00      0.00      0.00    100.00
17:53:16         32      0.00      0.00      0.00      0.00      0.00    100.00
17:53:16         33      0.00      0.00      0.00      0.00      0.00    100.00
17:53:16         34      2.00      0.00      0.00      0.00      0.00     98.00
17:53:16         35      0.99      0.00      0.99      0.00      0.00     98.02
17:53:16         36      0.00      0.00      0.00      0.00      0.00    100.00
17:53:16         37      0.00      0.00      0.00      0.00      0.00    100.00
17:53:16         38      0.00      0.00      0.00      0.00      0.00    100.00
17:53:16         39      0.00      0.00      1.00      0.00      0.00     99.00

17:53:16        CPU     %user     %nice   %system   %iowait    %steal     %idle
17:53:17        all      1.80      0.00      0.45      0.00      0.00     97.75
17:53:17          0      0.99      0.00      0.99      0.00      0.00     98.02
17:53:17          1      0.00      0.00      0.00      0.00      0.00    100.00
17:53:17          2      0.00      0.00      0.00      0.00      0.00    100.00
17:53:17          3      0.00      0.00      0.00      0.00      0.00    100.00
17:53:17          4      0.99      0.00      1.98      0.00      0.00     97.03
17:53:17          5      1.00      0.00      0.00      0.00      0.00     99.00
17:53:17          6      0.00      0.00      0.00      0.00      0.00    100.00
17:53:17          7     16.83      0.00      2.97      0.00      0.00     80.20
17:53:17          8      0.00      0.00      0.00      0.00      0.00    100.00
17:53:17          9     43.88      0.00      5.10      0.00      0.00     51.02
17:53:17         10      6.06      0.00      1.01      0.00      0.00     92.93
17:53:17         11      0.00      0.00      0.00      0.00      0.00    100.00
17:53:17         12      0.00      0.00      0.00      0.00      0.00    100.00
17:53:17         13      0.00      0.00      0.00      0.00      0.00    100.00
17:53:17         14      0.00      0.00      1.00      0.00      0.00     99.00
17:53:17         15      0.00      0.00      0.00      0.00      0.00    100.00
17:53:17         16      0.00      0.00      0.00      0.00      0.00    100.00
17:53:17         17      0.00      0.00      0.00      0.00      0.00    100.00
17:53:17         18      0.00      0.00      0.00      0.00      0.00    100.00
17:53:17         19      0.00      0.00      0.00      0.00      0.00    100.00
17:53:17         20      0.00      0.00      0.00      0.00      0.00    100.00
17:53:17         21      0.00      0.00      0.00      0.00      0.00    100.00
17:53:17         22      0.00      0.00      0.00      0.00      0.00    100.00
17:53:17         23      0.00      0.00      0.00      0.00      0.00    100.00
17:53:17         24      0.00      0.00      0.00      0.00      0.00    100.00
17:53:17         25      1.00      0.00      0.00      0.00      0.00     99.00
17:53:17         26      1.00      0.00      0.00      0.00      0.00     99.00
17:53:17         27      0.00      0.00      0.00      0.00      0.00    100.00
17:53:17         28      0.00      0.00      0.00      0.00      0.00    100.00
17:53:17         29      0.00      0.00      0.00      0.00      0.00    100.00
17:53:17         30      0.00      0.00      0.00      0.00      0.00    100.00
17:53:17         31      0.00      0.00      0.00      0.00      0.00    100.00
17:53:17         32      0.00      0.00      0.00      0.00      0.00    100.00
17:53:17         33      0.00      0.00      0.00      0.00      0.00    100.00
17:53:17         34      0.00      0.00      0.00      0.00      0.00    100.00
17:53:17         35      0.00      0.00      1.00      0.00      0.00     99.00
17:53:17         36      0.00      0.00      0.00      0.00      0.00    100.00
17:53:17         37      1.00      0.00      1.00      0.00      0.00     98.00
17:53:17         38      0.00      0.00      0.00      0.00      0.00    100.00
17:53:17         39      0.00      0.00      0.00      0.00      0.00    100.00

17:53:17        CPU     %user     %nice   %system   %iowait    %steal     %idle
17:53:18        all      1.10      0.00      0.35      0.05      0.00     98.50
17:53:18          0      0.00      0.00      0.00      0.00      0.00    100.00
17:53:18          1      0.00      0.00      0.00      0.00      0.00    100.00
17:53:18          2      0.00      0.00      0.00      0.00      0.00    100.00
17:53:18          3      0.00      0.00      0.00      0.00      0.00    100.00
17:53:18          4      0.00      0.00      0.99      0.00      0.00     99.01
17:53:18          5      0.00      0.00      0.00      0.00      0.00    100.00
17:53:18          6      0.00      0.00      0.00      0.00      0.00    100.00
17:53:18          7     35.00      0.00      5.00      0.00      0.00     60.00
17:53:18          8      0.00      0.00      0.00      0.00      0.00    100.00
17:53:18          9      0.00      0.00      0.00      0.00      0.00    100.00
17:53:18         10      5.94      0.00      2.97      0.00      0.00     91.09
17:53:18         11      0.00      0.00      1.00      0.00      0.00     99.00
17:53:18         12      0.00      0.00      0.00      0.00      0.00    100.00
17:53:18         13      0.99      0.00      0.99      0.00      0.00     98.02
17:53:18         14      0.00      0.00      0.99      0.00      0.00     99.01
17:53:18         15      0.00      0.00      1.00      0.00      0.00     99.00
17:53:18         16      0.00      0.00      0.00      0.00      0.00    100.00
17:53:18         17      0.00      0.00      0.00      0.00      0.00    100.00
17:53:18         18      0.00      0.00      0.00      0.00      0.00    100.00
17:53:18         19      0.00      0.00      0.00      0.00      0.00    100.00
17:53:18         20      0.00      0.00      0.00      2.00      0.00     98.00
17:53:18         21      0.00      0.00      0.00      0.00      0.00    100.00
17:53:18         22      0.00      0.00      0.00      0.00      0.00    100.00
17:53:18         23      0.00      0.00      0.00      0.00      0.00    100.00
17:53:18         24      0.99      0.00      0.00      0.00      0.00     99.01
17:53:18         25      0.00      0.00      0.00      0.00      0.00    100.00
17:53:18         26      0.00      0.00      0.00      0.00      0.00    100.00
17:53:18         27      0.00      0.00      0.00      0.00      0.00    100.00
17:53:18         28      0.00      0.00      0.00      0.00      0.00    100.00
17:53:18         29      0.00      0.00      0.00      0.00      0.00    100.00
17:53:18         30      0.00      0.00      0.00      0.00      0.00    100.00
17:53:18         31      0.00      0.00      0.00      0.00      0.00    100.00
17:53:18         32      0.00      0.00      0.00      0.00      0.00    100.00
17:53:18         33      0.00      0.00      0.00      0.00      0.00    100.00
17:53:18         34      0.00      0.00      1.00      0.00      0.00     99.00
17:53:18         35      0.00      0.00      0.00      0.00      0.00    100.00
17:53:18         36      1.00      0.00      1.00      0.00      0.00     98.00
17:53:18         37      0.00      0.00      0.00      0.00      0.00    100.00
17:53:18         38      0.99      0.00      0.99      0.00      0.00     98.02
17:53:18         39      0.00      0.00      0.00      0.00      0.00    100.00

17:53:18        CPU     %user     %nice   %system   %iowait    %steal     %idle
17:53:19        all      0.05      0.00      0.05      0.05      0.00     99.85
17:53:19          0      0.00      0.00      0.00      0.00      0.00    100.00
17:53:19          1      0.00      0.00      0.00      0.00      0.00    100.00
17:53:19          2      0.00      0.00      0.00      0.00      0.00    100.00
17:53:19          3      0.00      0.00      0.00      0.00      0.00    100.00
17:53:19          4      0.00      0.00      1.00      0.00      0.00     99.00
17:53:19          5      0.00      0.00      0.00      0.00      0.00    100.00
17:53:19          6      0.00      0.00      0.00      0.00      0.00    100.00
17:53:19          7      0.00      0.00      0.00      0.00      0.00    100.00
17:53:19          8      0.00      0.00      0.00      0.00      0.00    100.00
17:53:19          9      0.00      0.00      0.00      0.00      0.00    100.00
17:53:19         10      0.00      0.00      0.00      0.00      0.00    100.00
17:53:19         11      0.00      0.00      0.00      0.00      0.00    100.00
17:53:19         12      0.00      0.00      0.00      0.00      0.00    100.00
17:53:19         13      0.00      0.00      0.00      0.00      0.00    100.00
17:53:19         14      0.00      0.00      0.00      0.00      0.00    100.00
17:53:19         15      0.00      0.00      0.00      0.00      0.00    100.00
17:53:19         16      0.00      0.00      0.00      0.00      0.00    100.00
17:53:19         17      0.00      0.00      0.00      0.00      0.00    100.00
17:53:19         18      0.00      0.00      0.00      0.00      0.00    100.00
17:53:19         19      0.00      0.00      0.00      0.00      0.00    100.00
17:53:19         20      0.00      0.00      0.00      1.00      0.00     99.00
17:53:19         21      0.00      0.00      0.00      0.00      0.00    100.00
17:53:19         22      0.00      0.00      0.00      0.00      0.00    100.00
17:53:19         23      0.00      0.00      0.00      0.00      0.00    100.00
17:53:19         24      0.00      0.00      0.00      0.00      0.00    100.00
17:53:19         25      0.00      0.00      0.00      0.00      0.00    100.00
17:53:19         26      0.00      0.00      0.00      0.00      0.00    100.00
17:53:19         27      0.00      0.00      0.00      0.00      0.00    100.00
17:53:19         28      0.00      0.00      0.00      0.00      0.00    100.00
17:53:19         29      0.00      0.00      0.00      0.00      0.00    100.00
17:53:19         30      0.00      0.00      0.00      0.00      0.00    100.00
17:53:19         31      0.00      0.00      0.00      0.00      0.00    100.00
17:53:19         32      0.00      0.00      0.00      0.00      0.00    100.00
17:53:19         33      0.00      0.00      0.00      0.00      0.00    100.00
17:53:19         34      0.00      0.00      0.00      0.00      0.00    100.00
17:53:19         35      0.00      0.00      0.00      0.00      0.00    100.00
17:53:19         36      0.00      0.00      0.00      0.00      0.00    100.00
17:53:19         37      0.00      0.00      0.00      0.00      0.00    100.00
17:53:19         38      0.00      0.00      0.00      0.00      0.00    100.00
17:53:19         39      0.00      0.00      0.00      0.00      0.00    100.00

17:53:19        CPU     %user     %nice   %system   %iowait    %steal     %idle
17:53:20        all      0.00      0.00      0.03      0.00      0.00     99.98
17:53:20          0      0.00      0.00      0.00      0.00      0.00    100.00
17:53:20          1      0.00      0.00      0.00      0.00      0.00    100.00
17:53:20          2      0.00      0.00      0.00      0.00      0.00    100.00
17:53:20          3      0.00      0.00      0.00      0.00      0.00    100.00
17:53:20          4      0.99      0.00      0.00      0.00      0.00     99.01
17:53:20          5      0.00      0.00      0.00      0.00      0.00    100.00
17:53:20          6      0.00      0.00      0.00      0.00      0.00    100.00
17:53:20          7      0.99      0.00      0.99      0.00      0.00     98.02
17:53:20          8      0.00      0.00      0.00      0.00      0.00    100.00
17:53:20          9      0.00      0.00      0.99      0.00      0.00     99.01
17:53:20         10      0.00      0.00      0.00      0.00      0.00    100.00
17:53:20         11      0.00      0.00      0.00      0.00      0.00    100.00
17:53:20         12      0.00      0.00      0.00      0.00      0.00    100.00
17:53:20         13      0.00      0.00      0.00      0.00      0.00    100.00
17:53:20         14      0.00      0.00      0.00      0.00      0.00    100.00
17:53:20         15      0.00      0.00      0.00      0.00      0.00    100.00
17:53:20         16      0.00      0.00      0.00      0.00      0.00    100.00
17:53:20         17      0.00      0.00      0.00      0.00      0.00    100.00
17:53:20         18      0.00      0.00      0.00      0.00      0.00    100.00
17:53:20         19      0.00      0.00      0.00      0.00      0.00    100.00
17:53:20         20      0.00      0.00      0.00      0.00      0.00    100.00
17:53:20         21      0.00      0.00      0.00      0.00      0.00    100.00
17:53:20         22      0.00      0.00      0.00      0.00      0.00    100.00
17:53:20         23      0.00      0.00      0.00      0.00      0.00    100.00
17:53:20         24      0.00      0.00      0.00      0.00      0.00    100.00
17:53:20         25      0.00      0.00      0.00      0.00      0.00    100.00
17:53:20         26      0.00      0.00      0.00      0.00      0.00    100.00
17:53:20         27      0.00      0.00      0.00      0.00      0.00    100.00
17:53:20         28      0.00      0.00      0.00      0.00      0.00    100.00
17:53:20         29      0.00      0.00      0.00      0.00      0.00    100.00
17:53:20         30      0.00      0.00      0.00      0.00      0.00    100.00
17:53:20         31      0.00      0.00      0.00      0.00      0.00    100.00
17:53:20         32      0.00      0.00      0.00      0.00      0.00    100.00
17:53:20         33      0.00      0.00      0.00      0.00      0.00    100.00
17:53:20         34      0.00      0.00      0.00      0.00      0.00    100.00
17:53:20         35      0.00      0.00      0.00      0.00      0.00    100.00
17:53:20         36      0.00      0.00      0.00      0.00      0.00    100.00
17:53:20         37      0.00      0.00      0.00      0.00      0.00    100.00
17:53:20         38      0.00      0.00      0.00      0.00      0.00    100.00
17:53:20         39      0.00      0.00      0.00      0.00      0.00    100.00

17:53:20        CPU     %user     %nice   %system   %iowait    %steal     %idle
17:53:21        all      0.03      0.00      0.03      0.00      0.00     99.95
17:53:21          0      0.00      0.00      0.00      0.00      0.00    100.00
17:53:21          1      0.00      0.00      0.00      0.00      0.00    100.00
17:53:21          2      0.00      0.00      0.00      0.00      0.00    100.00
17:53:21          3      0.00      0.00      0.00      0.00      0.00    100.00
17:53:21          4      0.00      0.00      0.00      0.00      0.00    100.00
17:53:21          5      0.00      0.00      0.00      0.00      0.00    100.00
17:53:21          6      0.00      0.00      0.00      0.00      0.00    100.00
17:53:21          7      0.00      0.00      0.00      0.00      0.00    100.00
17:53:21          8      0.00      0.00      0.00      0.00      0.00    100.00
17:53:21          9      0.00      0.00      0.00      0.00      0.00    100.00
17:53:21         10      0.00      0.00      0.00      0.00      0.00    100.00
17:53:21         11      0.00      0.00      0.00      0.00      0.00    100.00
17:53:21         12      0.00      0.00      0.00      0.00      0.00    100.00
17:53:21         13      0.99      0.00      0.00      0.00      0.00     99.01
17:53:21         14      0.00      0.00      0.00      0.00      0.00    100.00
17:53:21         15      0.00      0.00      0.00      0.00      0.00    100.00
17:53:21         16      0.00      0.00      0.00      0.00      0.00    100.00
17:53:21         17      0.00      0.00      0.00      0.00      0.00    100.00
17:53:21         18      0.00      0.00      0.00      0.00      0.00    100.00
17:53:21         19      0.00      0.00      0.00      0.00      0.00    100.00
17:53:21         20      0.00      0.00      0.00      0.00      0.00    100.00
17:53:21         21      0.00      0.00      0.00      0.00      0.00    100.00
17:53:21         22      0.00      0.00      0.00      0.00      0.00    100.00
17:53:21         23      0.00      0.00      0.00      0.00      0.00    100.00
17:53:21         24      0.00      0.00      0.00      0.00      0.00    100.00
17:53:21         25      0.00      0.00      0.00      0.00      0.00    100.00
17:53:21         26      0.00      0.00      0.00      0.00      0.00    100.00
17:53:21         27      0.00      0.00      0.00      0.00      0.00    100.00
17:53:21         28      0.00      0.00      0.00      0.00      0.00    100.00
17:53:21         29      0.00      0.00      0.00      0.00      0.00    100.00
17:53:21         30      0.00      0.00      0.00      0.00      0.00    100.00
17:53:21         31      0.00      0.00      0.00      0.00      0.00    100.00
17:53:21         32      0.00      0.00      0.00      0.00      0.00    100.00
17:53:21         33      0.00      0.00      0.00      0.00      0.00    100.00
17:53:21         34      0.00      0.00      0.00      0.00      0.00    100.00
17:53:21         35      0.00      0.00      0.00      0.00      0.00    100.00
17:53:21         36      0.00      0.00      0.00      0.00      0.00    100.00
17:53:21         37      0.00      0.00      0.00      0.00      0.00    100.00
17:53:21         38      0.00      0.00      0.00      0.00      0.00    100.00
17:53:21         39      0.00      0.00      0.00      0.00      0.00    100.00

17:53:21        CPU     %user     %nice   %system   %iowait    %steal     %idle
17:53:22        all      0.02      0.00      0.02      0.00      0.00     99.95
17:53:22          0      0.00      0.00      0.00      0.00      0.00    100.00
17:53:22          1      0.00      0.00      0.00      0.00      0.00    100.00
17:53:22          2      0.00      0.00      0.00      0.00      0.00    100.00
17:53:22          3      0.00      0.00      0.00      0.00      0.00    100.00
17:53:22          4      0.00      0.00      0.99      0.00      0.00     99.01
17:53:22          5      0.00      0.00      0.00      0.00      0.00    100.00
17:53:22          6      0.00      0.00      0.00      0.00      0.00    100.00
17:53:22          7      0.00      0.00      0.00      0.00      0.00    100.00
17:53:22          8      0.00      0.00      1.00      0.00      0.00     99.00
17:53:22          9      0.99      0.00      0.00      0.00      0.00     99.01
17:53:22         10      0.00      0.00      0.00      0.00      0.00    100.00
17:53:22         11      0.00      0.00      0.00      0.00      0.00    100.00
17:53:22         12      0.00      0.00      0.00      0.00      0.00    100.00
17:53:22         13      0.00      0.00      0.00      0.00      0.00    100.00
17:53:22         14      0.00      0.00      0.00      0.00      0.00    100.00
17:53:22         15      0.00      0.00      0.00      0.00      0.00    100.00
17:53:22         16      0.00      0.00      0.00      0.00      0.00    100.00
17:53:22         17      0.00      0.00      0.00      0.00      0.00    100.00
17:53:22         18      0.00      0.00      0.00      0.00      0.00    100.00
17:53:22         19      0.00      0.00      0.00      0.00      0.00    100.00
17:53:22         20      0.00      0.00      0.00      0.00      0.00    100.00
17:53:22         21      0.00      0.00      0.00      0.00      0.00    100.00
17:53:22         22      0.00      0.00      0.00      0.00      0.00    100.00
17:53:22         23      0.00      0.00      0.00      0.00      0.00    100.00
17:53:22         24      0.00      0.00      0.00      0.00      0.00    100.00
17:53:22         25      0.00      0.00      0.00      0.00      0.00    100.00
17:53:22         26      0.00      0.00      0.00      0.00      0.00    100.00
17:53:22         27      0.00      0.00      0.00      0.00      0.00    100.00
17:53:22         28      0.00      0.00      0.00      0.00      0.00    100.00
17:53:22         29      0.00      0.00      0.00      0.00      0.00    100.00
17:53:22         30      0.00      0.00      0.00      0.00      0.00    100.00
17:53:22         31      0.00      0.00      0.00      0.00      0.00    100.00
17:53:22         32      0.00      0.00      0.00      0.00      0.00    100.00
17:53:22         33      0.00      0.00      0.00      0.00      0.00    100.00
17:53:22         34      0.00      0.00      0.00      0.00      0.00    100.00
17:53:22         35      0.00      0.00      0.00      0.00      0.00    100.00
17:53:22         36      0.00      0.00      0.00      0.00      0.00    100.00
17:53:22         37      0.00      0.00      0.00      0.00      0.00    100.00
17:53:22         38      0.00      0.00      0.00      0.00      0.00    100.00
17:53:22         39      0.00      0.00      0.00      0.00      0.00    100.00

17:53:22        CPU     %user     %nice   %system   %iowait    %steal     %idle
17:53:23        all      0.00      0.00      0.07      0.00      0.00     99.93
17:53:23          0      0.00      0.00      0.00      0.00      0.00    100.00
17:53:23          1      0.00      0.00      0.00      0.00      0.00    100.00
17:53:23          2      0.00      0.00      0.00      0.00      0.00    100.00
17:53:23          3      0.00      0.00      0.00      0.00      0.00    100.00
17:53:23          4      0.00      0.00      0.00      0.00      0.00    100.00
17:53:23          5      1.00      0.00      0.00      0.00      0.00     99.00
17:53:23          6      0.00      0.00      0.99      0.00      0.00     99.01
17:53:23          7      0.00      0.00      1.00      0.00      0.00     99.00
17:53:23          8      0.00      0.00      0.00      0.00      0.00    100.00
17:53:23          9      0.00      0.00      0.00      0.00      0.00    100.00
17:53:23         10      0.00      0.00      0.00      0.00      0.00    100.00
17:53:23         11      0.00      0.00      0.00      0.00      0.00    100.00
17:53:23         12      0.00      0.00      0.00      0.00      0.00    100.00
17:53:23         13      0.00      0.00      0.00      0.00      0.00    100.00
17:53:23         14      0.00      0.00      0.00      0.00      0.00    100.00
17:53:23         15      0.00      0.00      0.00      0.00      0.00    100.00
17:53:23         16      0.00      0.00      0.00      0.00      0.00    100.00
17:53:23         17      0.00      0.00      0.00      0.00      0.00    100.00
17:53:23         18      0.00      0.00      0.00      0.00      0.00    100.00
17:53:23         19      0.00      0.00      0.00      0.00      0.00    100.00
17:53:23         20      0.00      0.00      0.00      0.00      0.00    100.00
17:53:23         21      0.00      0.00      0.00      0.00      0.00    100.00
17:53:23         22      0.00      0.00      0.00      0.00      0.00    100.00
17:53:23         23      0.00      0.00      0.00      0.00      0.00    100.00
17:53:23         24      0.00      0.00      0.00      0.00      0.00    100.00
17:53:23         25      0.00      0.00      0.00      0.00      0.00    100.00
17:53:23         26      0.00      0.00      0.00      0.00      0.00    100.00
17:53:23         27      0.00      0.00      0.00      0.00      0.00    100.00
17:53:23         28      0.00      0.00      0.00      0.00      0.00    100.00
17:53:23         29      0.00      0.00      0.00      0.00      0.00    100.00
17:53:23         30      0.00      0.00      0.00      0.00      0.00    100.00
17:53:23         31      0.00      0.00      0.00      0.00      0.00    100.00
17:53:23         32      0.00      0.00      0.00      0.00      0.00    100.00
17:53:23         33      0.00      0.00      0.00      0.00      0.00    100.00
17:53:23         34      0.00      0.00      0.00      0.00      0.00    100.00
17:53:23         35      0.00      0.00      0.00      0.00      0.00    100.00
17:53:23         36      0.00      0.00      0.00      0.00      0.00    100.00
17:53:23         37      0.00      0.00      0.00      0.00      0.00    100.00
17:53:23         38      0.00      0.00      0.00      0.00      0.00    100.00
17:53:23         39      0.00      0.00      0.00      0.00      0.00    100.00

17:53:23        CPU     %user     %nice   %system   %iowait    %steal     %idle
17:53:24        all      0.05      0.00      0.00      0.00      0.00     99.95
17:53:24          0      0.00      0.00      0.00      0.00      0.00    100.00
17:53:24          1      0.00      0.00      0.00      0.00      0.00    100.00
17:53:24          2      0.00      0.00      0.00      0.00      0.00    100.00
17:53:24          3      0.00      0.00      0.00      0.00      0.00    100.00
17:53:24          4      0.00      0.00      0.00      0.00      0.00    100.00
17:53:24          5      0.00      0.00      0.00      0.00      0.00    100.00
17:53:24          6      0.00      0.00      0.00      0.00      0.00    100.00
17:53:24          7      0.00      0.00      0.00      0.00      0.00    100.00
17:53:24          8      0.00      0.00      0.00      0.00      0.00    100.00
17:53:24          9      0.00      0.00      0.99      0.00      0.00     99.01
17:53:24         10      0.00      0.00      0.00      0.00      0.00    100.00
17:53:24         11      0.00      0.00      0.00      0.00      0.00    100.00
17:53:24         12      0.00      0.00      0.00      0.00      0.00    100.00
17:53:24         13      0.00      0.00      0.00      0.00      0.00    100.00
17:53:24         14      0.00      0.00      0.00      0.00      0.00    100.00
17:53:24         15      0.00      0.00      0.00      0.00      0.00    100.00
17:53:24         16      0.00      0.00      0.00      0.00      0.00    100.00
17:53:24         17      0.00      0.00      0.00      0.00      0.00    100.00
17:53:24         18      0.00      0.00      0.00      0.00      0.00    100.00
17:53:24         19      0.00      0.00      0.00      0.00      0.00    100.00
17:53:24         20      0.00      0.00      0.00      0.00      0.00    100.00
17:53:24         21      0.00      0.00      0.00      0.00      0.00    100.00
17:53:24         22      0.00      0.00      0.00      0.00      0.00    100.00
17:53:24         23      0.00      0.00      0.00      0.00      0.00    100.00
17:53:24         24      0.00      0.00      0.00      0.00      0.00    100.00
17:53:24         25      0.00      0.00      0.00      0.00      0.00    100.00
17:53:24         26      0.00      0.00      0.00      0.00      0.00    100.00
17:53:24         27      0.00      0.00      0.00      0.00      0.00    100.00
17:53:24         28      0.00      0.00      0.00      0.00      0.00    100.00
17:53:24         29      0.00      0.00      0.00      0.00      0.00    100.00
17:53:24         30      0.00      0.00      0.00      0.00      0.00    100.00
17:53:24         31      0.00      0.00      0.00      0.00      0.00    100.00
17:53:24         32      0.00      0.00      0.00      0.00      0.00    100.00
17:53:24         33      0.00      0.00      0.00      0.00      0.00    100.00
17:53:24         34      0.00      0.00      0.00      0.00      0.00    100.00
17:53:24         35      0.00      0.00      0.00      0.00      0.00    100.00
17:53:24         36      0.00      0.00      0.00      0.00      0.00    100.00
17:53:24         37      0.00      0.00      0.00      0.00      0.00    100.00
17:53:24         38      0.00      0.00      0.00      0.00      0.00    100.00
17:53:24         39      0.00      0.00      0.00      0.00      0.00    100.00

17:53:24        CPU     %user     %nice   %system   %iowait    %steal     %idle
17:53:25        all      0.00      0.00      0.05      0.00      0.00     99.95
17:53:25          0      0.00      0.00      0.00      0.00      0.00    100.00
17:53:25          1      0.00      0.00      0.00      0.00      0.00    100.00
17:53:25          2      0.00      0.00      0.00      0.00      0.00    100.00
17:53:25          3      0.00      0.00      0.00      0.00      0.00    100.00
17:53:25          4      0.00      0.00      0.00      0.00      0.00    100.00
17:53:25          5      0.00      0.00      0.00      0.00      0.00    100.00
17:53:25          6      0.00      0.00      0.00      0.00      0.00    100.00
17:53:25          7      0.00      0.00      0.99      0.00      0.00     99.01
17:53:25          8      0.00      0.00      0.00      0.00      0.00    100.00
17:53:25          9      0.00      0.00      0.00      0.00      0.00    100.00
17:53:25         10      0.00      0.00      0.00      0.00      0.00    100.00
17:53:25         11      0.00      0.00      0.00      0.00      0.00    100.00
17:53:25         12      0.00      0.00      0.00      0.00      0.00    100.00
17:53:25         13      0.00      0.00      0.00      0.00      0.00    100.00
17:53:25         14      0.00      0.00      0.00      0.00      0.00    100.00
17:53:25         15      0.00      0.00      0.00      0.00      0.00    100.00
17:53:25         16      0.00      0.00      0.00      0.00      0.00    100.00
17:53:25         17      0.00      0.00      0.00      0.00      0.00    100.00
17:53:25         18      0.00      0.00      0.00      0.00      0.00    100.00
17:53:25         19      0.00      0.00      0.00      0.00      0.00    100.00
17:53:25         20      0.00      0.00      0.00      0.00      0.00    100.00
17:53:25         21      0.00      0.00      0.00      0.00      0.00    100.00
17:53:25         22      0.00      0.00      0.00      0.00      0.00    100.00
17:53:25         23      0.00      0.00      0.00      0.00      0.00    100.00
17:53:25         24      0.00      0.00      0.99      0.00      0.00     99.01
17:53:25         25      0.00      0.00      0.00      0.00      0.00    100.00
17:53:25         26      0.00      0.00      0.00      0.00      0.00    100.00
17:53:25         27      0.00      0.00      0.00      0.00      0.00    100.00
17:53:25         28      0.00      0.00      0.00      0.00      0.00    100.00
17:53:25         29      0.00      0.00      0.00      0.00      0.00    100.00
17:53:25         30      0.00      0.00      0.00      0.00      0.00    100.00
17:53:25         31      0.00      0.00      0.00      0.00      0.00    100.00
17:53:25         32      0.00      0.00      0.00      0.00      0.00    100.00
17:53:25         33      0.00      0.00      0.00      0.00      0.00    100.00
17:53:25         34      0.00      0.00      0.00      0.00      0.00    100.00
17:53:25         35      0.00      0.00      0.00      0.00      0.00    100.00
17:53:25         36      0.00      0.00      0.00      0.00      0.00    100.00
17:53:25         37      0.00      0.00      0.00      0.00      0.00    100.00
17:53:25         38      0.00      0.00      0.00      0.00      0.00    100.00
17:53:25         39      0.00      0.00      0.00      0.00      0.00    100.00

17:53:25        CPU     %user     %nice   %system   %iowait    %steal     %idle
17:53:26        all      0.00      0.00      0.05      0.00      0.00     99.95
17:53:26          0      0.00      0.00      0.00      0.00      0.00    100.00
17:53:26          1      0.00      0.00      0.00      0.00      0.00    100.00
17:53:26          2      0.00      0.00      0.00      0.00      0.00    100.00
17:53:26          3      0.00      0.00      0.00      0.00      0.00    100.00
17:53:26          4      0.00      0.00      0.00      0.00      0.00    100.00
17:53:26          5      0.00      0.00      0.00      0.00      0.00    100.00
17:53:26          6      0.00      0.00      0.00      0.00      0.00    100.00
17:53:26          7      0.00      0.00      0.00      0.00      0.00    100.00
17:53:26          8      0.00      0.00      0.00      0.00      0.00    100.00
17:53:26          9      0.00      0.00      0.00      0.00      0.00    100.00
17:53:26         10      0.00      0.00      0.00      0.00      0.00    100.00
17:53:26         11      0.00      0.00      0.00      0.00      0.00    100.00
17:53:26         12      0.00      0.00      0.00      0.00      0.00    100.00
17:53:26         13      0.00      0.00      0.00      0.00      0.00    100.00
17:53:26         14      0.00      0.00      0.00      0.00      0.00    100.00
17:53:26         15      0.00      0.00      0.00      0.00      0.00    100.00
17:53:26         16      0.00      0.00      0.00      0.00      0.00    100.00
17:53:26         17      0.00      0.00      0.00      0.00      0.00    100.00
17:53:26         18      0.00      0.00      0.00      0.00      0.00    100.00
17:53:26         19      0.00      0.00      0.00      0.00      0.00    100.00
17:53:26         20      0.00      0.00      0.00      0.00      0.00    100.00
17:53:26         21      0.00      0.00      0.00      0.00      0.00    100.00
17:53:26         22      0.00      0.00      0.00      0.00      0.00    100.00
17:53:26         23      0.00      0.00      0.00      0.00      0.00    100.00
17:53:26         24      0.00      0.00      0.00      0.00      0.00    100.00
17:53:26         25      0.00      0.00      0.00      0.00      0.00    100.00
17:53:26         26      0.00      0.00      0.00      0.00      0.00    100.00
17:53:26         27      0.00      0.00      0.00      0.00      0.00    100.00
17:53:26         28      0.00      0.00      0.00      0.00      0.00    100.00
17:53:26         29      0.00      0.00      0.00      0.00      0.00    100.00
17:53:26         30      0.00      0.00      0.00      0.00      0.00    100.00
17:53:26         31      0.00      0.00      0.00      0.00      0.00    100.00
17:53:26         32      0.00      0.00      0.00      0.00      0.00    100.00
17:53:26         33      0.00      0.00      0.00      0.00      0.00    100.00
17:53:26         34      0.00      0.00      0.00      0.00      0.00    100.00
17:53:26         35      0.00      0.00      0.00      0.00      0.00    100.00
17:53:26         36      0.00      0.00      0.00      0.00      0.00    100.00
17:53:26         37      0.00      0.00      0.00      0.00      0.00    100.00
17:53:26         38      0.00      0.00      0.00      0.00      0.00    100.00
17:53:26         39      0.00      0.00      0.00      0.00      0.00    100.00

17:53:26        CPU     %user     %nice   %system   %iowait    %steal     %idle
17:53:27        all      0.03      0.00      0.00      0.00      0.00     99.97
17:53:27          0      0.00      0.00      0.00      0.00      0.00    100.00
17:53:27          1      0.00      0.00      0.00      0.00      0.00    100.00
17:53:27          2      0.00      0.00      0.00      0.00      0.00    100.00
17:53:27          3      0.00      0.00      0.00      0.00      0.00    100.00
17:53:27          4      0.00      0.00      0.00      0.00      0.00    100.00
17:53:27          5      0.00      0.00      0.00      0.00      0.00    100.00
17:53:27          6      0.00      0.00      0.00      0.00      0.00    100.00
17:53:27          7      0.99      0.00      0.00      0.00      0.00     99.01
17:53:27          8      0.00      0.00      0.00      0.00      0.00    100.00
17:53:27          9      0.00      0.00      1.00      0.00      0.00     99.00
17:53:27         10      0.00      0.00      0.00      0.00      0.00    100.00
17:53:27         11      0.00      0.00      0.00      0.00      0.00    100.00
17:53:27         12      0.00      0.00      0.00      0.00      0.00    100.00
17:53:27         13      0.00      0.00      0.00      0.00      0.00    100.00
17:53:27         14      0.00      0.00      0.00      0.00      0.00    100.00
17:53:27         15      0.00      0.00      0.00      0.00      0.00    100.00
17:53:27         16      0.00      0.00      0.00      0.00      0.00    100.00
17:53:27         17      0.00      0.00      0.00      0.00      0.00    100.00
17:53:27         18      0.00      0.00      0.00      0.00      0.00    100.00
17:53:27         19      0.00      0.00      0.00      0.00      0.00    100.00
17:53:27         20      0.00      0.00      0.00      0.00      0.00    100.00
17:53:27         21      0.00      0.00      0.00      0.00      0.00    100.00
17:53:27         22      0.00      0.00      0.00      0.00      0.00    100.00
17:53:27         23      0.00      0.00      0.00      0.00      0.00    100.00
17:53:27         24      0.00      0.00      0.00      0.00      0.00    100.00
17:53:27         25      0.00      0.00      0.00      0.00      0.00    100.00
17:53:27         26      0.00      0.00      0.00      0.00      0.00    100.00
17:53:27         27      0.00      0.00      0.00      0.00      0.00    100.00
17:53:27         28      0.00      0.00      0.00      0.00      0.00    100.00
17:53:27         29      0.00      0.00      0.00      0.00      0.00    100.00
17:53:27         30      0.00      0.00      0.00      0.00      0.00    100.00
17:53:27         31      0.00      0.00      0.00      0.00      0.00    100.00
17:53:27         32      0.00      0.00      0.00      0.00      0.00    100.00
17:53:27         33      0.00      0.00      0.00      0.00      0.00    100.00
17:53:27         34      0.00      0.00      0.00      0.00      0.00    100.00
17:53:27         35      0.00      0.00      0.00      0.00      0.00    100.00
17:53:27         36      0.00      0.00      0.00      0.00      0.00    100.00
17:53:27         37      0.00      0.00      0.00      0.00      0.00    100.00
17:53:27         38      0.00      0.00      0.00      0.00      0.00    100.00
17:53:27         39      0.00      0.00      0.00      0.00      0.00    100.00

17:53:27        CPU     %user     %nice   %system   %iowait    %steal     %idle
17:53:28        all      0.02      0.00      0.02      0.00      0.00     99.95
17:53:28          0      0.00      0.00      0.00      0.00      0.00    100.00
17:53:28          1      0.00      0.00      0.00      0.00      0.00    100.00
17:53:28          2      0.00      0.00      0.00      0.00      0.00    100.00
17:53:28          3      0.00      0.00      0.00      0.00      0.00    100.00
17:53:28          4      0.00      0.00      0.00      0.00      0.00    100.00
17:53:28          5      0.00      0.00      0.00      0.00      0.00    100.00
17:53:28          6      0.00      0.00      0.00      0.00      0.00    100.00
17:53:28          7      0.00      0.00      0.00      0.00      0.00    100.00
17:53:28          8      0.00      0.00      0.99      0.00      0.00     99.01
17:53:28          9      0.00      0.00      0.00      0.00      0.00    100.00
17:53:28         10      0.00      0.00      0.00      0.00      0.00    100.00
17:53:28         11      0.00      0.00      0.00      0.00      0.00    100.00
17:53:28         12      0.00      0.00      0.00      0.00      0.00    100.00
17:53:28         13      0.00      0.00      0.00      0.00      0.00    100.00
17:53:28         14      0.00      0.00      0.00      0.00      0.00    100.00
17:53:28         15      0.00      0.00      0.00      0.00      0.00    100.00
17:53:28         16      0.00      0.00      0.00      0.00      0.00    100.00
17:53:28         17      0.00      0.00      0.00      0.00      0.00    100.00
17:53:28         18      0.00      0.00      0.00      0.00      0.00    100.00
17:53:28         19      0.00      0.00      0.00      0.00      0.00    100.00
17:53:28         20      0.00      0.00      0.00      0.00      0.00    100.00
17:53:28         21      0.00      0.00      0.00      0.00      0.00    100.00
17:53:28         22      0.00      0.00      0.00      0.00      0.00    100.00
17:53:28         23      0.00      0.00      0.00      0.00      0.00    100.00
17:53:28         24      0.99      0.00      0.00      0.00      0.00     99.01
17:53:28         25      0.00      0.00      0.00      0.00      0.00    100.00
17:53:28         26      0.00      0.00      0.00      0.00      0.00    100.00
17:53:28         27      0.00      0.00      0.00      0.00      0.00    100.00
17:53:28         28      0.00      0.00      0.00      0.00      0.00    100.00
17:53:28         29      0.00      0.00      0.00      0.00      0.00    100.00
17:53:28         30      0.00      0.00      0.00      0.00      0.00    100.00
17:53:28         31      0.00      0.00      0.00      0.00      0.00    100.00
17:53:28         32      0.00      0.00      0.00      0.00      0.00    100.00
17:53:28         33      0.00      0.00      0.00      0.00      0.00    100.00
17:53:28         34      0.00      0.00      0.00      0.00      0.00    100.00
17:53:28         35      0.00      0.00      0.00      0.00      0.00    100.00
17:53:28         36      0.00      0.00      0.00      0.00      0.00    100.00
17:53:28         37      0.00      0.00      0.00      0.00      0.00    100.00
17:53:28         38      0.00      0.00      0.00      0.00      0.00    100.00
17:53:28         39      0.00      0.00      0.00      0.00      0.00    100.00

17:53:28        CPU     %user     %nice   %system   %iowait    %steal     %idle
17:53:29        all      0.00      0.00      0.03      0.00      0.00     99.97
17:53:29          0      0.00      0.00      0.00      0.00      0.00    100.00
17:53:29          1      0.00      0.00      0.00      0.00      0.00    100.00
17:53:29          2      0.00      0.00      0.00      0.00      0.00    100.00
17:53:29          3      0.00      0.00      0.00      0.00      0.00    100.00
17:53:29          4      0.00      0.00      0.00      0.00      0.00    100.00
17:53:29          5      0.00      0.00      0.99      0.00      0.00     99.01
17:53:29          6      0.00      0.00      0.00      0.00      0.00    100.00
17:53:29          7      0.00      0.00      0.00      0.00      0.00    100.00
17:53:29          8      0.00      0.00      0.00      0.00      0.00    100.00
17:53:29          9      0.00      0.00      0.00      0.00      0.00    100.00
17:53:29         10      0.00      0.00      0.00      0.00      0.00    100.00
17:53:29         11      0.00      0.00      0.00      0.00      0.00    100.00
17:53:29         12      0.00      0.00      0.00      0.00      0.00    100.00
17:53:29         13      0.00      0.00      0.00      0.00      0.00    100.00
17:53:29         14      0.00      0.00      0.00      0.00      0.00    100.00
17:53:29         15      0.00      0.00      0.00      0.00      0.00    100.00
17:53:29         16      0.00      0.00      0.00      0.00      0.00    100.00
17:53:29         17      0.00      0.00      0.00      0.00      0.00    100.00
17:53:29         18      0.00      0.00      0.00      0.00      0.00    100.00
17:53:29         19      0.00      0.00      0.00      0.00      0.00    100.00
17:53:29         20      0.00      0.00      0.00      0.00      0.00    100.00
17:53:29         21      0.00      0.00      0.00      0.00      0.00    100.00
17:53:29         22      0.00      0.00      0.00      0.00      0.00    100.00
17:53:29         23      0.00      0.00      0.00      0.00      0.00    100.00
17:53:29         24      0.00      0.00      0.00      0.00      0.00    100.00
17:53:29         25      0.00      0.00      0.00      0.00      0.00    100.00
17:53:29         26      0.00      0.00      0.00      0.00      0.00    100.00
17:53:29         27      0.00      0.00      0.00      0.00      0.00    100.00
17:53:29         28      0.00      0.00      0.00      0.00      0.00    100.00
17:53:29         29      0.00      0.00      0.00      0.00      0.00    100.00
17:53:29         30      0.00      0.00      0.00      0.00      0.00    100.00
17:53:29         31      0.00      0.00      0.00      0.00      0.00    100.00
17:53:29         32      0.00      0.00      0.00      0.00      0.00    100.00
17:53:29         33      0.00      0.00      0.00      0.00      0.00    100.00
17:53:29         34      0.00      0.00      0.00      0.00      0.00    100.00
17:53:29         35      0.00      0.00      0.00      0.00      0.00    100.00
17:53:29         36      0.00      0.00      0.00      0.00      0.00    100.00
17:53:29         37      0.00      0.00      0.00      0.00      0.00    100.00
17:53:29         38      0.00      0.00      0.00      0.00      0.00    100.00
17:53:29         39      0.00      0.00      0.00      0.00      0.00    100.00

17:53:29        CPU     %user     %nice   %system   %iowait    %steal     %idle
17:53:30        all      2.58      0.00      0.55      0.00      0.00     96.87
17:53:30          0      2.00      0.00      1.00      0.00      0.00     97.00
17:53:30          1      0.00      0.00      0.00      0.00      0.00    100.00
17:53:30          2      0.99      0.00      0.00      0.00      0.00     99.01
17:53:30          3      0.00      0.00      0.99      0.00      0.00     99.01
17:53:30          4      7.00      0.00      1.00      0.00      0.00     92.00
17:53:30          5      0.00      0.00      0.00      0.00      0.00    100.00
17:53:30          6      4.00      0.00      0.00      0.00      0.00     96.00
17:53:30          7      0.00      0.00      0.00      0.00      0.00    100.00
17:53:30          8      0.00      0.00      1.00      0.00      0.00     99.00
17:53:30          9      8.91      0.00      1.98      0.00      0.00     89.11
17:53:30         10      0.00      0.00      1.01      0.00      0.00     98.99
17:53:30         11      1.01      0.00      0.00      0.00      0.00     98.99
17:53:30         12      0.00      0.00      0.00      0.00      0.00    100.00
17:53:30         13      0.00      0.00      1.00      0.00      0.00     99.00
17:53:30         14      0.00      0.00      0.00      0.00      0.00    100.00
17:53:30         15      0.00      0.00      0.00      0.00      0.00    100.00
17:53:30         16      4.00      0.00      1.00      0.00      0.00     95.00
17:53:30         17      2.97      0.00      1.98      0.00      0.00     95.05
17:53:30         18      1.01      0.00      1.01      0.00      0.00     97.98
17:53:30         19      2.00      0.00      0.00      0.00      0.00     98.00
17:53:30         20      8.91      0.00      1.98      0.00      0.00     89.11
17:53:30         21      0.00      0.00      1.00      0.00      0.00     99.00
17:53:30         22     18.00      0.00      2.00      0.00      0.00     80.00
17:53:30         23      0.00      0.00      0.00      0.00      0.00    100.00
17:53:30         24     13.13      0.00      2.02      0.00      0.00     84.85
17:53:30         25      0.00      0.00      0.00      0.00      0.00    100.00
17:53:30         26     11.00      0.00      2.00      0.00      0.00     87.00
17:53:30         27      0.00      0.00      0.00      0.00      0.00    100.00
17:53:30         28      0.00      0.00      0.00      0.00      0.00    100.00
17:53:30         29     14.14      0.00      0.00      0.00      0.00     85.86
17:53:30         30      0.00      0.00      0.00      0.00      0.00    100.00
17:53:30         31      0.00      0.00      0.00      0.00      0.00    100.00
17:53:30         32      2.00      0.00      0.00      0.00      0.00     98.00
17:53:30         33      0.00      0.00      0.00      0.00      0.00    100.00
17:53:30         34      0.00      0.00      0.00      0.00      0.00    100.00
17:53:30         35      1.00      0.00      0.00      0.00      0.00     99.00
17:53:30         36      0.00      0.00      0.00      0.00      0.00    100.00
17:53:30         37      1.01      0.00      0.00      0.00      0.00     98.99
17:53:30         38      1.00      0.00      0.00      0.00      0.00     99.00
17:53:30         39      0.00      0.00      0.00      0.00      0.00    100.00

17:53:30        CPU     %user     %nice   %system   %iowait    %steal     %idle
17:53:31        all      5.66      0.00      1.73      0.30      0.00     92.31
17:53:31          0      4.04      0.00      2.02      0.00      0.00     93.94
17:53:31          1      0.00      0.00      1.01      0.00      0.00     98.99
17:53:31          2      3.03      0.00      2.02      0.00      0.00     94.95
17:53:31          3     20.20      0.00      3.03      0.00      0.00     76.77
17:53:31          4      2.00      0.00      1.00      1.00      0.00     96.00
17:53:31          5     16.00      0.00      1.00      0.00      0.00     83.00
17:53:31          6      9.90      0.00      2.97      0.00      0.00     87.13
17:53:31          7      5.05      0.00      2.02      0.00      0.00     92.93
17:53:31          8     16.00      0.00      4.00      0.00      0.00     80.00
17:53:31          9     11.11      0.00      2.02      2.02      0.00     84.85
17:53:31         10     11.00      0.00      3.00      0.00      0.00     86.00
17:53:31         11      0.00      0.00      2.04      0.00      0.00     97.96
17:53:31         12      0.00      0.00      2.00      2.00      0.00     96.00
17:53:31         13      2.00      0.00      1.00      0.00      0.00     97.00
17:53:31         14      0.00      0.00      0.00      0.00      0.00    100.00
17:53:31         15      1.01      0.00      0.00      0.00      0.00     98.99
17:53:31         16     10.20      0.00      1.02      0.00      0.00     88.78
17:53:31         17      1.98      0.00      0.99      2.97      0.00     94.06
17:53:31         18      9.00      0.00      4.00      0.00      0.00     87.00
17:53:31         19     27.00      0.00      4.00      3.00      0.00     66.00
17:53:31         20      7.00      0.00      3.00      0.00      0.00     90.00
17:53:31         21      0.00      0.00      1.00      0.00      0.00     99.00
17:53:31         22      0.00      0.00      1.00      0.00      0.00     99.00
17:53:31         23      4.04      0.00      1.01      2.02      0.00     92.93
17:53:31         24      0.00      0.00      2.00      0.00      0.00     98.00
17:53:31         25      2.00      0.00      1.00      0.00      0.00     97.00
17:53:31         26      9.09      0.00      3.03      0.00      0.00     87.88
17:53:31         27     26.73      0.00      3.96      0.00      0.00     69.31
17:53:31         28      0.00      0.00      2.97      0.00      0.00     97.03
17:53:31         29      1.00      0.00      1.00      0.00      0.00     98.00
17:53:31         30      1.00      0.00      1.00      0.00      0.00     98.00
17:53:31         31      0.00      0.00      0.00      0.00      0.00    100.00
17:53:31         32      0.00      0.00      0.00      0.00      0.00    100.00
17:53:31         33      0.00      0.00      0.00      0.00      0.00    100.00
17:53:31         34      0.98      0.00      3.92      0.00      0.00     95.10
17:53:31         35      0.00      0.00      1.01      0.00      0.00     98.99
17:53:31         36     20.00      0.00      4.00      0.00      0.00     76.00
17:53:31         37      1.98      0.00      1.98      0.00      0.00     96.04
17:53:31         38      0.00      0.00      1.00      0.00      0.00     99.00
17:53:31         39      0.00      0.00      0.00      0.00      0.00    100.00

17:53:31        CPU     %user     %nice   %system   %iowait    %steal     %idle
17:53:32        all      0.03      0.00      0.03      0.00      0.00     99.95
17:53:32          0      0.00      0.00      0.00      0.00      0.00    100.00
17:53:32          1      0.00      0.00      0.00      0.00      0.00    100.00
17:53:32          2      0.00      0.00      0.00      0.00      0.00    100.00
17:53:32          3      0.00      0.00      0.00      0.00      0.00    100.00
17:53:32          4      0.00      0.00      0.00      0.00      0.00    100.00
17:53:32          5      0.00      0.00      0.00      0.00      0.00    100.00
17:53:32          6      0.00      0.00      0.00      0.00      0.00    100.00
17:53:32          7      0.99      0.00      0.00      0.00      0.00     99.01
17:53:32          8      0.00      0.00      0.00      0.00      0.00    100.00
17:53:32          9      0.00      0.00      0.00      0.00      0.00    100.00
17:53:32         10      0.00      0.00      0.00      0.00      0.00    100.00
17:53:32         11      0.00      0.00      0.00      0.00      0.00    100.00
17:53:32         12      0.00      0.00      0.00      0.00      0.00    100.00
17:53:32         13      0.00      0.00      0.00      0.00      0.00    100.00
17:53:32         14      0.00      0.00      0.00      0.00      0.00    100.00
17:53:32         15      0.00      0.00      0.00      0.00      0.00    100.00
17:53:32         16      0.00      0.00      0.00      0.00      0.00    100.00
17:53:32         17      0.00      0.00      0.00      0.00      0.00    100.00
17:53:32         18      0.00      0.00      0.00      0.00      0.00    100.00
17:53:32         19      0.00      0.00      0.00      0.00      0.00    100.00
17:53:32         20      0.00      0.00      0.00      0.00      0.00    100.00
17:53:32         21      0.00      0.00      0.00      0.00      0.00    100.00
17:53:32         22      0.00      0.00      0.00      0.00      0.00    100.00
17:53:32         23      0.00      0.00      0.00      0.00      0.00    100.00
17:53:32         24      0.00      0.00      0.00      0.00      0.00    100.00
17:53:32         25      0.00      0.00      0.00      0.00      0.00    100.00
17:53:32         26      0.00      0.00      0.00      0.00      0.00    100.00
17:53:32         27      0.00      0.00      0.00      0.00      0.00    100.00
17:53:32         28      0.00      0.00      0.00      0.00      0.00    100.00
17:53:32         29      0.00      0.00      0.00      0.00      0.00    100.00
17:53:32         30      0.00      0.00      0.00      0.00      0.00    100.00
17:53:32         31      0.00      0.00      0.00      0.00      0.00    100.00
17:53:32         32      0.00      0.00      0.00      0.00      0.00    100.00
17:53:32         33      0.00      0.00      0.00      0.00      0.00    100.00
17:53:32         34      0.00      0.00      0.00      0.00      0.00    100.00
17:53:32         35      0.00      0.00      0.00      0.00      0.00    100.00
17:53:32         36      0.00      0.00      0.00      0.00      0.00    100.00
17:53:32         37      0.00      0.00      0.00      0.00      0.00    100.00
17:53:32         38      0.00      0.00      0.00      0.00      0.00    100.00
17:53:32         39      0.00      0.00      0.00      0.00      0.00    100.00

17:53:32        CPU     %user     %nice   %system   %iowait    %steal     %idle
17:53:33        all      0.00      0.00      0.00      0.00      0.00    100.00
17:53:33          0      0.00      0.00      0.00      0.00      0.00    100.00
17:53:33          1      0.00      0.00      0.00      0.00      0.00    100.00
17:53:33          2      0.00      0.00      0.00      0.00      0.00    100.00
17:53:33          3      0.00      0.00      0.00      0.00      0.00    100.00
17:53:33          4      0.00      0.00      0.00      0.00      0.00    100.00
17:53:33          5      0.00      0.00      0.00      0.00      0.00    100.00
17:53:33          6      0.00      0.00      0.99      0.00      0.00     99.01
17:53:33          7      0.00      0.00      0.00      0.00      0.00    100.00
17:53:33          8      0.00      0.00      0.00      0.00      0.00    100.00
17:53:33          9      0.00      0.00      0.00      0.00      0.00    100.00
17:53:33         10      0.00      0.00      0.00      0.00      0.00    100.00
17:53:33         11      0.00      0.00      0.00      0.00      0.00    100.00
17:53:33         12      0.00      0.00      0.00      0.00      0.00    100.00
17:53:33         13      0.00      0.00      0.00      0.00      0.00    100.00
17:53:33         14      0.00      0.00      0.00      0.00      0.00    100.00
17:53:33         15      0.00      0.00      0.00      0.00      0.00    100.00
17:53:33         16      0.00      0.00      0.00      0.00      0.00    100.00
17:53:33         17      0.00      0.00      0.00      0.00      0.00    100.00
17:53:33         18      0.00      0.00      0.00      0.00      0.00    100.00
17:53:33         19      0.00      0.00      0.00      0.00      0.00    100.00
17:53:33         20      0.00      0.00      0.00      0.00      0.00    100.00
17:53:33         21      0.00      0.00      0.00      0.00      0.00    100.00
17:53:33         22      0.00      0.00      0.00      0.00      0.00    100.00
17:53:33         23      0.00      0.00      0.00      0.00      0.00    100.00
17:53:33         24      0.00      0.00      0.00      0.00      0.00    100.00
17:53:33         25      0.00      0.00      0.00      0.00      0.00    100.00
17:53:33         26      0.00      0.00      0.00      0.00      0.00    100.00
17:53:33         27      0.00      0.00      0.00      0.00      0.00    100.00
17:53:33         28      0.00      0.00      0.00      0.00      0.00    100.00
17:53:33         29      0.00      0.00      0.00      0.00      0.00    100.00
17:53:33         30      0.00      0.00      0.00      0.00      0.00    100.00
17:53:33         31      0.00      0.00      0.00      0.00      0.00    100.00
17:53:33         32      0.00      0.00      0.00      0.00      0.00    100.00
17:53:33         33      0.00      0.00      0.00      0.00      0.00    100.00
17:53:33         34      0.00      0.00      0.00      0.00      0.00    100.00
17:53:33         35      0.00      0.00      0.00      0.00      0.00    100.00
17:53:33         36      0.00      0.00      0.00      0.00      0.00    100.00
17:53:33         37      0.00      0.00      0.00      0.00      0.00    100.00
17:53:33         38      0.00      0.00      0.00      0.00      0.00    100.00
17:53:33         39      0.00      0.00      0.00      0.00      0.00    100.00

17:53:33        CPU     %user     %nice   %system   %iowait    %steal     %idle
17:53:34        all      0.00      0.00      0.03      0.08      0.00     99.90
17:53:34          0      0.00      0.00      0.00      0.00      0.00    100.00
17:53:34          1      0.00      0.00      0.00      0.00      0.00    100.00
17:53:34          2      0.00      0.00      0.00      0.00      0.00    100.00
17:53:34          3      0.00      0.00      0.00      0.00      0.00    100.00
17:53:34          4      0.00      0.00      0.00      0.00      0.00    100.00
17:53:34          5      0.00      0.00      0.00      0.00      0.00    100.00
17:53:34          6      0.00      0.00      0.00      0.00      0.00    100.00
17:53:34          7      0.00      0.00      0.00      0.00      0.00    100.00
17:53:34          8      0.00      0.00      0.00      0.00      0.00    100.00
17:53:34          9      0.00      0.00      0.99      2.97      0.00     96.04
17:53:34         10      0.00      0.00      0.00      0.00      0.00    100.00
17:53:34         11      0.00      0.00      0.00      0.00      0.00    100.00
17:53:34         12      0.00      0.00      0.00      0.00      0.00    100.00
17:53:34         13      0.00      0.00      0.00      0.00      0.00    100.00
17:53:34         14      0.00      0.00      0.00      0.00      0.00    100.00
17:53:34         15      0.00      0.00      0.00      0.00      0.00    100.00
17:53:34         16      0.00      0.00      0.00      0.00      0.00    100.00
17:53:34         17      0.00      0.00      0.00      0.00      0.00    100.00
17:53:34         18      0.00      0.00      0.00      0.00      0.00    100.00
17:53:34         19      0.00      0.00      0.00      0.00      0.00    100.00
17:53:34         20      0.00      0.00      0.00      0.00      0.00    100.00
17:53:34         21      0.00      0.00      0.00      0.00      0.00    100.00
17:53:34         22      0.00      0.00      0.00      0.00      0.00    100.00
17:53:34         23      0.00      0.00      0.00      0.00      0.00    100.00
17:53:34         24      0.00      0.00      0.00      0.00      0.00    100.00
17:53:34         25      0.00      0.00      0.00      0.00      0.00    100.00
17:53:34         26      0.00      0.00      0.00      0.00      0.00    100.00
17:53:34         27      0.00      0.00      0.00      0.00      0.00    100.00
17:53:34         28      0.00      0.00      0.00      0.00      0.00    100.00
17:53:34         29      0.00      0.00      0.00      0.00      0.00    100.00
17:53:34         30      0.00      0.00      0.00      0.00      0.00    100.00
17:53:34         31      0.00      0.00      0.00      0.00      0.00    100.00
17:53:34         32      0.00      0.00      0.00      0.00      0.00    100.00
17:53:34         33      0.00      0.00      0.00      0.00      0.00    100.00
17:53:34         34      0.00      0.00      0.00      0.00      0.00    100.00
17:53:34         35      0.00      0.00      0.00      0.00      0.00    100.00
17:53:34         36      0.00      0.00      0.00      0.00      0.00    100.00
17:53:34         37      0.00      0.00      0.00      0.00      0.00    100.00
17:53:34         38      0.00      0.00      0.00      0.00      0.00    100.00
17:53:34         39      0.00      0.00      0.00      0.00      0.00    100.00

17:53:34        CPU     %user     %nice   %system   %iowait    %steal     %idle
17:53:35        all      0.00      0.00      0.00      0.00      0.00    100.00
17:53:35          0      0.00      0.00      0.00      0.00      0.00    100.00
17:53:35          1      0.00      0.00      0.00      0.00      0.00    100.00
17:53:35          2      0.00      0.00      0.00      0.00      0.00    100.00
17:53:35          3      0.00      0.00      0.00      0.00      0.00    100.00
17:53:35          4      0.00      0.00      0.00      0.00      0.00    100.00
17:53:35          5      0.00      0.00      0.00      0.00      0.00    100.00
17:53:35          6      0.00      0.00      0.00      0.00      0.00    100.00
17:53:35          7      0.00      0.00      0.00      0.00      0.00    100.00
17:53:35          8      0.00      0.00      0.00      0.00      0.00    100.00
17:53:35          9      0.00      0.00      0.00      0.00      0.00    100.00
17:53:35         10      0.00      0.00      0.00      0.00      0.00    100.00
17:53:35         11      0.00      0.00      0.00      0.00      0.00    100.00
17:53:35         12      0.00      0.00      0.00      0.00      0.00    100.00
17:53:35         13      0.00      0.00      0.00      0.00      0.00    100.00
17:53:35         14      0.00      0.00      0.00      0.00      0.00    100.00
17:53:35         15      0.00      0.00      0.00      0.00      0.00    100.00
17:53:35         16      0.00      0.00      0.00      0.00      0.00    100.00
17:53:35         17      0.00      0.00      0.00      0.00      0.00    100.00
17:53:35         18      0.00      0.00      0.00      0.00      0.00    100.00
17:53:35         19      0.00      0.00      0.00      0.00      0.00    100.00
17:53:35         20      0.00      0.00      0.99      0.00      0.00     99.01
17:53:35         21      0.00      0.00      0.00      0.00      0.00    100.00
17:53:35         22      0.00      0.00      0.00      0.00      0.00    100.00
17:53:35         23      0.00      0.00      0.00      0.00      0.00    100.00
17:53:35         24      0.00      0.00      0.00      0.00      0.00    100.00
17:53:35         25      0.00      0.00      0.00      0.00      0.00    100.00
17:53:35         26      0.00      0.00      0.00      0.00      0.00    100.00
17:53:35         27      0.00      0.00      0.00      0.00      0.00    100.00
17:53:35         28      0.00      0.00      0.00      0.00      0.00    100.00
17:53:35         29      0.00      0.00      0.00      0.00      0.00    100.00
17:53:35         30      0.00      0.00      0.00      0.00      0.00    100.00
17:53:35         31      0.00      0.00      0.00      0.00      0.00    100.00
17:53:35         32      0.00      0.00      0.00      0.00      0.00    100.00
17:53:35         33      0.00      0.00      0.00      0.00      0.00    100.00
17:53:35         34      0.00      0.00      0.00      0.00      0.00    100.00
17:53:35         35      0.00      0.00      0.00      0.00      0.00    100.00
17:53:35         36      0.00      0.00      0.00      0.00      0.00    100.00
17:53:35         37      0.00      0.00      0.00      0.00      0.00    100.00
17:53:35         38      0.00      0.00      0.00      0.00      0.00    100.00
17:53:35         39      0.00      0.00      0.00      0.00      0.00    100.00

17:53:35        CPU     %user     %nice   %system   %iowait    %steal     %idle
17:53:36        all      0.00      0.00      0.03      0.00      0.00     99.97
17:53:36          0      0.00      0.00      0.00      0.00      0.00    100.00
17:53:36          1      0.00      0.00      0.00      0.00      0.00    100.00
17:53:36          2      0.00      0.00      0.00      0.00      0.00    100.00
17:53:36          3      0.00      0.00      0.00      0.00      0.00    100.00
17:53:36          4      0.00      0.00      0.00      0.00      0.00    100.00
17:53:36          5      0.00      0.00      0.00      0.00      0.00    100.00
17:53:36          6      0.00      0.00      0.00      0.00      0.00    100.00
17:53:36          7      0.00      0.00      0.00      0.00      0.00    100.00
17:53:36          8      0.00      0.00      0.00      0.00      0.00    100.00
17:53:36          9      0.00      0.00      0.00      0.00      0.00    100.00
17:53:36         10      0.00      0.00      0.00      0.00      0.00    100.00
17:53:36         11      0.00      0.00      0.00      0.00      0.00    100.00
17:53:36         12      0.00      0.00      0.00      0.00      0.00    100.00
17:53:36         13      0.00      0.00      0.00      0.00      0.00    100.00
17:53:36         14      0.00      0.00      0.00      0.00      0.00    100.00
17:53:36         15      0.00      0.00      0.00      0.00      0.00    100.00
17:53:36         16      0.00      0.00      0.00      0.00      0.00    100.00
17:53:36         17      0.00      0.00      0.00      0.00      0.00    100.00
17:53:36         18      0.00      0.00      0.00      0.00      0.00    100.00
17:53:36         19      0.00      0.00      0.00      0.00      0.00    100.00
17:53:36         20      0.00      0.00      0.00      0.00      0.00    100.00
17:53:36         21      0.00      0.00      0.00      0.00      0.00    100.00
17:53:36         22      0.00      0.00      0.00      0.00      0.00    100.00
17:53:36         23      0.00      0.00      0.00      0.00      0.00    100.00
17:53:36         24      0.00      0.00      0.00      0.00      0.00    100.00
17:53:36         25      0.00      0.00      0.00      0.00      0.00    100.00
17:53:36         26      0.00      0.00      0.00      0.00      0.00    100.00
17:53:36         27      0.00      0.00      0.00      0.00      0.00    100.00
17:53:36         28      0.00      0.00      0.00      0.00      0.00    100.00
17:53:36         29      0.00      0.00      0.00      0.00      0.00    100.00
17:53:36         30      0.00      0.00      0.00      0.00      0.00    100.00
17:53:36         31      0.00      0.00      0.00      0.00      0.00    100.00
17:53:36         32      0.00      0.00      0.00      0.00      0.00    100.00
17:53:36         33      0.00      0.00      0.00      0.00      0.00    100.00
17:53:36         34      0.00      0.00      0.00      0.00      0.00    100.00
17:53:36         35      0.00      0.00      0.00      0.00      0.00    100.00
17:53:36         36      0.00      0.00      0.00      0.00      0.00    100.00
17:53:36         37      0.00      0.00      0.00      0.00      0.00    100.00
17:53:36         38      0.00      0.00      0.00      0.00      0.00    100.00
17:53:36         39      0.00      0.00      0.00      0.00      0.00    100.00

17:53:36        CPU     %user     %nice   %system   %iowait    %steal     %idle
17:53:37        all      0.00      0.00      0.00      0.00      0.00    100.00
17:53:37          0      0.00      0.00      0.00      0.00      0.00    100.00
17:53:37          1      0.00      0.00      0.00      0.00      0.00    100.00
17:53:37          2      0.00      0.00      0.00      0.00      0.00    100.00
17:53:37          3      0.00      0.00      0.00      0.00      0.00    100.00
17:53:37          4      0.00      0.00      0.00      0.00      0.00    100.00
17:53:37          5      0.00      0.00      0.00      0.00      0.00    100.00
17:53:37          6      0.00      0.00      0.00      0.00      0.00    100.00
17:53:37          7      0.00      0.00      0.00      0.00      0.00    100.00
17:53:37          8      0.99      0.00      0.00      0.00      0.00     99.01
17:53:37          9      0.00      0.00      0.00      0.00      0.00    100.00
17:53:37         10      0.00      0.00      0.00      0.00      0.00    100.00
17:53:37         11      0.00      0.00      0.00      0.00      0.00    100.00
17:53:37         12      0.00      0.00      0.00      0.00      0.00    100.00
17:53:37         13      0.00      0.00      0.00      0.00      0.00    100.00
17:53:37         14      0.00      0.00      0.00      0.00      0.00    100.00
17:53:37         15      0.00      0.00      0.00      0.00      0.00    100.00
17:53:37         16      0.00      0.00      0.00      0.00      0.00    100.00
17:53:37         17      0.00      0.00      0.00      0.00      0.00    100.00
17:53:37         18      0.00      0.00      0.00      0.00      0.00    100.00
17:53:37         19      0.00      0.00      0.00      0.00      0.00    100.00
17:53:37         20      0.00      0.00      0.00      0.00      0.00    100.00
17:53:37         21      0.00      0.00      0.00      0.00      0.00    100.00
17:53:37         22      0.00      0.00      0.00      0.00      0.00    100.00
17:53:37         23      0.00      0.00      0.00      0.00      0.00    100.00
17:53:37         24      0.00      0.00      0.00      0.00      0.00    100.00
17:53:37         25      0.00      0.00      0.00      0.00      0.00    100.00
17:53:37         26      0.00      0.00      0.00      0.00      0.00    100.00
17:53:37         27      0.00      0.00      0.00      0.00      0.00    100.00
17:53:37         28      0.00      0.00      0.00      0.00      0.00    100.00
17:53:37         29      0.00      0.00      0.00      0.00      0.00    100.00
17:53:37         30      0.00      0.00      0.00      0.00      0.00    100.00
17:53:37         31      0.00      0.00      0.00      0.00      0.00    100.00
17:53:37         32      0.00      0.00      0.00      0.00      0.00    100.00
17:53:37         33      0.00      0.00      0.00      0.00      0.00    100.00
17:53:37         34      0.00      0.00      0.00      0.00      0.00    100.00
17:53:37         35      0.00      0.00      0.00      0.00      0.00    100.00
17:53:37         36      0.00      0.00      0.00      0.00      0.00    100.00
17:53:37         37      0.00      0.00      0.00      0.00      0.00    100.00
17:53:37         38      0.00      0.00      0.00      0.00      0.00    100.00
17:53:37         39      0.00      0.00      0.00      0.00      0.00    100.00

17:53:37        CPU     %user     %nice   %system   %iowait    %steal     %idle
17:53:38        all      0.03      0.00      0.00      0.00      0.00     99.98
17:53:38          0      0.00      0.00      0.00      0.00      0.00    100.00
17:53:38          1      0.00      0.00      0.00      0.00      0.00    100.00
17:53:38          2      0.00      0.00      0.00      0.00      0.00    100.00
17:53:38          3      0.00      0.00      0.00      0.00      0.00    100.00
17:53:38          4      0.00      0.00      0.00      0.00      0.00    100.00
17:53:38          5      0.00      0.00      0.00      0.00      0.00    100.00
17:53:38          6      0.00      0.00      0.00      0.00      0.00    100.00
17:53:38          7      0.00      0.00      0.00      0.00      0.00    100.00
17:53:38          8      0.00      0.00      0.00      0.00      0.00    100.00
17:53:38          9      0.99      0.00      0.00      0.00      0.00     99.01
17:53:38         10      0.00      0.00      0.00      0.00      0.00    100.00
17:53:38         11      0.00      0.00      0.00      0.00      0.00    100.00
17:53:38         12      0.00      0.00      0.00      0.00      0.00    100.00
17:53:38         13      0.00      0.00      0.00      0.00      0.00    100.00
17:53:38         14      0.00      0.00      0.00      0.00      0.00    100.00
17:53:38         15      0.00      0.00      0.00      0.00      0.00    100.00
17:53:38         16      0.00      0.00      0.00      0.00      0.00    100.00
17:53:38         17      0.00      0.00      0.00      0.00      0.00    100.00
17:53:38         18      0.00      0.00      0.00      0.00      0.00    100.00
17:53:38         19      0.00      0.00      0.00      0.00      0.00    100.00
17:53:38         20      0.00      0.00      0.00      0.00      0.00    100.00
17:53:38         21      0.00      0.00      0.00      0.00      0.00    100.00
17:53:38         22      0.00      0.00      0.00      0.00      0.00    100.00
17:53:38         23      0.00      0.00      0.00      0.00      0.00    100.00
17:53:38         24      0.00      0.00      0.00      0.00      0.00    100.00
17:53:38         25      0.00      0.00      0.00      0.00      0.00    100.00
17:53:38         26      0.00      0.00      0.00      0.00      0.00    100.00
17:53:38         27      0.00      0.00      0.00      0.00      0.00    100.00
17:53:38         28      0.00      0.00      0.00      0.00      0.00    100.00
17:53:38         29      0.00      0.00      0.00      0.00      0.00    100.00
17:53:38         30      0.00      0.00      0.00      0.00      0.00    100.00
17:53:38         31      0.00      0.00      0.00      0.00      0.00    100.00
17:53:38         32      0.00      0.00      0.00      0.00      0.00    100.00
17:53:38         33      0.00      0.00      0.00      0.00      0.00    100.00
17:53:38         34      0.00      0.00      0.00      0.00      0.00    100.00
17:53:38         35      0.00      0.00      0.00      0.00      0.00    100.00
17:53:38         36      0.00      0.00      0.00      0.00      0.00    100.00
17:53:38         37      0.00      0.00      0.00      0.00      0.00    100.00
17:53:38         38      0.00      0.00      0.00      0.00      0.00    100.00
17:53:38         39      0.00      0.00      0.00      0.00      0.00    100.00

17:53:38        CPU     %user     %nice   %system   %iowait    %steal     %idle
17:53:39        all      0.00      0.00      0.00      0.00      0.00    100.00
17:53:39          0      0.00      0.00      0.00      0.00      0.00    100.00
17:53:39          1      0.00      0.00      0.00      0.00      0.00    100.00
17:53:39          2      0.00      0.00      0.00      0.00      0.00    100.00
17:53:39          3      0.00      0.00      0.00      0.00      0.00    100.00
17:53:39          4      0.00      0.00      0.00      0.00      0.00    100.00
17:53:39          5      0.00      0.00      0.00      0.00      0.00    100.00
17:53:39          6      0.00      0.00      0.00      0.00      0.00    100.00
17:53:39          7      0.00      0.00      0.00      0.00      0.00    100.00
17:53:39          8      0.00      0.00      0.99      0.00      0.00     99.01
17:53:39          9      0.00      0.00      0.00      0.00      0.00    100.00
17:53:39         10      0.00      0.00      0.00      0.00      0.00    100.00
17:53:39         11      0.00      0.00      0.00      0.00      0.00    100.00
17:53:39         12      0.00      0.00      0.00      0.00      0.00    100.00
17:53:39         13      0.00      0.00      0.00      0.00      0.00    100.00
17:53:39         14      0.00      0.00      0.00      0.00      0.00    100.00
17:53:39         15      0.00      0.00      0.00      0.00      0.00    100.00
17:53:39         16      0.00      0.00      0.00      0.00      0.00    100.00
17:53:39         17      0.00      0.00      0.00      0.00      0.00    100.00
17:53:39         18      0.00      0.00      0.00      0.00      0.00    100.00
17:53:39         19      0.00      0.00      0.00      0.00      0.00    100.00
17:53:39         20      0.00      0.00      0.00      0.00      0.00    100.00
17:53:39         21      0.00      0.00      0.00      0.00      0.00    100.00
17:53:39         22      0.00      0.00      0.00      0.00      0.00    100.00
17:53:39         23      0.00      0.00      0.00      0.00      0.00    100.00
17:53:39         24      0.00      0.00      0.00      0.00      0.00    100.00
17:53:39         25      0.00      0.00      0.00      0.00      0.00    100.00
17:53:39         26      0.00      0.00      0.00      0.00      0.00    100.00
17:53:39         27      0.00      0.00      0.00      0.00      0.00    100.00
17:53:39         28      0.00      0.00      0.00      0.00      0.00    100.00
17:53:39         29      0.00      0.00      0.00      0.00      0.00    100.00
17:53:39         30      0.00      0.00      0.00      0.00      0.00    100.00
17:53:39         31      0.00      0.00      0.00      0.00      0.00    100.00
17:53:39         32      0.00      0.00      0.00      0.00      0.00    100.00
17:53:39         33      0.00      0.00      0.00      0.00      0.00    100.00
17:53:39         34      0.00      0.00      0.00      0.00      0.00    100.00
17:53:39         35      0.00      0.00      0.00      0.00      0.00    100.00
17:53:39         36      0.00      0.00      0.00      0.00      0.00    100.00
17:53:39         37      0.00      0.00      0.00      0.00      0.00    100.00
17:53:39         38      0.00      0.00      0.00      0.00      0.00    100.00
17:53:39         39      0.00      0.00      0.00      0.00      0.00    100.00

17:53:39        CPU     %user     %nice   %system   %iowait    %steal     %idle
17:53:40        all      0.53      0.00      0.10      0.00      0.00     99.37
17:53:40          0      0.99      0.00      0.00      0.00      0.00     99.01
17:53:40          1      2.02      0.00      0.00      0.00      0.00     97.98
17:53:40          2      0.00      0.00      0.00      0.00      0.00    100.00
17:53:40          3      0.00      0.00      0.00      0.00      0.00    100.00
17:53:40          4      0.00      0.00      0.00      0.00      0.00    100.00
17:53:40          5      0.00      0.00      0.00      0.00      0.00    100.00
17:53:40          6      0.00      0.00      0.00      0.00      0.00    100.00
17:53:40          7      0.00      0.00      0.00      0.00      0.00    100.00
17:53:40          8      0.00      0.00      0.00      0.00      0.00    100.00
17:53:40          9      0.00      0.00      0.00      0.00      0.00    100.00
17:53:40         10      0.00      0.00      0.00      0.00      0.00    100.00
17:53:40         11      0.00      0.00      0.00      0.00      0.00    100.00
17:53:40         12      0.00      0.00      0.00      0.00      0.00    100.00
17:53:40         13      0.00      0.00      0.00      0.00      0.00    100.00
17:53:40         14      0.00      0.00      0.00      0.00      0.00    100.00
17:53:40         15      0.00      0.00      0.00      0.00      0.00    100.00
17:53:40         16      0.00      0.00      0.00      0.00      0.00    100.00
17:53:40         17      0.00      0.00      0.99      0.00      0.00     99.01
17:53:40         18      0.00      0.00      0.00      0.00      0.00    100.00
17:53:40         19      0.00      0.00      0.00      0.00      0.00    100.00
17:53:40         20      0.00      0.00      0.00      0.00      0.00    100.00
17:53:40         21      0.00      0.00      0.00      0.00      0.00    100.00
17:53:40         22      0.00      0.00      0.00      0.00      0.00    100.00
17:53:40         23     17.00      0.00      2.00      0.00      0.00     81.00
17:53:40         24      0.00      0.00      0.00      0.00      0.00    100.00
17:53:40         25      0.00      0.00      0.00      0.00      0.00    100.00
17:53:40         26      0.00      0.00      0.00      0.00      0.00    100.00
17:53:40         27      0.00      0.00      0.00      0.00      0.00    100.00
17:53:40         28      0.00      0.00      0.00      0.00      0.00    100.00
17:53:40         29      0.00      0.00      0.00      0.00      0.00    100.00
17:53:40         30      0.00      0.00      0.00      0.00      0.00    100.00
17:53:40         31      0.00      0.00      0.00      0.00      0.00    100.00
17:53:40         32      0.00      0.00      0.00      0.00      0.00    100.00
17:53:40         33      0.00      0.00      0.00      0.00      0.00    100.00
17:53:40         34      0.00      0.00      1.01      0.00      0.00     98.99
17:53:40         35      0.00      0.00      0.00      0.00      0.00    100.00
17:53:40         36      0.00      0.00      0.00      0.00      0.00    100.00
17:53:40         37      0.00      0.00      0.00      0.00      0.00    100.00
17:53:40         38      0.00      0.00      0.00      0.00      0.00    100.00
17:53:40         39      0.00      0.00      0.00      0.00      0.00    100.00

17:53:40        CPU     %user     %nice   %system   %iowait    %steal     %idle
17:53:41        all      1.15      0.00      0.43      0.08      0.00     98.35
17:53:41          0      0.00      0.00      0.00      0.00      0.00    100.00
17:53:41          1     32.00      0.00      6.00      0.00      0.00     62.00
17:53:41          2      1.01      0.00      0.00      0.00      0.00     98.99
17:53:41          3      0.00      0.00      2.00      0.00      0.00     98.00
17:53:41          4      1.00      0.00      0.00      0.00      0.00     99.00
17:53:41          5      0.00      0.00      1.98      1.98      0.00     96.04
17:53:41          6      0.00      0.00      0.00      0.00      0.00    100.00
17:53:41          7      0.00      0.00      0.00      0.00      0.00    100.00
17:53:41          8      0.00      0.00      0.00      0.00      0.00    100.00
17:53:41          9      0.00      0.00      0.99      0.00      0.00     99.01
17:53:41         10      0.00      0.00      0.00      0.00      0.00    100.00
17:53:41         11      0.00      0.00      0.00      0.00      0.00    100.00
17:53:41         12      0.00      0.00      0.00      0.00      0.00    100.00
17:53:41         13      0.00      0.00      0.00      0.00      0.00    100.00
17:53:41         14      0.00      0.00      0.00      0.00      0.00    100.00
17:53:41         15      0.00      0.00      0.00      0.00      0.00    100.00
17:53:41         16      0.00      0.00      0.00      0.00      0.00    100.00
17:53:41         17      0.00      0.00      0.00      0.00      0.00    100.00
17:53:41         18      0.00      0.00      0.00      0.00      0.00    100.00
17:53:41         19      1.00      0.00      2.00      1.00      0.00     96.00
17:53:41         20      0.00      0.00      0.00      0.00      0.00    100.00
17:53:41         21      0.99      0.00      0.00      0.00      0.00     99.01
17:53:41         22      0.00      0.00      0.00      0.00      0.00    100.00
17:53:41         23      0.00      0.00      0.00      0.00      0.00    100.00
17:53:41         24      0.00      0.00      0.00      0.00      0.00    100.00
17:53:41         25      0.00      0.00      0.00      0.00      0.00    100.00
17:53:41         26      0.00      0.00      0.00      0.00      0.00    100.00
17:53:41         27      0.00      0.00      0.00      0.00      0.00    100.00
17:53:41         28      0.00      0.00      0.00      0.00      0.00    100.00
17:53:41         29      0.00      0.00      0.00      0.00      0.00    100.00
17:53:41         30      0.00      0.00      0.00      0.00      0.00    100.00
17:53:41         31      7.00      0.00      1.00      0.00      0.00     92.00
17:53:41         32      0.00      0.00      0.00      0.00      0.00    100.00
17:53:41         33      0.00      0.00      0.00      0.00      0.00    100.00
17:53:41         34      0.00      0.00      0.00      0.00      0.00    100.00
17:53:41         35      0.99      0.00      0.00      0.00      0.00     99.01
17:53:41         36      0.00      0.00      0.00      0.00      0.00    100.00
17:53:41         37      0.00      0.00      0.00      0.00      0.00    100.00
17:53:41         38      1.00      0.00      0.00      0.00      0.00     99.00
17:53:41         39      0.00      0.00      0.00      0.00      0.00    100.00

17:53:41        CPU     %user     %nice   %system   %iowait    %steal     %idle
17:53:42        all      0.00      0.00      0.00      0.00      0.00    100.00
17:53:42          0      0.00      0.00      0.00      0.00      0.00    100.00
17:53:42          1      0.00      0.00      0.00      0.00      0.00    100.00
17:53:42          2      0.00      0.00      0.00      0.00      0.00    100.00
17:53:42          3      0.00      0.00      0.00      0.00      0.00    100.00
17:53:42          4      0.00      0.00      0.00      0.00      0.00    100.00
17:53:42          5      0.00      0.00      0.00      0.00      0.00    100.00
17:53:42          6      0.00      0.00      0.00      0.00      0.00    100.00
17:53:42          7      0.00      0.00      0.00      0.00      0.00    100.00
17:53:42          8      0.00      0.00      0.00      0.00      0.00    100.00
17:53:42          9      0.00      0.00      0.00      0.00      0.00    100.00
17:53:42         10      0.00      0.00      0.00      0.00      0.00    100.00
17:53:42         11      0.00      0.00      0.00      0.00      0.00    100.00
17:53:42         12      0.00      0.00      0.00      0.00      0.00    100.00
17:53:42         13      0.00      0.00      0.00      0.00      0.00    100.00
17:53:42         14      0.00      0.00      0.00      0.00      0.00    100.00
17:53:42         15      0.00      0.00      0.00      0.00      0.00    100.00
17:53:42         16      0.00      0.00      0.00      0.00      0.00    100.00
17:53:42         17      0.00      0.00      0.00      0.00      0.00    100.00
17:53:42         18      0.00      0.00      0.00      0.00      0.00    100.00
17:53:42         19      0.00      0.00      0.00      0.00      0.00    100.00
17:53:42         20      0.00      0.00      0.00      0.00      0.00    100.00
17:53:42         21      0.00      0.00      0.00      0.00      0.00    100.00
17:53:42         22      0.00      0.00      0.00      0.00      0.00    100.00
17:53:42         23      0.00      0.00      0.00      0.00      0.00    100.00
17:53:42         24      0.00      0.00      0.00      0.00      0.00    100.00
17:53:42         25      0.00      0.00      0.00      0.00      0.00    100.00
17:53:42         26      0.00      0.00      0.00      0.00      0.00    100.00
17:53:42         27      0.00      0.00      0.00      0.00      0.00    100.00
17:53:42         28      0.00      0.00      0.00      0.00      0.00    100.00
17:53:42         29      0.00      0.00      0.00      0.00      0.00    100.00
17:53:42         30      0.00      0.00      0.00      0.00      0.00    100.00
17:53:42         31      0.00      0.00      0.00      0.00      0.00    100.00
17:53:42         32      0.00      0.00      0.00      0.00      0.00    100.00
17:53:42         33      0.00      0.00      0.00      0.00      0.00    100.00
17:53:42         34      0.00      0.00      0.00      0.00      0.00    100.00
17:53:42         35      0.00      0.00      0.00      0.00      0.00    100.00
17:53:42         36      0.00      0.00      0.00      0.00      0.00    100.00
17:53:42         37      0.00      0.00      0.00      0.00      0.00    100.00
17:53:42         38      0.00      0.00      0.00      0.00      0.00    100.00
17:53:42         39      0.00      0.00      0.00      0.00      0.00    100.00

17:53:42        CPU     %user     %nice   %system   %iowait    %steal     %idle
17:53:43        all      0.73      0.00      0.08      0.00      0.00     99.20
17:53:43          0      0.00      0.00      0.99      0.00      0.00     99.01
17:53:43          1      0.00      0.00      0.00      0.00      0.00    100.00
17:53:43          2     24.75      0.00      0.99      0.00      0.00     74.26
17:53:43          3      2.97      0.00      0.00      0.00      0.00     97.03
17:53:43          4      0.00      0.00      0.00      0.00      0.00    100.00
17:53:43          5      0.00      0.00      0.00      0.00      0.00    100.00
17:53:43          6      0.00      0.00      0.00      0.00      0.00    100.00
17:53:43          7      0.00      0.00      0.00      0.00      0.00    100.00
17:53:43          8      0.00      0.00      0.00      0.00      0.00    100.00
17:53:43          9      0.00      0.00      0.00      0.00      0.00    100.00
17:53:43         10      0.00      0.00      0.00      0.00      0.00    100.00
17:53:43         11      0.98      0.00      0.98      0.00      0.00     98.04
17:53:43         12      0.00      0.00      0.00      0.00      0.00    100.00
17:53:43         13      1.00      0.00      0.00      0.00      0.00     99.00
17:53:43         14      0.00      0.00      0.00      0.00      0.00    100.00
17:53:43         15      0.00      0.00      0.00      0.00      0.00    100.00
17:53:43         16      0.00      0.00      0.00      0.00      0.00    100.00
17:53:43         17      0.00      0.00      0.00      0.00      0.00    100.00
17:53:43         18      0.00      0.00      0.00      0.00      0.00    100.00
17:53:43         19      0.00      0.00      0.00      0.00      0.00    100.00
17:53:43         20      0.00      0.00      0.00      0.00      0.00    100.00
17:53:43         21      0.00      0.00      0.00      0.00      0.00    100.00
17:53:43         22      0.00      0.00      0.00      0.00      0.00    100.00
17:53:43         23      0.00      0.00      0.00      0.00      0.00    100.00
17:53:43         24      0.00      0.00      0.00      0.00      0.00    100.00
17:53:43         25      0.00      0.00      0.00      0.00      0.00    100.00
17:53:43         26      0.00      0.00      0.00      0.00      0.00    100.00
17:53:43         27      0.00      0.00      0.00      0.00      0.00    100.00
17:53:43         28      0.00      0.00      0.00      0.00      0.00    100.00
17:53:43         29      0.00      0.00      1.00      0.00      0.00     99.00
17:53:43         30      0.00      0.00      0.00      0.00      0.00    100.00
17:53:43         31      0.00      0.00      0.00      0.00      0.00    100.00
17:53:43         32      0.00      0.00      0.00      0.00      0.00    100.00
17:53:43         33      0.00      0.00      0.00      0.00      0.00    100.00
17:53:43         34      0.00      0.00      0.00      0.00      0.00    100.00
17:53:43         35      0.00      0.00      0.00      0.00      0.00    100.00
17:53:43         36      0.00      0.00      0.00      0.00      0.00    100.00
17:53:43         37      0.00      0.00      0.00      0.00      0.00    100.00
17:53:43         38      0.00      0.00      0.00      0.00      0.00    100.00
17:53:43         39      0.00      0.00      0.00      0.00      0.00    100.00
