Linux 6.6.23 (eternity2) 	05/23/25 	_x86_64_	(40 CPU)

17:53:17    kbmemfree   kbavail kbmemused  %memused kbbuffers  kbcached  kbcommit   %commit  kbactive   kbinact   kbdirty
17:53:18     64290008  64036720   1318944      2.01       244    228552   2060548      3.09     51892    269984      3820
17:53:19     64289596  64036308   1319356      2.01       244    228552   2060548      3.09     51896    270052         0
17:53:20     64289596  64036308   1319356      2.01       244    228556   2060548      3.09     51896    270052         0
17:53:21     64289596  64036308   1319356      2.01       244    228560   2060548      3.09     51896    270052         0
17:53:22     64289596  64036308   1319356      2.01       244    228560   2060548      3.09     51896    270052         0
17:53:23     64289596  64036308   1319356      2.01       244    228560   2060548      3.09     51896    270052         0
17:53:24     64289596  64036308   1319356      2.01       244    228560   2060548      3.09     51896    270052         0
17:53:25     64289596  64036308   1319356      2.01       244    228560   2060548      3.09     51896    270052         0
17:53:26     64289040  64035756   1319912      2.01       244    228588   2060548      3.09     51888    269880        48
17:53:27     64289040  64035756   1319912      2.01       244    228592   2060548      3.09     51888    269880        52
17:53:28     64289092  64035808   1319860      2.01       244    228592   2060548      3.09     51888    269880        68
17:53:29     64289092  64035808   1319860      2.01       244    228592   2060548      3.09     51888    269880        68
17:53:30     64285112  64031848   1323840      2.02       244    228604   2072268      3.11     51908    273788        80
17:53:31     64282492  64029252   1326460      2.02       244    228636   2060548      3.09     51936    279212      2316
17:53:32     64284320  64031084   1324632      2.02       244    228640   2060548      3.09     51888    277876      2320
17:53:33     64284320  64031084   1324632      2.02       244    228640   2060548      3.09     51888    277876      2320
17:53:34     64284320  64031084   1324632      2.02       244    228640   2060548      3.09     51888    277876      2320
17:53:35     64284320  64031084   1324632      2.02       244    228640   2060548      3.09     51888    277876         0
17:53:36     64284320  64031084   1324632      2.02       244    228640   2060548      3.09     51888    277876         0
17:53:37     64284320  64031084   1324632      2.02       244    228640   2060548      3.09     51888    277876         0
17:53:38     64284320  64031084   1324632      2.02       244    228640   2060548      3.09     51888    277876         0
17:53:39     64284320  64031084   1324632      2.02       244    228640   2060548      3.09     51888    277876         0
17:53:40     64286448  64033300   1322504      2.02       244    228740   2062892      3.10     51944    270884        40
17:53:41     64288224  64035148   1320728      2.01       244    228880   2060548      3.09     51968    271804      1308
17:53:42     64289004  64035948   1319948      2.01       244    228924   2060548      3.09     52004    270292      1460
17:53:43     64288320  64035264   1320632      2.01       244    228932   2062008      3.10     52004    270788      1504
