Linux 6.6.23 (eternity2) 	05/23/25 	_x86_64_	(40 CPU)

17:45:55        CPU     %user     %nice   %system   %iowait    %steal     %idle
17:45:56        all      2.25      0.00      0.70      0.78      0.00     96.27
17:45:56          0      0.00      0.00      0.00      0.00      0.00    100.00
17:45:56          1      0.00      0.00      0.00      0.00      0.00    100.00
17:45:56          2      0.00      0.00      0.00      0.00      0.00    100.00
17:45:56          3      3.96      0.00      0.99      0.00      0.00     95.05
17:45:56          4     49.00      0.00      6.00      0.00      0.00     45.00
17:45:56          5      1.00      0.00      0.00      1.00      0.00     98.00
17:45:56          6      0.00      0.00      0.00      0.00      0.00    100.00
17:45:56          7      0.00      0.00      1.98      0.00      0.00     98.02
17:45:56          8      0.00      0.00      0.00      0.00      0.00    100.00
17:45:56          9      0.00      0.00      0.00      2.00      0.00     98.00
17:45:56         10      2.00      0.00      4.00      0.00      0.00     94.00
17:45:56         11      0.99      0.00      1.98      0.00      0.00     97.03
17:45:56         12      0.00      0.00      1.00      2.00      0.00     97.00
17:45:56         13      0.00      0.00      1.01      2.02      0.00     96.97
17:45:56         14      0.00      0.00      0.99      0.00      0.00     99.01
17:45:56         15      0.00      0.00      1.00      0.00      0.00     99.00
17:45:56         16      0.00      0.00      1.00      0.00      0.00     99.00
17:45:56         17      0.00      0.00      0.00      0.00      0.00    100.00
17:45:56         18      0.00      0.00      0.00      0.00      0.00    100.00
17:45:56         19      0.00      0.00      0.00      0.00      0.00    100.00
17:45:56         20      0.00      0.00      0.00      0.00      0.00    100.00
17:45:56         21      1.00      0.00      0.00      7.00      0.00     92.00
17:45:56         22      8.00      0.00      1.00      0.00      0.00     91.00
17:45:56         23      2.00      0.00      1.00      0.00      0.00     97.00
17:45:56         24      3.03      0.00      0.00      0.00      0.00     96.97
17:45:56         25      0.00      0.00      0.00      0.00      0.00    100.00
17:45:56         26      0.00      0.00      1.00      0.00      0.00     99.00
17:45:56         27      0.00      0.00      0.00      0.00      0.00    100.00
17:45:56         28      0.00      0.00      0.00      0.00      0.00    100.00
17:45:56         29      0.00      0.00      0.00      0.00      0.00    100.00
17:45:56         30      0.00      0.00      0.00      0.00      0.00    100.00
17:45:56         31      0.00      0.00      0.00      0.00      0.00    100.00
17:45:56         32      0.00      0.00      0.00      0.00      0.00    100.00
17:45:56         33      0.00      0.00      0.00      0.00      0.00    100.00
17:45:56         34      1.01      0.00      0.00      0.00      0.00     98.99
17:45:56         35      0.00      0.00      1.01      5.05      0.00     93.94
17:45:56         36      0.00      0.00      0.00      0.00      0.00    100.00
17:45:56         37      0.00      0.00      2.02      0.00      0.00     97.98
17:45:56         38      1.00      0.00      1.00      0.00      0.00     98.00
17:45:56         39     15.00      0.00      2.00     12.00      0.00     71.00

17:45:56        CPU     %user     %nice   %system   %iowait    %steal     %idle
17:45:57        all      1.85      0.00      0.45      0.00      0.00     97.70
17:45:57          0      0.00      0.00      0.00      0.00      0.00    100.00
17:45:57          1     19.00      0.00      1.00      0.00      0.00     80.00
17:45:57          2     41.00      0.00      8.00      0.00      0.00     51.00
17:45:57          3      0.00      0.00      0.00      0.00      0.00    100.00
17:45:57          4      0.00      0.00      0.00      0.00      0.00    100.00
17:45:57          5      0.00      0.00      0.00      0.00      0.00    100.00
17:45:57          6      0.00      0.00      0.00      0.00      0.00    100.00
17:45:57          7      0.00      0.00      1.01      0.00      0.00     98.99
17:45:57          8      0.00      0.00      0.00      0.00      0.00    100.00
17:45:57          9      0.00      0.00      0.00      0.00      0.00    100.00
17:45:57         10      0.00      0.00      0.00      0.00      0.00    100.00
17:45:57         11      1.01      0.00      0.00      0.00      0.00     98.99
17:45:57         12      0.99      0.00      0.99      0.00      0.00     98.02
17:45:57         13      1.00      0.00      1.00      0.00      0.00     98.00
17:45:57         14      0.00      0.00      0.00      0.00      0.00    100.00
17:45:57         15      0.00      0.00      0.00      0.00      0.00    100.00
17:45:57         16      0.00      0.00      0.00      0.00      0.00    100.00
17:45:57         17      0.00      0.00      0.00      0.00      0.00    100.00
17:45:57         18      0.00      0.00      0.00      0.00      0.00    100.00
17:45:57         19      0.00      0.00      1.00      0.00      0.00     99.00
17:45:57         20      0.00      0.00      0.00      0.00      0.00    100.00
17:45:57         21      0.00      0.00      0.00      0.00      0.00    100.00
17:45:57         22      1.00      0.00      0.00      0.00      0.00     99.00
17:45:57         23      0.00      0.00      0.00      0.00      0.00    100.00
17:45:57         24      0.00      0.00      0.00      0.00      0.00    100.00
17:45:57         25      0.00      0.00      0.00      0.00      0.00    100.00
17:45:57         26      0.00      0.00      0.00      0.00      0.00    100.00
17:45:57         27      0.00      0.00      0.00      0.00      0.00    100.00
17:45:57         28      0.00      0.00      0.00      0.00      0.00    100.00
17:45:57         29      0.00      0.00      0.00      0.00      0.00    100.00
17:45:57         30      0.00      0.00      0.00      0.00      0.00    100.00
17:45:57         31      0.00      0.00      0.00      0.00      0.00    100.00
17:45:57         32      0.00      0.00      0.00      0.00      0.00    100.00
17:45:57         33      0.00      0.00      0.00      0.00      0.00    100.00
17:45:57         34      1.00      0.00      0.00      0.00      0.00     99.00
17:45:57         35      0.00      0.00      1.01      0.00      0.00     98.99
17:45:57         36      1.00      0.00      0.00      0.00      0.00     99.00
17:45:57         37      7.00      0.00      1.00      0.00      0.00     92.00
17:45:57         38      1.00      0.00      0.00      0.00      0.00     99.00
17:45:57         39      0.00      0.00      0.00      0.00      0.00    100.00

17:45:57        CPU     %user     %nice   %system   %iowait    %steal     %idle
17:45:58        all      1.18      0.00      0.33      0.00      0.00     98.50
17:45:58          0      0.00      0.00      0.00      0.00      0.00    100.00
17:45:58          1     33.00      0.00      7.00      0.00      0.00     60.00
17:45:58          2      0.99      0.00      0.99      0.00      0.00     98.02
17:45:58          3      1.01      0.00      0.00      0.00      0.00     98.99
17:45:58          4      0.00      0.00      0.00      0.00      0.00    100.00
17:45:58          5      0.99      0.00      0.99      0.00      0.00     98.02
17:45:58          6      1.00      0.00      0.00      0.00      0.00     99.00
17:45:58          7      0.00      0.00      0.99      0.00      0.00     99.01
17:45:58          8      0.00      0.00      0.00      0.00      0.00    100.00
17:45:58          9      0.00      0.00      0.99      0.00      0.00     99.01
17:45:58         10      0.00      0.00      0.00      0.00      0.00    100.00
17:45:58         11      0.00      0.00      0.00      0.00      0.00    100.00
17:45:58         12      0.00      0.00      0.00      0.00      0.00    100.00
17:45:58         13      1.98      0.00      0.00      0.00      0.00     98.02
17:45:58         14      0.00      0.00      0.00      0.00      0.00    100.00
17:45:58         15      0.00      0.00      0.00      0.00      0.00    100.00
17:45:58         16      0.99      0.00      0.00      0.00      0.00     99.01
17:45:58         17      0.00      0.00      0.00      0.00      0.00    100.00
17:45:58         18      0.00      0.00      0.00      0.00      0.00    100.00
17:45:58         19      0.00      0.00      0.00      0.00      0.00    100.00
17:45:58         20      0.00      0.00      0.00      0.00      0.00    100.00
17:45:58         21      0.00      0.00      0.00      0.00      0.00    100.00
17:45:58         22      0.00      0.00      0.00      0.00      0.00    100.00
17:45:58         23      0.00      0.00      0.00      0.00      0.00    100.00
17:45:58         24      0.00      0.00      0.00      0.00      0.00    100.00
17:45:58         25      0.00      0.00      0.00      0.00      0.00    100.00
17:45:58         26      0.00      0.00      0.00      0.00      0.00    100.00
17:45:58         27      0.99      0.00      0.00      0.00      0.00     99.01
17:45:58         28      0.00      0.00      0.00      0.00      0.00    100.00
17:45:58         29      0.00      0.00      0.00      0.00      0.00    100.00
17:45:58         30      0.00      0.00      0.00      0.00      0.00    100.00
17:45:58         31      0.00      0.00      0.00      0.00      0.00    100.00
17:45:58         32      0.00      0.00      0.00      0.00      0.00    100.00
17:45:58         33      0.00      0.00      0.00      0.00      0.00    100.00
17:45:58         34      6.00      0.00      1.00      0.00      0.00     93.00
17:45:58         35      0.00      0.00      0.00      0.00      0.00    100.00
17:45:58         36      0.00      0.00      0.00      0.00      0.00    100.00
17:45:58         37      0.00      0.00      0.00      0.00      0.00    100.00
17:45:58         38      0.00      0.00      0.00      0.00      0.00    100.00
17:45:58         39      0.00      0.00      0.00      0.00      0.00    100.00

17:45:58        CPU     %user     %nice   %system   %iowait    %steal     %idle
17:45:59        all      0.00      0.00      0.03      0.08      0.00     99.90
17:45:59          0      0.00      0.00      0.99      3.96      0.00     95.05
17:45:59          1      0.00      0.00      0.00      0.00      0.00    100.00
17:45:59          2      0.00      0.00      0.00      0.00      0.00    100.00
17:45:59          3      0.00      0.00      0.00      0.00      0.00    100.00
17:45:59          4      0.00      0.00      0.00      0.00      0.00    100.00
17:45:59          5      0.00      0.00      0.00      0.00      0.00    100.00
17:45:59          6      0.00      0.00      0.00      0.00      0.00    100.00
17:45:59          7      0.00      0.00      0.00      0.00      0.00    100.00
17:45:59          8      0.00      0.00      0.00      0.00      0.00    100.00
17:45:59          9      0.99      0.00      0.00      0.00      0.00     99.01
17:45:59         10      0.00      0.00      0.00      0.00      0.00    100.00
17:45:59         11      0.00      0.00      0.00      0.00      0.00    100.00
17:45:59         12      0.00      0.00      0.00      0.00      0.00    100.00
17:45:59         13      0.00      0.00      0.00      0.00      0.00    100.00
17:45:59         14      0.00      0.00      0.00      0.00      0.00    100.00
17:45:59         15      0.00      0.00      0.00      0.00      0.00    100.00
17:45:59         16      0.00      0.00      0.00      0.00      0.00    100.00
17:45:59         17      0.00      0.00      0.00      0.00      0.00    100.00
17:45:59         18      0.00      0.00      0.00      0.00      0.00    100.00
17:45:59         19      0.00      0.00      0.00      0.00      0.00    100.00
17:45:59         20      0.00      0.00      0.00      0.00      0.00    100.00
17:45:59         21      0.00      0.00      0.00      0.00      0.00    100.00
17:45:59         22      0.00      0.00      0.00      0.00      0.00    100.00
17:45:59         23      0.00      0.00      0.00      0.00      0.00    100.00
17:45:59         24      0.00      0.00      0.00      0.00      0.00    100.00
17:45:59         25      0.00      0.00      0.00      0.00      0.00    100.00
17:45:59         26      0.00      0.00      0.00      0.00      0.00    100.00
17:45:59         27      0.00      0.00      0.00      0.00      0.00    100.00
17:45:59         28      0.00      0.00      0.00      0.00      0.00    100.00
17:45:59         29      0.00      0.00      0.00      0.00      0.00    100.00
17:45:59         30      0.00      0.00      0.00      0.00      0.00    100.00
17:45:59         31      0.00      0.00      0.00      0.00      0.00    100.00
17:45:59         32      0.00      0.00      0.00      0.00      0.00    100.00
17:45:59         33      0.00      0.00      0.00      0.00      0.00    100.00
17:45:59         34      0.00      0.00      0.00      0.00      0.00    100.00
17:45:59         35      0.00      0.00      0.00      0.00      0.00    100.00
17:45:59         36      0.00      0.00      0.00      0.00      0.00    100.00
17:45:59         37      0.00      0.00      0.00      0.00      0.00    100.00
17:45:59         38      0.00      0.00      0.00      0.00      0.00    100.00
17:45:59         39      0.00      0.00      0.00      0.00      0.00    100.00

17:45:59        CPU     %user     %nice   %system   %iowait    %steal     %idle
17:46:00        all      0.02      0.00      0.02      0.00      0.00     99.95
17:46:00          0      0.00      0.00      0.00      0.00      0.00    100.00
17:46:00          1      0.00      0.00      0.00      0.00      0.00    100.00
17:46:00          2      0.00      0.00      0.00      0.00      0.00    100.00
17:46:00          3      0.00      0.00      0.00      0.00      0.00    100.00
17:46:00          4      0.99      0.00      0.00      0.00      0.00     99.01
17:46:00          5      0.00      0.00      0.00      0.00      0.00    100.00
17:46:00          6      0.00      0.00      0.00      0.00      0.00    100.00
17:46:00          7      0.00      0.00      0.00      0.00      0.00    100.00
17:46:00          8      0.00      0.00      0.00      0.00      0.00    100.00
17:46:00          9      0.00      0.00      1.00      0.00      0.00     99.00
17:46:00         10      0.00      0.00      0.00      0.00      0.00    100.00
17:46:00         11      0.00      0.00      0.00      0.00      0.00    100.00
17:46:00         12      0.00      0.00      0.00      0.00      0.00    100.00
17:46:00         13      0.00      0.00      0.00      0.00      0.00    100.00
17:46:00         14      0.00      0.00      0.00      0.00      0.00    100.00
17:46:00         15      0.00      0.00      0.00      0.00      0.00    100.00
17:46:00         16      0.00      0.00      0.00      0.00      0.00    100.00
17:46:00         17      0.00      0.00      0.00      0.00      0.00    100.00
17:46:00         18      0.00      0.00      0.00      0.00      0.00    100.00
17:46:00         19      0.00      0.00      0.00      0.00      0.00    100.00
17:46:00         20      0.00      0.00      0.00      0.00      0.00    100.00
17:46:00         21      0.00      0.00      0.00      0.00      0.00    100.00
17:46:00         22      0.00      0.00      0.00      0.00      0.00    100.00
17:46:00         23      0.00      0.00      0.00      0.00      0.00    100.00
17:46:00         24      0.00      0.00      0.00      0.00      0.00    100.00
17:46:00         25      0.00      0.00      0.00      0.00      0.00    100.00
17:46:00         26      0.00      0.00      0.00      0.00      0.00    100.00
17:46:00         27      0.00      0.00      0.00      0.00      0.00    100.00
17:46:00         28      0.00      0.00      0.00      0.00      0.00    100.00
17:46:00         29      0.00      0.00      0.00      0.00      0.00    100.00
17:46:00         30      0.00      0.00      0.00      0.00      0.00    100.00
17:46:00         31      0.00      0.00      0.00      0.00      0.00    100.00
17:46:00         32      0.00      0.00      0.00      0.00      0.00    100.00
17:46:00         33      0.00      0.00      0.00      0.00      0.00    100.00
17:46:00         34      0.00      0.00      0.00      0.00      0.00    100.00
17:46:00         35      0.00      0.00      0.00      0.00      0.00    100.00
17:46:00         36      0.00      0.00      0.00      0.00      0.00    100.00
17:46:00         37      0.00      0.00      0.00      0.00      0.00    100.00
17:46:00         38      0.00      0.00      0.00      0.00      0.00    100.00
17:46:00         39      0.00      0.00      0.00      0.00      0.00    100.00

17:46:00        CPU     %user     %nice   %system   %iowait    %steal     %idle
17:46:01        all      0.03      0.00      0.07      0.27      0.00     99.62
17:46:01          0      0.99      0.00      0.00      0.00      0.00     99.01
17:46:01          1      0.00      0.00      0.00      0.00      0.00    100.00
17:46:01          2      0.00      0.00      0.00      0.00      0.00    100.00
17:46:01          3      0.00      0.00      0.00      0.00      0.00    100.00
17:46:01          4      0.00      0.00      0.00      0.00      0.00    100.00
17:46:01          5      0.00      0.00      0.00      0.00      0.00    100.00
17:46:01          6      0.00      0.00      0.00      7.07      0.00     92.93
17:46:01          7      0.00      0.00      1.00      0.00      0.00     99.00
17:46:01          8      0.00      0.00      0.00      0.00      0.00    100.00
17:46:01          9      0.00      0.00      0.99      0.00      0.00     99.01
17:46:01         10      0.00      0.00      0.00      0.00      0.00    100.00
17:46:01         11      0.00      0.00      0.00      0.00      0.00    100.00
17:46:01         12      0.00      0.00      0.00      0.00      0.00    100.00
17:46:01         13      0.00      0.00      1.00      0.00      0.00     99.00
17:46:01         14      0.00      0.00      0.00      0.00      0.00    100.00
17:46:01         15      0.00      0.00      0.00      0.00      0.00    100.00
17:46:01         16      0.00      0.00      0.00      0.00      0.00    100.00
17:46:01         17      0.00      0.00      0.00      0.00      0.00    100.00
17:46:01         18      0.00      0.00      0.00      0.00      0.00    100.00
17:46:01         19      0.00      0.00      0.00      0.00      0.00    100.00
17:46:01         20      0.00      0.00      0.00      0.00      0.00    100.00
17:46:01         21      0.00      0.00      0.00      0.00      0.00    100.00
17:46:01         22      0.00      0.00      0.00      3.00      0.00     97.00
17:46:01         23      0.00      0.00      0.00      0.00      0.00    100.00
17:46:01         24      0.00      0.00      0.00      0.00      0.00    100.00
17:46:01         25      0.00      0.00      0.00      0.00      0.00    100.00
17:46:01         26      0.00      0.00      0.00      0.00      0.00    100.00
17:46:01         27      0.00      0.00      0.00      0.00      0.00    100.00
17:46:01         28      0.00      0.00      0.00      0.00      0.00    100.00
17:46:01         29      0.00      0.00      0.00      0.00      0.00    100.00
17:46:01         30      0.00      0.00      0.00      0.00      0.00    100.00
17:46:01         31      0.00      0.00      0.00      0.00      0.00    100.00
17:46:01         32      0.00      0.00      0.99      0.00      0.00     99.01
17:46:01         33      0.00      0.00      0.00      0.00      0.00    100.00
17:46:01         34      0.00      0.00      0.00      0.00      0.00    100.00
17:46:01         35      0.00      0.00      0.00      0.00      0.00    100.00
17:46:01         36      0.00      0.00      0.00      0.00      0.00    100.00
17:46:01         37      0.00      0.00      0.00      0.00      0.00    100.00
17:46:01         38      0.00      0.00      0.00      0.00      0.00    100.00
17:46:01         39      0.00      0.00      0.00      0.00      0.00    100.00

17:46:01        CPU     %user     %nice   %system   %iowait    %steal     %idle
17:46:02        all      0.03      0.00      0.03      0.00      0.00     99.95
17:46:02          0      0.00      0.00      0.99      0.00      0.00     99.01
17:46:02          1      0.00      0.00      0.00      0.00      0.00    100.00
17:46:02          2      0.00      0.00      0.00      0.00      0.00    100.00
17:46:02          3      0.00      0.00      0.00      0.00      0.00    100.00
17:46:02          4      0.00      0.00      1.00      0.00      0.00     99.00
17:46:02          5      0.00      0.00      0.00      0.00      0.00    100.00
17:46:02          6      0.00      0.00      0.00      0.00      0.00    100.00
17:46:02          7      0.99      0.00      0.00      0.00      0.00     99.01
17:46:02          8      0.00      0.00      0.00      0.00      0.00    100.00
17:46:02          9      0.00      0.00      0.00      0.00      0.00    100.00
17:46:02         10      0.00      0.00      0.00      0.00      0.00    100.00
17:46:02         11      0.00      0.00      0.00      0.00      0.00    100.00
17:46:02         12      0.00      0.00      0.00      0.00      0.00    100.00
17:46:02         13      0.00      0.00      0.00      0.00      0.00    100.00
17:46:02         14      0.00      0.00      0.00      0.00      0.00    100.00
17:46:02         15      0.00      0.00      0.00      0.00      0.00    100.00
17:46:02         16      0.00      0.00      0.00      0.00      0.00    100.00
17:46:02         17      0.00      0.00      0.00      0.00      0.00    100.00
17:46:02         18      0.00      0.00      0.00      0.00      0.00    100.00
17:46:02         19      0.00      0.00      0.00      0.00      0.00    100.00
17:46:02         20      0.00      0.00      0.00      0.00      0.00    100.00
17:46:02         21      0.00      0.00      0.00      0.00      0.00    100.00
17:46:02         22      0.00      0.00      0.00      0.00      0.00    100.00
17:46:02         23      0.00      0.00      0.00      0.00      0.00    100.00
17:46:02         24      0.00      0.00      0.00      0.00      0.00    100.00
17:46:02         25      0.00      0.00      0.00      0.00      0.00    100.00
17:46:02         26      0.00      0.00      0.00      0.00      0.00    100.00
17:46:02         27      0.00      0.00      0.00      0.00      0.00    100.00
17:46:02         28      0.00      0.00      0.00      0.00      0.00    100.00
17:46:02         29      0.00      0.00      0.00      0.00      0.00    100.00
17:46:02         30      0.00      0.00      0.00      0.00      0.00    100.00
17:46:02         31      0.00      0.00      0.00      0.00      0.00    100.00
17:46:02         32      0.00      0.00      0.00      0.00      0.00    100.00
17:46:02         33      0.00      0.00      0.00      0.00      0.00    100.00
17:46:02         34      0.00      0.00      0.00      0.00      0.00    100.00
17:46:02         35      0.00      0.00      0.00      0.00      0.00    100.00
17:46:02         36      0.00      0.00      0.00      0.00      0.00    100.00
17:46:02         37      0.00      0.00      0.00      0.00      0.00    100.00
17:46:02         38      0.00      0.00      0.00      0.00      0.00    100.00
17:46:02         39      0.00      0.00      0.00      0.00      0.00    100.00

17:46:02        CPU     %user     %nice   %system   %iowait    %steal     %idle
17:46:03        all      0.00      0.00      0.07      0.00      0.00     99.93
17:46:03          0      0.00      0.00      0.00      0.00      0.00    100.00
17:46:03          1      0.00      0.00      0.00      0.00      0.00    100.00
17:46:03          2      0.00      0.00      0.00      0.00      0.00    100.00
17:46:03          3      0.00      0.00      0.00      0.00      0.00    100.00
17:46:03          4      0.00      0.00      0.00      0.00      0.00    100.00
17:46:03          5      0.00      0.00      0.00      0.00      0.00    100.00
17:46:03          6      0.00      0.00      0.99      0.00      0.00     99.01
17:46:03          7      0.00      0.00      1.00      0.00      0.00     99.00
17:46:03          8      0.00      0.00      0.00      0.00      0.00    100.00
17:46:03          9      0.00      0.00      0.00      0.00      0.00    100.00
17:46:03         10      0.99      0.00      0.00      0.00      0.00     99.01
17:46:03         11      0.00      0.00      0.00      0.00      0.00    100.00
17:46:03         12      0.00      0.00      0.00      0.00      0.00    100.00
17:46:03         13      0.99      0.00      0.00      0.00      0.00     99.01
17:46:03         14      0.00      0.00      0.00      0.00      0.00    100.00
17:46:03         15      0.00      0.00      0.00      0.00      0.00    100.00
17:46:03         16      0.00      0.00      0.00      0.00      0.00    100.00
17:46:03         17      0.00      0.00      0.00      0.00      0.00    100.00
17:46:03         18      0.00      0.00      0.00      0.00      0.00    100.00
17:46:03         19      0.00      0.00      0.00      0.00      0.00    100.00
17:46:03         20      0.00      0.00      0.00      0.00      0.00    100.00
17:46:03         21      0.00      0.00      0.00      0.00      0.00    100.00
17:46:03         22      0.00      0.00      0.00      0.00      0.00    100.00
17:46:03         23      0.00      0.00      0.00      0.00      0.00    100.00
17:46:03         24      0.00      0.00      0.00      0.00      0.00    100.00
17:46:03         25      0.00      0.00      0.00      0.00      0.00    100.00
17:46:03         26      0.00      0.00      0.00      0.00      0.00    100.00
17:46:03         27      0.00      0.00      0.00      0.00      0.00    100.00
17:46:03         28      0.00      0.00      0.00      0.00      0.00    100.00
17:46:03         29      0.00      0.00      0.00      0.00      0.00    100.00
17:46:03         30      0.00      0.00      0.00      0.00      0.00    100.00
17:46:03         31      0.00      0.00      0.00      0.00      0.00    100.00
17:46:03         32      0.00      0.00      0.00      0.00      0.00    100.00
17:46:03         33      0.00      0.00      0.00      0.00      0.00    100.00
17:46:03         34      0.00      0.00      0.00      0.00      0.00    100.00
17:46:03         35      0.00      0.00      0.00      0.00      0.00    100.00
17:46:03         36      0.00      0.00      0.00      0.00      0.00    100.00
17:46:03         37      0.00      0.00      0.00      0.00      0.00    100.00
17:46:03         38      0.00      0.00      0.00      0.00      0.00    100.00
17:46:03         39      0.00      0.00      0.00      0.00      0.00    100.00

17:46:03        CPU     %user     %nice   %system   %iowait    %steal     %idle
17:46:04        all      0.03      0.00      0.00      0.00      0.00     99.98
17:46:04          0      0.00      0.00      0.00      0.00      0.00    100.00
17:46:04          1      0.00      0.00      0.00      0.00      0.00    100.00
17:46:04          2      0.00      0.00      0.00      0.00      0.00    100.00
17:46:04          3      0.00      0.00      0.00      0.00      0.00    100.00
17:46:04          4      0.00      0.00      0.99      0.00      0.00     99.01
17:46:04          5      0.00      0.00      0.00      0.00      0.00    100.00
17:46:04          6      0.00      0.00      0.00      0.00      0.00    100.00
17:46:04          7      0.00      0.00      0.00      0.00      0.00    100.00
17:46:04          8      0.00      0.00      0.00      0.00      0.00    100.00
17:46:04          9      0.00      0.00      0.00      0.00      0.00    100.00
17:46:04         10      0.00      0.00      0.00      0.00      0.00    100.00
17:46:04         11      0.00      0.00      0.00      0.00      0.00    100.00
17:46:04         12      0.00      0.00      0.00      0.00      0.00    100.00
17:46:04         13      0.00      0.00      0.00      0.00      0.00    100.00
17:46:04         14      0.00      0.00      0.00      0.00      0.00    100.00
17:46:04         15      0.00      0.00      0.00      0.00      0.00    100.00
17:46:04         16      0.00      0.00      0.00      0.00      0.00    100.00
17:46:04         17      0.00      0.00      0.00      0.00      0.00    100.00
17:46:04         18      0.00      0.00      0.00      0.00      0.00    100.00
17:46:04         19      0.00      0.00      0.00      0.00      0.00    100.00
17:46:04         20      0.00      0.00      0.00      0.00      0.00    100.00
17:46:04         21      0.00      0.00      0.00      0.00      0.00    100.00
17:46:04         22      0.00      0.00      0.00      0.00      0.00    100.00
17:46:04         23      0.00      0.00      0.00      0.00      0.00    100.00
17:46:04         24      0.00      0.00      0.00      0.00      0.00    100.00
17:46:04         25      0.00      0.00      0.00      0.00      0.00    100.00
17:46:04         26      0.00      0.00      0.00      0.00      0.00    100.00
17:46:04         27      0.00      0.00      0.00      0.00      0.00    100.00
17:46:04         28      0.00      0.00      0.00      0.00      0.00    100.00
17:46:04         29      0.00      0.00      0.00      0.00      0.00    100.00
17:46:04         30      0.00      0.00      0.00      0.00      0.00    100.00
17:46:04         31      0.00      0.00      0.00      0.00      0.00    100.00
17:46:04         32      0.00      0.00      0.00      0.00      0.00    100.00
17:46:04         33      0.00      0.00      0.00      0.00      0.00    100.00
17:46:04         34      0.00      0.00      0.00      0.00      0.00    100.00
17:46:04         35      0.00      0.00      0.00      0.00      0.00    100.00
17:46:04         36      0.00      0.00      0.00      0.00      0.00    100.00
17:46:04         37      0.00      0.00      0.00      0.00      0.00    100.00
17:46:04         38      0.00      0.00      0.00      0.00      0.00    100.00
17:46:04         39      0.00      0.00      0.00      0.00      0.00    100.00

17:46:04        CPU     %user     %nice   %system   %iowait    %steal     %idle
17:46:05        all      0.03      0.00      0.03      0.00      0.00     99.95
17:46:05          0      0.00      0.00      0.00      0.00      0.00    100.00
17:46:05          1      0.00      0.00      0.00      0.00      0.00    100.00
17:46:05          2      0.00      0.00      0.00      0.00      0.00    100.00
17:46:05          3      0.00      0.00      0.00      0.00      0.00    100.00
17:46:05          4      0.00      0.00      0.00      0.00      0.00    100.00
17:46:05          5      0.00      0.00      0.00      0.00      0.00    100.00
17:46:05          6      0.00      0.00      0.00      0.00      0.00    100.00
17:46:05          7      0.99      0.00      0.00      0.00      0.00     99.01
17:46:05          8      0.00      0.00      0.00      0.00      0.00    100.00
17:46:05          9      0.00      0.00      0.99      0.00      0.00     99.01
17:46:05         10      0.00      0.00      0.00      0.00      0.00    100.00
17:46:05         11      0.00      0.00      0.00      0.00      0.00    100.00
17:46:05         12      0.00      0.00      0.00      0.00      0.00    100.00
17:46:05         13      0.00      0.00      0.00      0.00      0.00    100.00
17:46:05         14      0.00      0.00      0.00      0.00      0.00    100.00
17:46:05         15      0.00      0.00      0.00      0.00      0.00    100.00
17:46:05         16      0.00      0.00      0.00      0.00      0.00    100.00
17:46:05         17      0.00      0.00      0.00      0.00      0.00    100.00
17:46:05         18      0.00      0.00      0.00      0.00      0.00    100.00
17:46:05         19      0.00      0.00      0.00      0.00      0.00    100.00
17:46:05         20      0.00      0.00      0.00      0.00      0.00    100.00
17:46:05         21      0.00      0.00      0.00      0.00      0.00    100.00
17:46:05         22      0.00      0.00      0.00      0.00      0.00    100.00
17:46:05         23      0.00      0.00      0.00      0.00      0.00    100.00
17:46:05         24      0.00      0.00      0.00      0.00      0.00    100.00
17:46:05         25      0.00      0.00      0.00      0.00      0.00    100.00
17:46:05         26      0.00      0.00      0.00      0.00      0.00    100.00
17:46:05         27      0.00      0.00      0.00      0.00      0.00    100.00
17:46:05         28      0.00      0.00      0.00      0.00      0.00    100.00
17:46:05         29      0.00      0.00      0.00      0.00      0.00    100.00
17:46:05         30      0.00      0.00      0.00      0.00      0.00    100.00
17:46:05         31      0.00      0.00      0.00      0.00      0.00    100.00
17:46:05         32      0.00      0.00      0.00      0.00      0.00    100.00
17:46:05         33      0.00      0.00      0.00      0.00      0.00    100.00
17:46:05         34      0.00      0.00      0.00      0.00      0.00    100.00
17:46:05         35      0.00      0.00      0.00      0.00      0.00    100.00
17:46:05         36      0.00      0.00      0.00      0.00      0.00    100.00
17:46:05         37      0.00      0.00      0.00      0.00      0.00    100.00
17:46:05         38      0.00      0.00      0.00      0.00      0.00    100.00
17:46:05         39      0.00      0.00      0.00      0.00      0.00    100.00

17:46:05        CPU     %user     %nice   %system   %iowait    %steal     %idle
17:46:06        all      0.00      0.00      0.03      0.00      0.00     99.98
17:46:06          0      0.00      0.00      0.00      0.00      0.00    100.00
17:46:06          1      0.00      0.00      0.00      0.00      0.00    100.00
17:46:06          2      0.00      0.00      0.00      0.00      0.00    100.00
17:46:06          3      0.00      0.00      0.00      0.00      0.00    100.00
17:46:06          4      0.00      0.00      0.00      0.00      0.00    100.00
17:46:06          5      0.00      0.00      0.00      0.00      0.00    100.00
17:46:06          6      0.00      0.00      0.00      0.00      0.00    100.00
17:46:06          7      0.00      0.00      0.00      0.00      0.00    100.00
17:46:06          8      0.00      0.00      0.00      0.00      0.00    100.00
17:46:06          9      0.00      0.00      0.00      0.00      0.00    100.00
17:46:06         10      0.00      0.00      0.00      0.00      0.00    100.00
17:46:06         11      0.00      0.00      0.00      0.00      0.00    100.00
17:46:06         12      0.00      0.00      0.00      0.00      0.00    100.00
17:46:06         13      0.00      0.00      0.00      0.00      0.00    100.00
17:46:06         14      0.00      0.00      0.00      0.00      0.00    100.00
17:46:06         15      0.00      0.00      0.00      0.00      0.00    100.00
17:46:06         16      0.00      0.00      0.00      0.00      0.00    100.00
17:46:06         17      0.00      0.00      0.00      0.00      0.00    100.00
17:46:06         18      0.00      0.00      0.00      0.00      0.00    100.00
17:46:06         19      0.00      0.00      0.00      0.00      0.00    100.00
17:46:06         20      0.00      0.00      0.00      0.00      0.00    100.00
17:46:06         21      0.00      0.00      0.00      0.00      0.00    100.00
17:46:06         22      0.00      0.00      0.00      0.00      0.00    100.00
17:46:06         23      0.00      0.00      0.00      0.00      0.00    100.00
17:46:06         24      0.00      0.00      0.00      0.00      0.00    100.00
17:46:06         25      0.00      0.00      0.00      0.00      0.00    100.00
17:46:06         26      0.00      0.00      0.00      0.00      0.00    100.00
17:46:06         27      0.00      0.00      0.00      0.00      0.00    100.00
17:46:06         28      0.00      0.00      0.00      0.00      0.00    100.00
17:46:06         29      0.00      0.00      0.00      0.00      0.00    100.00
17:46:06         30      0.00      0.00      0.00      0.00      0.00    100.00
17:46:06         31      0.00      0.00      0.00      0.00      0.00    100.00
17:46:06         32      0.00      0.00      0.00      0.00      0.00    100.00
17:46:06         33      0.00      0.00      0.00      0.00      0.00    100.00
17:46:06         34      0.00      0.00      0.00      0.00      0.00    100.00
17:46:06         35      0.00      0.00      0.00      0.00      0.00    100.00
17:46:06         36      0.00      0.00      0.00      0.00      0.00    100.00
17:46:06         37      0.00      0.00      0.00      0.00      0.00    100.00
17:46:06         38      0.00      0.00      0.00      0.00      0.00    100.00
17:46:06         39      0.00      0.00      0.00      0.00      0.00    100.00

17:46:06        CPU     %user     %nice   %system   %iowait    %steal     %idle
17:46:07        all      0.02      0.00      0.05      0.00      0.00     99.93
17:46:07          0      0.00      0.00      0.00      0.00      0.00    100.00
17:46:07          1      0.00      0.00      0.00      0.00      0.00    100.00
17:46:07          2      0.00      0.00      0.00      0.00      0.00    100.00
17:46:07          3      0.00      0.00      0.00      0.00      0.00    100.00
17:46:07          4      0.00      0.00      0.00      0.00      0.00    100.00
17:46:07          5      0.00      0.00      0.00      0.00      0.00    100.00
17:46:07          6      0.00      0.00      0.00      0.00      0.00    100.00
17:46:07          7      0.00      0.00      0.00      0.00      0.00    100.00
17:46:07          8      0.00      0.00      0.00      0.00      0.00    100.00
17:46:07          9      0.00      0.00      0.99      0.00      0.00     99.01
17:46:07         10      0.00      0.00      0.00      0.00      0.00    100.00
17:46:07         11      0.00      0.00      0.00      0.00      0.00    100.00
17:46:07         12      0.00      0.00      0.00      0.00      0.00    100.00
17:46:07         13      0.00      0.00      0.00      0.00      0.00    100.00
17:46:07         14      0.00      0.00      0.00      0.00      0.00    100.00
17:46:07         15      0.00      0.00      0.00      0.00      0.00    100.00
17:46:07         16      0.00      0.00      0.00      0.00      0.00    100.00
17:46:07         17      0.00      0.00      0.00      0.00      0.00    100.00
17:46:07         18      0.00      0.00      0.00      0.00      0.00    100.00
17:46:07         19      0.00      0.00      0.00      0.00      0.00    100.00
17:46:07         20      0.00      0.00      0.00      0.00      0.00    100.00
17:46:07         21      0.00      0.00      0.00      0.00      0.00    100.00
17:46:07         22      0.00      0.00      0.00      0.00      0.00    100.00
17:46:07         23      0.00      0.00      0.00      0.00      0.00    100.00
17:46:07         24      0.00      0.00      0.00      0.00      0.00    100.00
17:46:07         25      0.00      0.00      0.00      0.00      0.00    100.00
17:46:07         26      0.00      0.00      0.00      0.00      0.00    100.00
17:46:07         27      0.00      0.00      0.00      0.00      0.00    100.00
17:46:07         28      0.00      0.00      0.00      0.00      0.00    100.00
17:46:07         29      0.00      0.00      0.00      0.00      0.00    100.00
17:46:07         30      0.00      0.00      0.00      0.00      0.00    100.00
17:46:07         31      0.00      0.00      0.00      0.00      0.00    100.00
17:46:07         32      0.00      0.00      0.00      0.00      0.00    100.00
17:46:07         33      0.00      0.00      0.00      0.00      0.00    100.00
17:46:07         34      0.00      0.00      0.00      0.00      0.00    100.00
17:46:07         35      0.00      0.00      0.00      0.00      0.00    100.00
17:46:07         36      0.00      0.00      0.00      0.00      0.00    100.00
17:46:07         37      0.00      0.00      0.00      0.00      0.00    100.00
17:46:07         38      0.00      0.00      0.00      0.00      0.00    100.00
17:46:07         39      0.00      0.00      0.00      0.00      0.00    100.00

17:46:07        CPU     %user     %nice   %system   %iowait    %steal     %idle
17:46:08        all      0.00      0.00      0.03      0.00      0.00     99.98
17:46:08          0      0.00      0.00      0.00      0.00      0.00    100.00
17:46:08          1      0.00      0.00      0.00      0.00      0.00    100.00
17:46:08          2      0.00      0.00      0.00      0.00      0.00    100.00
17:46:08          3      0.00      0.00      0.00      0.00      0.00    100.00
17:46:08          4      0.00      0.00      0.99      0.00      0.00     99.01
17:46:08          5      0.00      0.00      0.00      0.00      0.00    100.00
17:46:08          6      0.00      0.00      0.00      0.00      0.00    100.00
17:46:08          7      0.00      0.00      0.99      0.00      0.00     99.01
17:46:08          8      0.00      0.00      0.00      0.00      0.00    100.00
17:46:08          9      0.00      0.00      0.00      0.00      0.00    100.00
17:46:08         10      0.00      0.00      0.00      0.00      0.00    100.00
17:46:08         11      0.00      0.00      0.00      0.00      0.00    100.00
17:46:08         12      0.00      0.00      0.00      0.00      0.00    100.00
17:46:08         13      0.00      0.00      0.00      0.00      0.00    100.00
17:46:08         14      0.00      0.00      0.00      0.00      0.00    100.00
17:46:08         15      0.00      0.00      0.00      0.00      0.00    100.00
17:46:08         16      0.00      0.00      0.00      0.00      0.00    100.00
17:46:08         17      0.00      0.00      0.00      0.00      0.00    100.00
17:46:08         18      0.00      0.00      0.00      0.00      0.00    100.00
17:46:08         19      0.00      0.00      0.00      0.00      0.00    100.00
17:46:08         20      0.00      0.00      0.00      0.00      0.00    100.00
17:46:08         21      0.00      0.00      0.00      0.00      0.00    100.00
17:46:08         22      0.00      0.00      0.00      0.00      0.00    100.00
17:46:08         23      0.00      0.00      0.00      0.00      0.00    100.00
17:46:08         24      0.00      0.00      0.00      0.00      0.00    100.00
17:46:08         25      0.00      0.00      0.00      0.00      0.00    100.00
17:46:08         26      0.00      0.00      0.00      0.00      0.00    100.00
17:46:08         27      0.00      0.00      0.00      0.00      0.00    100.00
17:46:08         28      0.00      0.00      0.00      0.00      0.00    100.00
17:46:08         29      0.00      0.00      0.00      0.00      0.00    100.00
17:46:08         30      0.00      0.00      0.00      0.00      0.00    100.00
17:46:08         31      0.00      0.00      0.00      0.00      0.00    100.00
17:46:08         32      0.00      0.00      0.00      0.00      0.00    100.00
17:46:08         33      0.00      0.00      0.00      0.00      0.00    100.00
17:46:08         34      0.00      0.00      0.00      0.00      0.00    100.00
17:46:08         35      0.00      0.00      0.00      0.00      0.00    100.00
17:46:08         36      0.00      0.00      0.00      0.00      0.00    100.00
17:46:08         37      0.00      0.00      0.00      0.00      0.00    100.00
17:46:08         38      0.00      0.00      0.00      0.00      0.00    100.00
17:46:08         39      0.00      0.00      0.00      0.00      0.00    100.00

17:46:08        CPU     %user     %nice   %system   %iowait    %steal     %idle
17:46:09        all      0.03      0.00      0.00      0.00      0.00     99.98
17:46:09          0      0.00      0.00      0.00      0.00      0.00    100.00
17:46:09          1      0.00      0.00      0.00      0.00      0.00    100.00
17:46:09          2      0.00      0.00      0.00      0.00      0.00    100.00
17:46:09          3      0.00      0.00      0.00      0.00      0.00    100.00
17:46:09          4      0.00      0.00      0.00      0.00      0.00    100.00
17:46:09          5      0.00      0.00      0.00      0.00      0.00    100.00
17:46:09          6      0.00      0.00      0.00      0.00      0.00    100.00
17:46:09          7      0.00      0.00      0.00      0.00      0.00    100.00
17:46:09          8      0.00      0.00      0.00      0.00      0.00    100.00
17:46:09          9      0.00      0.00      0.00      0.00      0.00    100.00
17:46:09         10      0.00      0.00      0.00      0.00      0.00    100.00
17:46:09         11      0.00      0.00      0.00      0.00      0.00    100.00
17:46:09         12      0.00      0.00      0.00      0.00      0.00    100.00
17:46:09         13      0.00      0.00      0.00      0.00      0.00    100.00
17:46:09         14      0.00      0.00      0.00      0.00      0.00    100.00
17:46:09         15      0.00      0.00      0.00      0.00      0.00    100.00
17:46:09         16      0.00      0.00      0.00      0.00      0.00    100.00
17:46:09         17      0.00      0.00      0.00      0.00      0.00    100.00
17:46:09         18      0.00      0.00      0.00      0.00      0.00    100.00
17:46:09         19      0.00      0.00      0.00      0.00      0.00    100.00
17:46:09         20      0.00      0.00      0.00      0.00      0.00    100.00
17:46:09         21      0.00      0.00      0.00      0.00      0.00    100.00
17:46:09         22      0.00      0.00      0.00      0.00      0.00    100.00
17:46:09         23      0.00      0.00      0.00      0.00      0.00    100.00
17:46:09         24      0.00      0.00      0.00      0.00      0.00    100.00
17:46:09         25      0.00      0.00      0.00      0.00      0.00    100.00
17:46:09         26      0.00      0.00      0.00      0.00      0.00    100.00
17:46:09         27      0.00      0.00      0.00      0.00      0.00    100.00
17:46:09         28      0.00      0.00      0.00      0.00      0.00    100.00
17:46:09         29      0.00      0.00      0.00      0.00      0.00    100.00
17:46:09         30      0.00      0.00      0.00      0.00      0.00    100.00
17:46:09         31      0.00      0.00      0.00      0.00      0.00    100.00
17:46:09         32      0.00      0.00      0.00      0.00      0.00    100.00
17:46:09         33      0.00      0.00      0.00      0.00      0.00    100.00
17:46:09         34      0.00      0.00      0.00      0.00      0.00    100.00
17:46:09         35      0.00      0.00      0.00      0.00      0.00    100.00
17:46:09         36      0.00      0.00      0.00      0.00      0.00    100.00
17:46:09         37      0.00      0.00      0.00      0.00      0.00    100.00
17:46:09         38      0.00      0.00      0.00      0.00      0.00    100.00
17:46:09         39      0.00      0.00      0.00      0.00      0.00    100.00

17:46:09        CPU     %user     %nice   %system   %iowait    %steal     %idle
17:46:10        all      2.83      0.00      0.58      0.25      0.00     96.34
17:46:10          0      1.00      0.00      0.00      0.00      0.00     99.00
17:46:10          1     11.00      0.00      1.00      0.00      0.00     88.00
17:46:10          2      0.00      0.00      0.00      0.00      0.00    100.00
17:46:10          3      0.00      0.00      0.00      0.00      0.00    100.00
17:46:10          4      0.00      0.00      0.00      0.00      0.00    100.00
17:46:10          5      0.00      0.00      0.00      0.00      0.00    100.00
17:46:10          6      0.00      0.00      0.00      0.00      0.00    100.00
17:46:10          7      0.00      0.00      1.00      0.00      0.00     99.00
17:46:10          8      0.00      0.00      0.99      0.00      0.00     99.01
17:46:10          9      0.00      0.00      0.00      0.00      0.00    100.00
17:46:10         10      4.00      0.00      1.00      0.00      0.00     95.00
17:46:10         11      9.09      0.00      1.01      0.00      0.00     89.90
17:46:10         12      2.00      0.00      0.00      0.00      0.00     98.00
17:46:10         13      1.00      0.00      0.00      0.00      0.00     99.00
17:46:10         14     12.00      0.00      1.00      0.00      0.00     87.00
17:46:10         15      2.00      0.00      1.00      0.00      0.00     97.00
17:46:10         16      0.00      0.00      0.00      0.00      0.00    100.00
17:46:10         17      0.00      0.00      0.00      0.00      0.00    100.00
17:46:10         18      0.00      0.00      0.00      0.00      0.00    100.00
17:46:10         19      0.00      0.00      0.00      0.00      0.00    100.00
17:46:10         20      0.00      0.00      0.00      0.00      0.00    100.00
17:46:10         21      9.09      0.00      1.01      0.00      0.00     89.90
17:46:10         22      1.01      0.00      0.00      0.00      0.00     98.99
17:46:10         23      0.00      0.00      0.00      0.00      0.00    100.00
17:46:10         24      0.00      0.00      1.00      0.00      0.00     99.00
17:46:10         25      0.00      0.00      0.00      0.00      0.00    100.00
17:46:10         26     16.83      0.00      1.98      0.00      0.00     81.19
17:46:10         27     19.80      0.00      1.98      0.00      0.00     78.22
17:46:10         28      0.00      0.00      1.01      0.00      0.00     98.99
17:46:10         29      2.02      0.00      1.01     10.10      0.00     86.87
17:46:10         30      1.00      0.00      0.00      0.00      0.00     99.00
17:46:10         31      1.00      0.00      0.00      0.00      0.00     99.00
17:46:10         32      0.00      0.00      0.00      0.00      0.00    100.00
17:46:10         33      0.00      0.00      0.00      0.00      0.00    100.00
17:46:10         34     12.12      0.00      1.01      0.00      0.00     86.87
17:46:10         35      1.00      0.00      0.00      0.00      0.00     99.00
17:46:10         36      0.00      0.00      0.00      0.00      0.00    100.00
17:46:10         37      5.05      0.00      2.02      0.00      0.00     92.93
17:46:10         38      0.99      0.00      0.99      0.00      0.00     98.02
17:46:10         39      1.00      0.00      0.00      0.00      0.00     99.00

17:46:10        CPU     %user     %nice   %system   %iowait    %steal     %idle
17:46:11        all      5.34      0.00      1.75      0.15      0.00     92.76
17:46:11          0     16.83      0.00      5.94      0.00      0.00     77.23
17:46:11          1     26.26      0.00      6.06      1.01      0.00     66.67
17:46:11          2      0.00      0.00      0.00      0.00      0.00    100.00
17:46:11          3      7.07      0.00      2.02      1.01      0.00     89.90
17:46:11          4      5.05      0.00      3.03      1.01      0.00     90.91
17:46:11          5      0.00      0.00      0.00      0.00      0.00    100.00
17:46:11          6      1.01      0.00      0.00      0.00      0.00     98.99
17:46:11          7      5.00      0.00      1.00      0.00      0.00     94.00
17:46:11          8      4.04      0.00      1.01      0.00      0.00     94.95
17:46:11          9      0.99      0.00      0.00      0.00      0.00     99.01
17:46:11         10     18.63      0.00      3.92      0.00      0.00     77.45
17:46:11         11     19.80      0.00      4.95      0.99      0.00     74.26
17:46:11         12      4.04      0.00      1.01      0.00      0.00     94.95
17:46:11         13     11.00      0.00      4.00      0.00      0.00     85.00
17:46:11         14     14.00      0.00      4.00      0.00      0.00     82.00
17:46:11         15      4.00      0.00      1.00      1.00      0.00     94.00
17:46:11         16      0.00      0.00      1.00      0.00      0.00     99.00
17:46:11         17      0.00      0.00      0.00      0.00      0.00    100.00
17:46:11         18      0.00      0.00      0.00      0.00      0.00    100.00
17:46:11         19      1.01      0.00      1.01      0.00      0.00     97.98
17:46:11         20      7.07      0.00      1.01      0.00      0.00     91.92
17:46:11         21      1.98      0.00      2.97      0.00      0.00     95.05
17:46:11         22      0.99      0.00      0.99      0.00      0.00     98.02
17:46:11         23      1.00      0.00      0.00      0.00      0.00     99.00
17:46:11         24      0.00      0.00      1.01      0.00      0.00     98.99
17:46:11         25      7.07      0.00      2.02      0.00      0.00     90.91
17:46:11         26      1.01      0.00      1.01      0.00      0.00     97.98
17:46:11         27      1.01      0.00      1.01      0.00      0.00     97.98
17:46:11         28     24.00      0.00      5.00      0.00      0.00     71.00
17:46:11         29      6.00      0.00      1.00      0.00      0.00     93.00
17:46:11         30      3.03      0.00      2.02      0.00      0.00     94.95
17:46:11         31      3.03      0.00      0.00      0.00      0.00     96.97
17:46:11         32      0.00      0.00      0.00      0.00      0.00    100.00
17:46:11         33      7.00      0.00      3.00      0.00      0.00     90.00
17:46:11         34      7.07      0.00      2.02      0.00      0.00     90.91
17:46:11         35      1.01      0.00      0.00      0.00      0.00     98.99
17:46:11         36      0.00      0.00      2.00      0.00      0.00     98.00
17:46:11         37      2.97      0.00      2.97      0.00      0.00     94.06
17:46:11         38      1.00      0.00      2.00      0.00      0.00     97.00
17:46:11         39      0.00      0.00      1.00      0.00      0.00     99.00

17:46:11        CPU     %user     %nice   %system   %iowait    %steal     %idle
17:46:12        all      0.03      0.00      0.00      0.00      0.00     99.97
17:46:12          0      0.00      0.00      0.00      0.00      0.00    100.00
17:46:12          1      0.00      0.00      0.00      0.00      0.00    100.00
17:46:12          2      0.00      0.00      0.00      0.00      0.00    100.00
17:46:12          3      0.00      0.00      0.00      0.00      0.00    100.00
17:46:12          4      0.00      0.00      0.00      0.00      0.00    100.00
17:46:12          5      0.00      0.00      0.00      0.00      0.00    100.00
17:46:12          6      0.00      0.00      0.00      0.00      0.00    100.00
17:46:12          7      0.99      0.00      0.00      0.00      0.00     99.01
17:46:12          8      0.00      0.00      0.00      0.00      0.00    100.00
17:46:12          9      0.00      0.00      0.00      0.00      0.00    100.00
17:46:12         10      0.00      0.00      0.00      0.00      0.00    100.00
17:46:12         11      0.00      0.00      0.00      0.00      0.00    100.00
17:46:12         12      0.00      0.00      0.00      0.00      0.00    100.00
17:46:12         13      0.99      0.00      0.00      0.00      0.00     99.01
17:46:12         14      0.00      0.00      0.00      0.00      0.00    100.00
17:46:12         15      0.00      0.00      0.00      0.00      0.00    100.00
17:46:12         16      0.00      0.00      0.00      0.00      0.00    100.00
17:46:12         17      0.00      0.00      0.00      0.00      0.00    100.00
17:46:12         18      0.00      0.00      0.00      0.00      0.00    100.00
17:46:12         19      0.00      0.00      0.00      0.00      0.00    100.00
17:46:12         20      0.00      0.00      0.00      0.00      0.00    100.00
17:46:12         21      0.00      0.00      0.00      0.00      0.00    100.00
17:46:12         22      0.00      0.00      0.00      0.00      0.00    100.00
17:46:12         23      0.00      0.00      0.00      0.00      0.00    100.00
17:46:12         24      0.00      0.00      0.00      0.00      0.00    100.00
17:46:12         25      0.00      0.00      0.00      0.00      0.00    100.00
17:46:12         26      0.00      0.00      0.00      0.00      0.00    100.00
17:46:12         27      0.00      0.00      0.00      0.00      0.00    100.00
17:46:12         28      0.00      0.00      0.00      0.00      0.00    100.00
17:46:12         29      0.00      0.00      0.00      0.00      0.00    100.00
17:46:12         30      0.00      0.00      0.00      0.00      0.00    100.00
17:46:12         31      0.00      0.00      0.00      0.00      0.00    100.00
17:46:12         32      0.00      0.00      0.00      0.00      0.00    100.00
17:46:12         33      0.00      0.00      0.00      0.00      0.00    100.00
17:46:12         34      0.00      0.00      0.00      0.00      0.00    100.00
17:46:12         35      0.00      0.00      0.00      0.00      0.00    100.00
17:46:12         36      0.00      0.00      0.00      0.00      0.00    100.00
17:46:12         37      0.00      0.00      0.00      0.00      0.00    100.00
17:46:12         38      0.00      0.00      0.00      0.00      0.00    100.00
17:46:12         39      0.00      0.00      0.00      0.00      0.00    100.00

17:46:12        CPU     %user     %nice   %system   %iowait    %steal     %idle
17:46:13        all      0.02      0.00      0.02      0.00      0.00     99.95
17:46:13          0      0.00      0.00      0.00      0.00      0.00    100.00
17:46:13          1      0.00      0.00      0.00      0.00      0.00    100.00
17:46:13          2      0.00      0.00      0.00      0.00      0.00    100.00
17:46:13          3      0.00      0.00      0.00      0.00      0.00    100.00
17:46:13          4      0.00      0.00      0.00      0.00      0.00    100.00
17:46:13          5      0.00      0.00      0.00      0.00      0.00    100.00
17:46:13          6      0.00      0.00      1.00      0.00      0.00     99.00
17:46:13          7      0.00      0.00      0.00      0.00      0.00    100.00
17:46:13          8      0.00      0.00      0.00      0.00      0.00    100.00
17:46:13          9      0.00      0.00      0.00      0.00      0.00    100.00
17:46:13         10      0.00      0.00      0.00      0.00      0.00    100.00
17:46:13         11      0.00      0.00      0.00      0.00      0.00    100.00
17:46:13         12      0.00      0.00      0.00      0.00      0.00    100.00
17:46:13         13      0.00      0.00      0.00      0.00      0.00    100.00
17:46:13         14      0.00      0.00      0.00      0.00      0.00    100.00
17:46:13         15      0.00      0.00      0.00      0.00      0.00    100.00
17:46:13         16      0.00      0.00      0.00      0.00      0.00    100.00
17:46:13         17      0.00      0.00      0.00      0.00      0.00    100.00
17:46:13         18      0.00      0.00      0.00      0.00      0.00    100.00
17:46:13         19      0.00      0.00      0.00      0.00      0.00    100.00
17:46:13         20      0.00      0.00      0.00      0.00      0.00    100.00
17:46:13         21      0.00      0.00      0.00      0.00      0.00    100.00
17:46:13         22      0.00      0.00      0.00      0.00      0.00    100.00
17:46:13         23      0.00      0.00      0.00      0.00      0.00    100.00
17:46:13         24      0.00      0.00      0.00      0.00      0.00    100.00
17:46:13         25      0.00      0.00      0.00      0.00      0.00    100.00
17:46:13         26      0.00      0.00      0.00      0.00      0.00    100.00
17:46:13         27      0.00      0.00      0.00      0.00      0.00    100.00
17:46:13         28      0.00      0.00      0.00      0.00      0.00    100.00
17:46:13         29      0.00      0.00      0.00      0.00      0.00    100.00
17:46:13         30      0.00      0.00      0.00      0.00      0.00    100.00
17:46:13         31      0.00      0.00      0.00      0.00      0.00    100.00
17:46:13         32      0.00      0.00      0.00      0.00      0.00    100.00
17:46:13         33      0.00      0.00      0.00      0.00      0.00    100.00
17:46:13         34      0.00      0.00      0.00      0.00      0.00    100.00
17:46:13         35      0.00      0.00      0.00      0.00      0.00    100.00
17:46:13         36      0.00      0.00      0.00      0.00      0.00    100.00
17:46:13         37      0.00      0.00      0.00      0.00      0.00    100.00
17:46:13         38      0.00      0.00      0.00      0.00      0.00    100.00
17:46:13         39      0.00      0.00      0.00      0.00      0.00    100.00

17:46:13        CPU     %user     %nice   %system   %iowait    %steal     %idle
17:46:14        all      0.00      0.00      0.03      0.00      0.00     99.97
17:46:14          0      0.00      0.00      0.00      0.00      0.00    100.00
17:46:14          1      0.00      0.00      0.00      0.00      0.00    100.00
17:46:14          2      0.00      0.00      0.00      0.00      0.00    100.00
17:46:14          3      0.00      0.00      0.00      0.00      0.00    100.00
17:46:14          4      0.00      0.00      0.00      0.00      0.00    100.00
17:46:14          5      0.00      0.00      0.00      0.00      0.00    100.00
17:46:14          6      0.00      0.00      0.00      0.00      0.00    100.00
17:46:14          7      0.00      0.00      0.00      0.00      0.00    100.00
17:46:14          8      0.00      0.00      0.00      0.00      0.00    100.00
17:46:14          9      0.00      0.00      0.99      0.00      0.00     99.01
17:46:14         10      0.00      0.00      0.00      0.00      0.00    100.00
17:46:14         11      0.00      0.00      0.00      0.00      0.00    100.00
17:46:14         12      0.00      0.00      0.00      0.00      0.00    100.00
17:46:14         13      0.00      0.00      0.00      0.00      0.00    100.00
17:46:14         14      0.00      0.00      0.00      0.00      0.00    100.00
17:46:14         15      0.00      0.00      0.00      0.00      0.00    100.00
17:46:14         16      0.00      0.00      0.00      0.00      0.00    100.00
17:46:14         17      0.00      0.00      0.00      0.00      0.00    100.00
17:46:14         18      0.00      0.00      0.00      0.00      0.00    100.00
17:46:14         19      0.00      0.00      0.00      0.00      0.00    100.00
17:46:14         20      0.00      0.00      0.00      0.00      0.00    100.00
17:46:14         21      0.00      0.00      0.00      0.00      0.00    100.00
17:46:14         22      0.00      0.00      0.00      0.00      0.00    100.00
17:46:14         23      0.00      0.00      0.00      0.00      0.00    100.00
17:46:14         24      0.00      0.00      0.00      0.00      0.00    100.00
17:46:14         25      0.00      0.00      0.00      0.00      0.00    100.00
17:46:14         26      0.00      0.00      0.00      0.00      0.00    100.00
17:46:14         27      0.00      0.00      0.00      0.00      0.00    100.00
17:46:14         28      0.00      0.00      0.00      0.00      0.00    100.00
17:46:14         29      0.00      0.00      0.00      0.00      0.00    100.00
17:46:14         30      0.00      0.00      0.00      0.00      0.00    100.00
17:46:14         31      0.00      0.00      0.00      0.00      0.00    100.00
17:46:14         32      0.00      0.00      0.00      0.00      0.00    100.00
17:46:14         33      0.00      0.00      0.00      0.00      0.00    100.00
17:46:14         34      0.00      0.00      0.00      0.00      0.00    100.00
17:46:14         35      0.00      0.00      0.00      0.00      0.00    100.00
17:46:14         36      0.00      0.00      0.00      0.00      0.00    100.00
17:46:14         37      0.00      0.00      0.00      0.00      0.00    100.00
17:46:14         38      0.00      0.00      0.00      0.00      0.00    100.00
17:46:14         39      0.00      0.00      0.00      0.00      0.00    100.00

17:46:14        CPU     %user     %nice   %system   %iowait    %steal     %idle
17:46:15        all      0.00      0.00      0.00      0.08      0.00     99.92
17:46:15          0      0.00      0.00      0.00      0.00      0.00    100.00
17:46:15          1      0.00      0.00      0.00      0.00      0.00    100.00
17:46:15          2      0.00      0.00      0.00      0.00      0.00    100.00
17:46:15          3      0.00      0.00      0.00      0.00      0.00    100.00
17:46:15          4      0.00      0.00      0.00      0.00      0.00    100.00
17:46:15          5      0.00      0.00      0.00      0.00      0.00    100.00
17:46:15          6      0.00      0.00      0.00      0.00      0.00    100.00
17:46:15          7      0.00      0.00      0.00      0.00      0.00    100.00
17:46:15          8      0.00      0.00      0.00      0.00      0.00    100.00
17:46:15          9      0.00      0.00      0.00      0.00      0.00    100.00
17:46:15         10      0.00      0.00      0.00      0.00      0.00    100.00
17:46:15         11      0.00      0.00      0.00      0.00      0.00    100.00
17:46:15         12      0.00      0.00      0.00      0.00      0.00    100.00
17:46:15         13      0.00      0.00      0.00      0.00      0.00    100.00
17:46:15         14      0.00      0.00      0.00      0.00      0.00    100.00
17:46:15         15      0.00      0.00      0.00      0.00      0.00    100.00
17:46:15         16      0.00      0.00      0.00      0.00      0.00    100.00
17:46:15         17      0.00      0.00      0.00      0.00      0.00    100.00
17:46:15         18      0.00      0.00      0.00      0.00      0.00    100.00
17:46:15         19      0.00      0.00      0.00      0.00      0.00    100.00
17:46:15         20      0.00      0.00      0.00      0.00      0.00    100.00
17:46:15         21      0.00      0.00      0.00      0.00      0.00    100.00
17:46:15         22      0.00      0.00      0.00      0.00      0.00    100.00
17:46:15         23      0.00      0.00      0.00      0.00      0.00    100.00
17:46:15         24      0.00      0.00      0.00      0.00      0.00    100.00
17:46:15         25      0.00      0.00      0.00      0.00      0.00    100.00
17:46:15         26      0.00      0.00      0.00      0.00      0.00    100.00
17:46:15         27      0.00      0.00      0.00      0.00      0.00    100.00
17:46:15         28      0.00      0.00      0.00      3.00      0.00     97.00
17:46:15         29      0.00      0.00      0.00      0.00      0.00    100.00
17:46:15         30      0.00      0.00      0.00      0.00      0.00    100.00
17:46:15         31      0.00      0.00      0.00      0.00      0.00    100.00
17:46:15         32      0.00      0.00      0.00      0.00      0.00    100.00
17:46:15         33      0.00      0.00      0.00      0.00      0.00    100.00
17:46:15         34      0.00      0.00      0.00      0.00      0.00    100.00
17:46:15         35      0.00      0.00      0.00      0.00      0.00    100.00
17:46:15         36      0.00      0.00      0.00      0.00      0.00    100.00
17:46:15         37      0.00      0.00      0.00      0.00      0.00    100.00
17:46:15         38      0.00      0.00      0.00      0.00      0.00    100.00
17:46:15         39      0.00      0.00      0.00      0.00      0.00    100.00

17:46:15        CPU     %user     %nice   %system   %iowait    %steal     %idle
17:46:16        all      0.00      0.00      0.00      0.00      0.00    100.00
17:46:16          0      0.00      0.00      0.00      0.00      0.00    100.00
17:46:16          1      0.00      0.00      0.00      0.00      0.00    100.00
17:46:16          2      0.00      0.00      0.00      0.00      0.00    100.00
17:46:16          3      0.00      0.00      0.00      0.00      0.00    100.00
17:46:16          4      0.00      0.00      0.00      0.00      0.00    100.00
17:46:16          5      0.00      0.00      0.00      0.00      0.00    100.00
17:46:16          6      0.00      0.00      0.00      0.00      0.00    100.00
17:46:16          7      0.00      0.00      0.00      0.00      0.00    100.00
17:46:16          8      0.00      0.00      0.00      0.00      0.00    100.00
17:46:16          9      0.99      0.00      0.00      0.00      0.00     99.01
17:46:16         10      0.00      0.00      0.00      0.00      0.00    100.00
17:46:16         11      0.00      0.00      0.00      0.00      0.00    100.00
17:46:16         12      0.00      0.00      0.00      0.00      0.00    100.00
17:46:16         13      0.00      0.00      0.00      0.00      0.00    100.00
17:46:16         14      0.00      0.00      0.00      0.00      0.00    100.00
17:46:16         15      0.00      0.00      0.00      0.00      0.00    100.00
17:46:16         16      0.00      0.00      0.00      0.00      0.00    100.00
17:46:16         17      0.00      0.00      0.00      0.00      0.00    100.00
17:46:16         18      0.00      0.00      0.00      0.00      0.00    100.00
17:46:16         19      0.00      0.00      0.00      0.00      0.00    100.00
17:46:16         20      0.00      0.00      0.00      0.00      0.00    100.00
17:46:16         21      0.00      0.00      0.00      0.00      0.00    100.00
17:46:16         22      0.00      0.00      0.00      0.00      0.00    100.00
17:46:16         23      0.00      0.00      0.00      0.00      0.00    100.00
17:46:16         24      0.00      0.00      0.00      0.00      0.00    100.00
17:46:16         25      0.00      0.00      0.00      0.00      0.00    100.00
17:46:16         26      0.00      0.00      0.00      0.00      0.00    100.00
17:46:16         27      0.00      0.00      0.00      0.00      0.00    100.00
17:46:16         28      0.00      0.00      0.00      0.00      0.00    100.00
17:46:16         29      0.00      0.00      0.00      0.00      0.00    100.00
17:46:16         30      0.00      0.00      0.00      0.00      0.00    100.00
17:46:16         31      0.00      0.00      0.00      0.00      0.00    100.00
17:46:16         32      0.00      0.00      0.00      0.00      0.00    100.00
17:46:16         33      0.00      0.00      0.00      0.00      0.00    100.00
17:46:16         34      0.00      0.00      0.00      0.00      0.00    100.00
17:46:16         35      0.00      0.00      0.00      0.00      0.00    100.00
17:46:16         36      0.00      0.00      0.00      0.00      0.00    100.00
17:46:16         37      0.00      0.00      0.00      0.00      0.00    100.00
17:46:16         38      0.00      0.00      0.00      0.00      0.00    100.00
17:46:16         39      0.00      0.00      0.00      0.00      0.00    100.00

17:46:16        CPU     %user     %nice   %system   %iowait    %steal     %idle
17:46:17        all      0.03      0.00      0.00      0.00      0.00     99.97
17:46:17          0      0.00      0.00      0.00      0.00      0.00    100.00
17:46:17          1      0.00      0.00      0.00      0.00      0.00    100.00
17:46:17          2      0.00      0.00      0.00      0.00      0.00    100.00
17:46:17          3      0.00      0.00      0.00      0.00      0.00    100.00
17:46:17          4      0.99      0.00      0.00      0.00      0.00     99.01
17:46:17          5      0.00      0.00      0.00      0.00      0.00    100.00
17:46:17          6      0.00      0.00      0.00      0.00      0.00    100.00
17:46:17          7      0.00      0.00      0.00      0.00      0.00    100.00
17:46:17          8      0.00      0.00      0.00      0.00      0.00    100.00
17:46:17          9      0.00      0.00      0.00      0.00      0.00    100.00
17:46:17         10      0.00      0.00      0.00      0.00      0.00    100.00
17:46:17         11      0.00      0.00      0.00      0.00      0.00    100.00
17:46:17         12      0.00      0.00      0.00      0.00      0.00    100.00
17:46:17         13      0.00      0.00      0.00      0.00      0.00    100.00
17:46:17         14      0.00      0.00      0.00      0.00      0.00    100.00
17:46:17         15      0.00      0.00      0.00      0.00      0.00    100.00
17:46:17         16      0.00      0.00      0.00      0.00      0.00    100.00
17:46:17         17      0.00      0.00      0.00      0.00      0.00    100.00
17:46:17         18      0.00      0.00      0.00      0.00      0.00    100.00
17:46:17         19      0.00      0.00      0.00      0.00      0.00    100.00
17:46:17         20      0.00      0.00      0.00      0.00      0.00    100.00
17:46:17         21      0.00      0.00      0.00      0.00      0.00    100.00
17:46:17         22      0.00      0.00      0.00      0.00      0.00    100.00
17:46:17         23      0.00      0.00      0.00      0.00      0.00    100.00
17:46:17         24      0.00      0.00      0.00      0.00      0.00    100.00
17:46:17         25      0.00      0.00      0.00      0.00      0.00    100.00
17:46:17         26      0.00      0.00      0.00      0.00      0.00    100.00
17:46:17         27      0.00      0.00      0.00      0.00      0.00    100.00
17:46:17         28      0.00      0.00      0.00      0.00      0.00    100.00
17:46:17         29      0.00      0.00      0.00      0.00      0.00    100.00
17:46:17         30      0.00      0.00      0.00      0.00      0.00    100.00
17:46:17         31      0.00      0.00      0.00      0.00      0.00    100.00
17:46:17         32      0.00      0.00      0.00      0.00      0.00    100.00
17:46:17         33      0.00      0.00      0.00      0.00      0.00    100.00
17:46:17         34      0.00      0.00      0.00      0.00      0.00    100.00
17:46:17         35      0.00      0.00      0.00      0.00      0.00    100.00
17:46:17         36      0.00      0.00      0.00      0.00      0.00    100.00
17:46:17         37      0.00      0.00      0.00      0.00      0.00    100.00
17:46:17         38      0.00      0.00      0.00      0.00      0.00    100.00
17:46:17         39      0.00      0.00      0.00      0.00      0.00    100.00

17:46:17        CPU     %user     %nice   %system   %iowait    %steal     %idle
17:46:18        all      0.00      0.00      0.00      0.00      0.00    100.00
17:46:18          0      0.00      0.00      0.00      0.00      0.00    100.00
17:46:18          1      0.00      0.00      0.00      0.00      0.00    100.00
17:46:18          2      0.00      0.00      0.00      0.00      0.00    100.00
17:46:18          3      0.00      0.00      0.00      0.00      0.00    100.00
17:46:18          4      0.00      0.00      0.00      0.00      0.00    100.00
17:46:18          5      0.00      0.00      0.00      0.00      0.00    100.00
17:46:18          6      0.00      0.00      0.00      0.00      0.00    100.00
17:46:18          7      0.00      0.00      0.00      0.00      0.00    100.00
17:46:18          8      0.00      0.00      0.00      0.00      0.00    100.00
17:46:18          9      0.00      0.00      0.00      0.00      0.00    100.00
17:46:18         10      0.00      0.00      0.00      0.00      0.00    100.00
17:46:18         11      0.00      0.00      0.00      0.00      0.00    100.00
17:46:18         12      0.00      0.00      0.00      0.00      0.00    100.00
17:46:18         13      0.00      0.00      0.00      0.00      0.00    100.00
17:46:18         14      0.00      0.00      0.00      0.00      0.00    100.00
17:46:18         15      0.00      0.00      0.00      0.00      0.00    100.00
17:46:18         16      0.00      0.00      0.00      0.00      0.00    100.00
17:46:18         17      0.00      0.00      0.00      0.00      0.00    100.00
17:46:18         18      0.00      0.00      0.00      0.00      0.00    100.00
17:46:18         19      0.00      0.00      0.00      0.00      0.00    100.00
17:46:18         20      0.00      0.00      0.00      0.00      0.00    100.00
17:46:18         21      0.00      0.00      0.00      0.00      0.00    100.00
17:46:18         22      0.00      0.00      0.00      0.00      0.00    100.00
17:46:18         23      0.00      0.00      0.00      0.00      0.00    100.00
17:46:18         24      0.00      0.00      0.00      0.00      0.00    100.00
17:46:18         25      0.00      0.00      0.00      0.00      0.00    100.00
17:46:18         26      0.00      0.00      0.00      0.00      0.00    100.00
17:46:18         27      0.00      0.00      0.00      0.00      0.00    100.00
17:46:18         28      0.00      0.00      0.00      0.00      0.00    100.00
17:46:18         29      0.00      0.00      0.00      0.00      0.00    100.00
17:46:18         30      0.00      0.00      0.00      0.00      0.00    100.00
17:46:18         31      0.00      0.00      0.00      0.00      0.00    100.00
17:46:18         32      0.00      0.00      0.00      0.00      0.00    100.00
17:46:18         33      0.00      0.00      0.00      0.00      0.00    100.00
17:46:18         34      0.00      0.00      0.00      0.00      0.00    100.00
17:46:18         35      0.00      0.00      0.00      0.00      0.00    100.00
17:46:18         36      0.00      0.00      0.00      0.00      0.00    100.00
17:46:18         37      0.00      0.00      0.00      0.00      0.00    100.00
17:46:18         38      0.00      0.00      0.00      0.00      0.00    100.00
17:46:18         39      0.00      0.00      0.00      0.00      0.00    100.00

17:46:18        CPU     %user     %nice   %system   %iowait    %steal     %idle
17:46:19        all      0.03      0.00      0.00      0.00      0.00     99.97
17:46:19          0      0.00      0.00      0.00      0.00      0.00    100.00
17:46:19          1      0.00      0.00      0.00      0.00      0.00    100.00
17:46:19          2      0.00      0.00      0.00      0.00      0.00    100.00
17:46:19          3      0.00      0.00      0.00      0.00      0.00    100.00
17:46:19          4      0.00      0.00      0.00      0.00      0.00    100.00
17:46:19          5      0.00      0.00      0.00      0.00      0.00    100.00
17:46:19          6      0.00      0.00      0.00      0.00      0.00    100.00
17:46:19          7      0.00      0.00      0.00      0.00      0.00    100.00
17:46:19          8      0.00      0.00      0.00      0.00      0.00    100.00
17:46:19          9      0.00      0.00      0.00      0.00      0.00    100.00
17:46:19         10      0.00      0.00      0.00      0.00      0.00    100.00
17:46:19         11      0.00      0.00      0.00      0.00      0.00    100.00
17:46:19         12      0.00      0.00      0.00      0.00      0.00    100.00
17:46:19         13      0.00      0.00      0.00      0.00      0.00    100.00
17:46:19         14      0.00      0.00      0.00      0.00      0.00    100.00
17:46:19         15      0.00      0.00      0.00      0.00      0.00    100.00
17:46:19         16      0.00      0.00      0.00      0.00      0.00    100.00
17:46:19         17      0.00      0.00      0.00      0.00      0.00    100.00
17:46:19         18      0.00      0.00      0.00      0.00      0.00    100.00
17:46:19         19      0.00      0.00      0.00      0.00      0.00    100.00
17:46:19         20      0.00      0.00      0.00      0.00      0.00    100.00
17:46:19         21      0.00      0.00      0.00      0.00      0.00    100.00
17:46:19         22      0.00      0.00      0.00      0.00      0.00    100.00
17:46:19         23      0.00      0.00      0.00      0.00      0.00    100.00
17:46:19         24      0.00      0.00      0.00      0.00      0.00    100.00
17:46:19         25      0.00      0.00      0.00      0.00      0.00    100.00
17:46:19         26      0.00      0.00      0.00      0.00      0.00    100.00
17:46:19         27      0.00      0.00      0.00      0.00      0.00    100.00
17:46:19         28      0.00      0.00      0.00      0.00      0.00    100.00
17:46:19         29      0.00      0.00      0.00      0.00      0.00    100.00
17:46:19         30      0.00      0.00      0.00      0.00      0.00    100.00
17:46:19         31      0.00      0.00      0.00      0.00      0.00    100.00
17:46:19         32      0.00      0.00      0.00      0.00      0.00    100.00
17:46:19         33      0.00      0.00      0.00      0.00      0.00    100.00
17:46:19         34      0.00      0.00      0.00      0.00      0.00    100.00
17:46:19         35      0.00      0.00      0.00      0.00      0.00    100.00
17:46:19         36      0.00      0.00      0.00      0.00      0.00    100.00
17:46:19         37      0.00      0.00      0.00      0.00      0.00    100.00
17:46:19         38      0.00      0.00      0.00      0.00      0.00    100.00
17:46:19         39      0.00      0.00      0.00      0.00      0.00    100.00

17:46:19        CPU     %user     %nice   %system   %iowait    %steal     %idle
17:46:20        all      0.63      0.00      0.10      0.00      0.00     99.27
17:46:20          0      0.00      0.00      0.00      0.00      0.00    100.00
17:46:20          1      0.00      0.00      0.00      0.00      0.00    100.00
17:46:20          2      0.00      0.00      0.00      0.00      0.00    100.00
17:46:20          3      0.00      0.00      0.00      0.00      0.00    100.00
17:46:20          4      5.00      0.00      1.00      0.00      0.00     94.00
17:46:20          5      0.00      0.00      0.00      0.00      0.00    100.00
17:46:20          6      0.00      0.00      0.00      0.00      0.00    100.00
17:46:20          7      0.00      0.00      0.00      0.00      0.00    100.00
17:46:20          8      0.00      0.00      0.99      0.00      0.00     99.01
17:46:20          9      0.00      0.00      0.00      0.00      0.00    100.00
17:46:20         10      0.00      0.00      0.00      0.00      0.00    100.00
17:46:20         11      0.00      0.00      0.00      0.00      0.00    100.00
17:46:20         12      0.00      0.00      0.00      0.00      0.00    100.00
17:46:20         13      0.00      0.00      0.00      0.00      0.00    100.00
17:46:20         14      0.00      0.00      0.00      0.00      0.00    100.00
17:46:20         15      0.00      0.00      0.00      0.00      0.00    100.00
17:46:20         16      0.00      0.00      0.00      0.00      0.00    100.00
17:46:20         17      0.00      0.00      0.00      0.00      0.00    100.00
17:46:20         18      0.00      0.00      0.00      0.00      0.00    100.00
17:46:20         19      0.00      0.00      0.00      0.00      0.00    100.00
17:46:20         20      0.00      0.00      0.00      0.00      0.00    100.00
17:46:20         21      0.00      0.00      0.00      0.00      0.00    100.00
17:46:20         22      0.00      0.00      0.00      0.00      0.00    100.00
17:46:20         23      0.00      0.00      0.00      0.00      0.00    100.00
17:46:20         24     19.00      0.00      0.00      0.00      0.00     81.00
17:46:20         25      0.00      0.00      0.99      0.00      0.00     99.01
17:46:20         26      0.00      0.00      0.00      0.00      0.00    100.00
17:46:20         27      0.00      0.00      0.00      0.00      0.00    100.00
17:46:20         28      0.00      0.00      0.00      0.00      0.00    100.00
17:46:20         29      0.00      0.00      0.00      0.00      0.00    100.00
17:46:20         30      0.00      0.00      0.00      0.00      0.00    100.00
17:46:20         31      0.00      0.00      0.00      0.00      0.00    100.00
17:46:20         32      0.00      0.00      0.00      0.00      0.00    100.00
17:46:20         33      0.00      0.00      0.00      0.00      0.00    100.00
17:46:20         34      0.00      0.00      0.00      0.00      0.00    100.00
17:46:20         35      0.00      0.00      0.00      0.00      0.00    100.00
17:46:20         36      0.00      0.00      0.00      0.00      0.00    100.00
17:46:20         37      0.00      0.00      1.00      0.00      0.00     99.00
17:46:20         38      0.00      0.00      0.00      0.00      0.00    100.00
17:46:20         39      0.00      0.00      0.00      0.00      0.00    100.00

17:46:20        CPU     %user     %nice   %system   %iowait    %steal     %idle
17:46:21        all      1.05      0.00      0.35      0.03      0.00     98.57
17:46:21          0      0.00      0.00      0.00      0.00      0.00    100.00
17:46:21          1      0.00      0.00      0.00      0.00      0.00    100.00
17:46:21          2      0.00      0.00      0.00      0.00      0.00    100.00
17:46:21          3      0.00      0.00      0.00      0.00      0.00    100.00
17:46:21          4      2.97      0.00      0.99      0.00      0.00     96.04
17:46:21          5      0.00      0.00      0.99      0.00      0.00     99.01
17:46:21          6      0.00      0.00      0.00      0.00      0.00    100.00
17:46:21          7      0.00      0.00      0.00      0.00      0.00    100.00
17:46:21          8      0.00      0.00      0.00      0.00      0.00    100.00
17:46:21          9      0.00      0.00      1.00      0.00      0.00     99.00
17:46:21         10      0.00      0.00      0.99      0.00      0.00     99.01
17:46:21         11      1.01      0.00      0.00      0.00      0.00     98.99
17:46:21         12      0.00      0.00      0.99      0.00      0.00     99.01
17:46:21         13      1.02      0.00      2.04      1.02      0.00     95.92
17:46:21         14      0.00      0.00      0.00      0.00      0.00    100.00
17:46:21         15      0.00      0.00      0.00      0.00      0.00    100.00
17:46:21         16      0.00      0.00      0.00      0.00      0.00    100.00
17:46:21         17      0.00      0.00      0.00      0.00      0.00    100.00
17:46:21         18      0.00      0.00      0.00      0.00      0.00    100.00
17:46:21         19      0.00      0.00      0.99      0.00      0.00     99.01
17:46:21         20      0.00      0.00      0.00      0.00      0.00    100.00
17:46:21         21      0.00      0.00      0.00      0.00      0.00    100.00
17:46:21         22      0.00      0.00      0.00      0.00      0.00    100.00
17:46:21         23      0.00      0.00      0.00      0.00      0.00    100.00
17:46:21         24     26.26      0.00      4.04      0.00      0.00     69.70
17:46:21         25      0.00      0.00      1.00      0.00      0.00     99.00
17:46:21         26      0.00      0.00      0.00      0.00      0.00    100.00
17:46:21         27      0.00      0.00      0.00      0.00      0.00    100.00
17:46:21         28      0.00      0.00      0.00      0.00      0.00    100.00
17:46:21         29      0.00      0.00      0.00      0.00      0.00    100.00
17:46:21         30      0.00      0.00      0.00      0.00      0.00    100.00
17:46:21         31      0.00      0.00      0.00      0.00      0.00    100.00
17:46:21         32      0.00      0.00      0.00      0.00      0.00    100.00
17:46:21         33      0.00      0.00      0.00      0.00      0.00    100.00
17:46:21         34      0.00      0.00      1.98      0.00      0.00     98.02
17:46:21         35      0.00      0.00      0.00      0.00      0.00    100.00
17:46:21         36      0.00      0.00      0.00      0.00      0.00    100.00
17:46:21         37      7.07      0.00      0.00      0.00      0.00     92.93
17:46:21         38      0.99      0.00      0.99      0.00      0.00     98.02
17:46:21         39      0.00      0.00      0.00      0.00      0.00    100.00

17:46:21        CPU     %user     %nice   %system   %iowait    %steal     %idle
17:46:22        all      0.03      0.00      0.00      0.00      0.00     99.97
17:46:22          0      0.00      0.00      0.00      0.00      0.00    100.00
17:46:22          1      0.00      0.00      0.00      0.00      0.00    100.00
17:46:22          2      0.00      0.00      0.00      0.00      0.00    100.00
17:46:22          3      0.00      0.00      0.00      0.00      0.00    100.00
17:46:22          4      0.00      0.00      0.00      0.00      0.00    100.00
17:46:22          5      0.00      0.00      0.00      0.00      0.00    100.00
17:46:22          6      0.00      0.00      0.00      0.00      0.00    100.00
17:46:22          7      0.00      0.00      0.00      0.00      0.00    100.00
17:46:22          8      0.00      0.00      0.00      0.00      0.00    100.00
17:46:22          9      0.00      0.00      0.00      0.00      0.00    100.00
17:46:22         10      0.00      0.00      0.00      0.00      0.00    100.00
17:46:22         11      0.00      0.00      0.00      0.00      0.00    100.00
17:46:22         12      0.00      0.00      0.00      0.00      0.00    100.00
17:46:22         13      0.99      0.00      0.00      0.00      0.00     99.01
17:46:22         14      0.00      0.00      0.00      0.00      0.00    100.00
17:46:22         15      0.00      0.00      0.00      0.00      0.00    100.00
17:46:22         16      0.00      0.00      0.00      0.00      0.00    100.00
17:46:22         17      0.00      0.00      0.00      0.00      0.00    100.00
17:46:22         18      0.00      0.00      0.00      0.00      0.00    100.00
17:46:22         19      0.00      0.00      0.00      0.00      0.00    100.00
17:46:22         20      0.00      0.00      0.00      0.00      0.00    100.00
17:46:22         21      0.00      0.00      0.00      0.00      0.00    100.00
17:46:22         22      0.00      0.00      0.00      0.00      0.00    100.00
17:46:22         23      0.00      0.00      0.00      0.00      0.00    100.00
17:46:22         24      0.00      0.00      0.00      0.00      0.00    100.00
17:46:22         25      0.00      0.00      0.00      0.00      0.00    100.00
17:46:22         26      0.00      0.00      0.00      0.00      0.00    100.00
17:46:22         27      0.00      0.00      0.00      0.00      0.00    100.00
17:46:22         28      0.00      0.00      0.00      0.00      0.00    100.00
17:46:22         29      0.00      0.00      0.00      0.00      0.00    100.00
17:46:22         30      0.00      0.00      0.00      0.00      0.00    100.00
17:46:22         31      0.00      0.00      0.00      0.00      0.00    100.00
17:46:22         32      0.00      0.00      0.00      0.00      0.00    100.00
17:46:22         33      0.00      0.00      0.00      0.00      0.00    100.00
17:46:22         34      0.00      0.00      0.00      0.00      0.00    100.00
17:46:22         35      0.00      0.00      0.00      0.00      0.00    100.00
17:46:22         36      0.00      0.00      0.00      0.00      0.00    100.00
17:46:22         37      0.00      0.00      0.00      0.00      0.00    100.00
17:46:22         38      0.00      0.00      0.00      0.00      0.00    100.00
17:46:22         39      0.00      0.00      0.00      0.00      0.00    100.00

17:46:22        CPU     %user     %nice   %system   %iowait    %steal     %idle
17:46:23        all      0.85      0.00      0.20      0.00      0.00     98.95
17:46:23          0      0.00      0.00      0.00      0.00      0.00    100.00
17:46:23          1      0.00      0.00      0.00      0.00      0.00    100.00
17:46:23          2      0.00      0.00      0.00      0.00      0.00    100.00
17:46:23          3      0.00      0.00      0.00      0.00      0.00    100.00
17:46:23          4     20.20      0.00      2.02      0.00      0.00     77.78
17:46:23          5      0.00      0.00      0.00      0.00      0.00    100.00
17:46:23          6      0.00      0.00      0.00      0.00      0.00    100.00
17:46:23          7      0.00      0.00      0.99      0.00      0.00     99.01
17:46:23          8      0.00      0.00      0.00      0.00      0.00    100.00
17:46:23          9      0.00      0.00      0.00      0.00      0.00    100.00
17:46:23         10      0.00      0.00      0.00      0.00      0.00    100.00
17:46:23         11      0.00      0.00      0.00      0.00      0.00    100.00
17:46:23         12      0.00      0.00      0.00      0.00      0.00    100.00
17:46:23         13      0.00      0.00      0.00      0.00      0.00    100.00
17:46:23         14      0.00      0.00      0.00      0.00      0.00    100.00
17:46:23         15      0.00      0.00      0.99      0.00      0.00     99.01
17:46:23         16      0.00      0.00      0.00      0.00      0.00    100.00
17:46:23         17      0.00      0.00      0.00      0.00      0.00    100.00
17:46:23         18      0.00      0.00      0.00      0.00      0.00    100.00
17:46:23         19      1.00      0.00      0.00      0.00      0.00     99.00
17:46:23         20      0.00      0.00      0.00      0.00      0.00    100.00
17:46:23         21      0.00      0.00      0.00      0.00      0.00    100.00
17:46:23         22      0.00      0.00      0.00      0.00      0.00    100.00
17:46:23         23      0.00      0.00      0.00      0.00      0.00    100.00
17:46:23         24      0.00      0.00      0.00      0.00      0.00    100.00
17:46:23         25      0.99      0.00      0.00      0.00      0.00     99.01
17:46:23         26      0.00      0.00      0.00      0.00      0.00    100.00
17:46:23         27      0.00      0.00      0.00      0.00      0.00    100.00
17:46:23         28      0.00      0.00      0.00      0.00      0.00    100.00
17:46:23         29     12.00      0.00      2.00      0.00      0.00     86.00
17:46:23         30      0.00      0.00      0.00      0.00      0.00    100.00
17:46:23         31      0.00      0.00      0.00      0.00      0.00    100.00
17:46:23         32      0.00      0.00      0.00      0.00      0.00    100.00
17:46:23         33      0.00      0.00      0.00      0.00      0.00    100.00
17:46:23         34      0.00      0.00      0.00      0.00      0.00    100.00
17:46:23         35      0.00      0.00      0.00      0.00      0.00    100.00
17:46:23         36      0.00      0.00      0.00      0.00      0.00    100.00
17:46:23         37      0.98      0.00      0.98      0.00      0.00     98.04
17:46:23         38      0.00      0.00      0.00      0.00      0.00    100.00
17:46:23         39      0.00      0.00      0.00      0.00      0.00    100.00
