Linux 6.6.23 (eternity2) 	05/23/25 	_x86_64_	(40 CPU)

17:45:57    kbmemfree   kbavail kbmemused  %memused kbbuffers  kbcached  kbcommit   %commit  kbactive   kbinact   kbdirty
17:45:58     64209520  63994948   1399432      2.13       244    305884   2060304      3.09    120068    279360      3532
17:45:59     64209828  63995256   1399124      2.13       244    305892   2060304      3.09    120068    278868       464
17:46:00     64209828  63995256   1399124      2.13       244    305896   2060304      3.09    120068    278916        20
17:46:01     64208768  63994416   1400184      2.13       244    306340   2061840      3.10    120068    279776       468
17:46:02     64207828  63993948   1401124      2.14       244    307296   2060304      3.09    120564    279808       780
17:46:03     64207828  63993948   1401124      2.14       244    307300   2060304      3.09    120564    279808       784
17:46:04     64207644  63993764   1401308      2.14       244    307304   2060304      3.09    120564    279808       788
17:46:05     64207644  63993764   1401308      2.14       244    307308   2060304      3.09    120564    279808       792
17:46:06     64207644  63993764   1401308      2.14       244    307312   2060304      3.09    120564    279808       796
17:46:07     64207644  63993764   1401308      2.14       244    307320   2060304      3.09    120564    279808       804
17:46:08     64207644  63993764   1401308      2.14       244    307324   2060304      3.09    120564    279808       808
17:46:09     64207644  63993764   1401308      2.14       244    307328   2060304      3.09    120564    279808       812
17:46:10     64203672  63989820   1405280      2.14       244    307332   2069076      3.11    120564    282972       816
17:46:11     64204760  63990968   1404192      2.14       244    307404   2060544      3.09    120604    288612      2596
17:46:12     64209356  63995720   1399596      2.13       244    307664   2060544      3.09    120608    280248      3088
17:46:13     64209364  63995728   1399588      2.13       244    307664   2060544      3.09    120608    280248      3088
17:46:14     64209364  63995728   1399588      2.13       244    307672   2060544      3.09    120608    280248      3096
17:46:15     64209364  63995728   1399588      2.13       244    307676   2060544      3.09    120608    280252       784
17:46:16     64209364  63995728   1399588      2.13       244    307680   2060544      3.09    120608    280252        20
17:46:17     64209364  63995728   1399588      2.13       244    307688   2060544      3.09    120608    280252        28
17:46:18     64209364  63995728   1399588      2.13       244    307692   2060544      3.09    120608    280252        32
17:46:19     64209364  63995728   1399588      2.13       244    307692   2060544      3.09    120608    280252        32
17:46:20     64209172  63995536   1399780      2.13       244    307696   2063168      3.10    120608    280688        52
17:46:21     64206232  63992600   1402720      2.14       244    307700   2060544      3.09    120592    280620      1324
17:46:22     64206364  63992800   1402588      2.14       244    307844   2060544      3.09    120676    280332      1348
17:46:23     64200820  63987260   1408132      2.15       244    307852   2069500      3.11    120684    286620      1560
