Linux 6.6.23 (eternity1) 	05/23/25 	_x86_64_	(40 CPU)

17:45:46    kbmemfree   kbavail kbmemused  %memused kbbuffers  kbcached  kbcommit   %commit  kbactive   kbinact   kbdirty
17:45:47     63845408  63659672   1763460      2.69         0    373880   2943264      4.42     59652    650856      5344
17:45:48     63844060  63658328   1764808      2.69         0    373884   2943264      4.42     59636    649360      5352
17:45:49     63844152  63658424   1764716      2.69         0    373888   2943264      4.42     59636    649408      5248
17:45:50     63845048  63659320   1763820      2.69         0    373896   2943264      4.42     59636    649408      5252
17:45:51     63845048  63659320   1763820      2.69         0    373900   2943264      4.42     59636    649408      5256
17:45:52     63845048  63659320   1763820      2.69         0    373904   2943264      4.42     59636    649408      5260
17:45:53     63845048  63659320   1763820      2.69         0    373908   2943264      4.42     59636    649408      5264
17:45:54     63845232  63659504   1763636      2.69         0    373912   2943264      4.42     59636    649408      2192
17:45:55     63845468  63659748   1763400      2.69         0    373920   2943264      4.42     59636    649340        76
17:45:56     63845468  63659748   1763400      2.69         0    373928   2943264      4.42     59636    649392        84
17:45:57     63845472  63659752   1763396      2.69         0    373928   2943264      4.42     59632    649260        84
17:45:58     63845312  63659592   1763556      2.69         0    373932   2943264      4.42     59636    649356        88
17:45:59     63842168  63656520   1766700      2.69         0    374076   2947820      4.43     59648    652104      1132
17:46:00     63847160  63661720   1761708      2.69         0    374452   2942716      4.42     59740    650996      1564
17:46:01     63847692  63662300   1761176      2.68         0    374532   2942716      4.42     59748    649388      1764
17:46:02     63846500  63661992   1762368      2.69         0    375852   2942716      4.42     60204    651128      2476
17:46:03     63846204  63661504   1762664      2.69         0    375920   2942716      4.42     60252    650248      2476
17:46:04     63846204  63661504   1762664      2.69         0    375924   2942716      4.42     60252    650248      2480
17:46:05     63846220  63661520   1762648      2.69         0    375928   2942716      4.42     60252    650248      2480
17:46:06     63846220  63661520   1762648      2.69         0    375940   2942716      4.42     60252    650248      2504
17:46:07     63846220  63661520   1762648      2.69         0    375948   2942716      4.42     60252    650248      2512
17:46:08     63846236  63661536   1762632      2.69         0    375948   2942716      4.42     60252    650248      2512
17:46:09     63846236  63661536   1762632      2.69         0    375952   2942716      4.42     60252    650248      2516
17:46:10     63846240  63661540   1762628      2.69         0    375956   2942716      4.42     60252    650248      2504
17:46:11     63843524  63658872   1765344      2.69         0    376012   2947116      4.42     60300    653452      2512
17:46:12     63844600  63659948   1764268      2.69         0    376016   2942716      4.42     60280    650332      2516
17:46:13     63844600  63659948   1764268      2.69         0    376016   2942716      4.42     60280    650332      2516
17:46:14     63844600  63659948   1764268      2.69         0    376024   2942716      4.42     60280    650332      2524
17:46:15     63844600  63659948   1764268      2.69         0    376028   2942716      4.42     60280    650332      2428
17:46:16     63844600  63659948   1764268      2.69         0    376036   2942716      4.42     60280    650332      2440
17:46:17     63844600  63659948   1764268      2.69         0    376040   2942716      4.42     60280    650332      2444
17:46:18     63844600  63659948   1764268      2.69         0    376044   2942716      4.42     60280    650332      2448
17:46:19     63844652  63660000   1764216      2.69         0    376044   2942716      4.42     60280    650332      2448
17:46:20     63844652  63660020   1764216      2.69         0    376052   2942716      4.42     60280    650372      2404
17:46:21     63844448  63659816   1764420      2.69         0    376064   2943264      4.42     60280    650896      2424
17:46:22     63844944  63660300   1763924      2.69         0    376080   2945608      4.42     60300    652260      2624
